Time	Channel A	Channel B
(ms)	(V)	(V)

0.00000000	3.23419000	-0.52196110
0.02000000	3.18989900	-0.52196110
0.04000000	3.18989900	-0.52196110
0.06000000	3.18989900	-0.43491630
0.08000000	3.23419000	-0.43491630
0.10000000	3.18989900	-0.43491630
0.12000000	3.23419000	-0.43491630
0.14000000	3.18989900	-0.43491630
0.16000000	3.18989900	-0.34787150
0.18000000	3.23419000	-0.43491630
0.19999999	3.18989900	-0.34787150
0.21999999	3.18989900	-0.34787150
0.23999999	3.23419000	-0.34787150
0.25999999	3.23419000	-0.34787150
0.27999999	3.18989900	-0.26082680
0.29999999	3.18989900	-0.26082680
0.31999999	3.18989900	-0.26082680
0.33999999	3.18989900	-0.26082680
0.35999999	3.18989900	-0.26082680
0.37999999	3.23419000	-0.26082680
0.39999999	3.18989900	-0.17378200
0.41999999	3.23419000	-0.17378200
0.43999999	3.23419000	-0.17378200
0.45999999	3.23419000	-0.08673721
0.47999999	3.18989900	-0.08673721
0.49999999	3.18989900	-0.08673721
0.51999999	3.18989900	-0.08673721
0.53999999	3.18989900	-0.08673721
0.55999999	3.23419000	0.00000000
0.57999999	3.23419000	0.00000000
0.59999998	3.18989900	0.00000000
0.61999998	3.23419000	0.00000000
0.63999998	3.23419000	0.00000000
0.65999998	3.18989900	0.08673721
0.67999998	3.18989900	0.08673721
0.69999998	3.18989900	0.17378200
0.71999998	3.18989900	0.17378200
0.73999998	3.18989900	0.17378200
0.75999998	3.18989900	0.17378200
0.77999998	3.18989900	0.17378200
0.79999998	3.18989900	0.26082680
0.81999998	3.14560800	0.26082680
0.83999998	3.14560800	0.26082680
0.85999998	3.14560800	0.26082680
0.87999998	3.10131600	0.26082680
0.89999998	3.10131600	0.34787150
0.91999998	3.10131600	0.34787150
0.93999998	3.05687100	0.34787150
0.95999998	3.05687100	0.43491630
0.97999998	3.01258000	0.43491630
0.99999997	3.01258000	0.43491630
1.01999997	3.01258000	0.43491630
1.03999997	2.96828900	0.43491630
1.05999997	2.92399700	0.52196110
1.07999997	2.92399700	0.52196110
1.09999997	2.87970600	0.52196110
1.11999997	2.87970600	0.52196110
1.13999997	2.83541500	0.60900590
1.15999997	2.83541500	0.60900590
1.17999997	2.79112300	0.60900590
1.19999997	2.79112300	0.60900590
1.21999997	2.74683200	0.69605070
1.23999997	2.70254100	0.69605070
1.25999997	2.65824900	0.69605070
1.27999997	2.65824900	0.69605070
1.29999997	2.61395800	0.78309550
1.31999997	2.61395800	0.78309550
1.33999997	2.56951300	0.78309550
1.35999997	2.52522100	0.78309550
1.37999997	2.52522100	0.78309550
1.39999996	2.48093000	0.78309550
1.41999996	2.43663900	0.86983270
1.43999996	2.39234700	0.86983270
1.45999996	2.34805600	0.95687750
1.47999996	2.30376500	0.95687750
1.49999996	2.30376500	0.95687750
1.51999996	2.25947300	0.95687750
1.53999996	2.21518200	0.95687750
1.55999996	2.12659900	1.04392200
1.57999996	2.12659900	1.04392200
1.59999996	2.12659900	1.04392200
1.61999996	2.08230800	1.04392200
1.63999996	1.99357200	1.04392200
1.65999996	1.99357200	1.13096700
1.67999996	1.94928000	1.13096700
1.69999996	1.90498900	1.13096700
1.71999996	1.90498900	1.13096700
1.73999996	1.81640600	1.21801200
1.75999996	1.81640600	1.21801200
1.77999996	1.77211500	1.21801200
1.79999995	1.72782400	1.21801200
1.81999995	1.68353200	1.30505700
1.83999995	1.68353200	1.30505700
1.85999995	1.63924100	1.30505700
1.87999995	1.63924100	1.30505700
1.89999995	1.59495000	1.39210100
1.91999995	1.50621300	1.39210100
1.93999995	1.55065800	1.39210100
1.95999995	1.50621300	1.39210100
1.97999995	1.46192200	1.47914600
1.99999995	1.41763000	1.47914600
2.01999995	1.46192200	1.47914600
2.03999995	1.41763000	1.56619100
2.05999995	1.41763000	1.47914600
2.07999995	1.37333900	1.56619100
2.09999995	1.37333900	1.56619100
2.11999995	1.32904800	1.65323600
2.13999995	1.32904800	1.65323600
2.15999995	1.32904800	1.65323600
2.17999994	1.32904800	1.65323600
2.19999994	1.32904800	1.65323600
2.21999994	1.28475600	1.65323600
2.23999994	1.32904800	1.73997300
2.25999994	1.32904800	1.73997300
2.27999994	1.28475600	1.73997300
2.29999994	1.32904800	1.73997300
2.31999994	1.32904800	1.73997300
2.33999994	1.32904800	1.82701800
2.35999994	1.32904800	1.82701800
2.37999994	1.32904800	1.82701800
2.39999994	1.37333900	1.91406300
2.41999994	1.37333900	1.91406300
2.43999994	1.41763000	1.91406300
2.45999994	1.41763000	1.91406300
2.47999994	1.41763000	1.91406300
2.49999994	1.46192200	2.00110700
2.51999994	1.50621300	2.00110700
2.53999994	1.50621300	2.00110700
2.55999994	1.55065800	2.08815200
2.57999993	1.59495000	2.08815200
2.59999993	1.59495000	2.08815200
2.61999993	1.63924100	2.08815200
2.63999993	1.68353200	2.08815200
2.65999993	1.68353200	2.08815200
2.67999993	1.72782400	2.17519700
2.69999993	1.81640600	2.17519700
2.71999993	1.81640600	2.26224200
2.73999993	1.90498900	2.26224200
2.75999993	1.90498900	2.26224200
2.77999993	1.94928000	2.26224200
2.79999993	1.99357200	2.26224200
2.81999993	2.03786300	2.26224200
2.83999993	2.08230800	2.34928600
2.85999993	2.12659900	2.34928600
2.87999993	2.17089100	2.34928600
2.89999993	2.21518200	2.43633100
2.91999993	2.25947300	2.43633100
2.93999993	2.25947300	2.43633100
2.95999993	2.34805600	2.43633100
2.97999992	2.39234700	2.43633100
2.99999992	2.43663900	2.52337600
3.01999992	2.43663900	2.52337600
3.03999992	2.48093000	2.52337600
3.05999992	2.52522100	2.61011300
3.07999992	2.61395800	2.61011300
3.09999992	2.61395800	2.61011300
3.11999992	2.65824900	2.61011300
3.13999992	2.70254100	2.61011300
3.15999992	2.70254100	2.69715800
3.17999992	2.74683200	2.69715800
3.19999992	2.79112300	2.69715800
3.21999992	2.79112300	2.69715800
3.23999992	2.83541500	2.69715800
3.25999992	2.87970600	2.78420300
3.27999992	2.87970600	2.78420300
3.29999992	2.92399700	2.78420300
3.31999992	2.96828900	2.78420300
3.33999992	2.96828900	2.87124800
3.35999992	2.96828900	2.87124800
3.37999991	3.01258000	2.87124800
3.39999991	3.01258000	2.87124800
3.41999991	3.01258000	2.95829200
3.43999991	3.05687100	2.95829200
3.45999991	3.05687100	2.95829200
3.47999991	3.01258000	2.95829200
3.49999991	3.05687100	3.04533700
3.51999991	3.05687100	3.04533700
3.53999991	3.05687100	3.04533700
3.55999991	3.05687100	3.04533700
3.57999991	3.05687100	3.04533700
3.59999991	3.01258000	3.13238200
3.61999991	3.01258000	3.13238200
3.63999991	2.96828900	3.13238200
3.65999991	3.01258000	3.13238200
3.67999991	2.96828900	3.21942700
3.69999991	2.96828900	3.21942700
3.71999991	2.92399700	3.21942700
3.73999991	2.92399700	3.30647100
3.75999991	2.92399700	3.30647100
3.77999990	2.87970600	3.30647100
3.79999990	2.83541500	3.30647100
3.81999990	2.79112300	3.30647100
3.83999990	2.74683200	3.39351600
3.85999990	2.74683200	3.39351600
3.87999990	2.70254100	3.39351600
3.89999990	2.65824900	3.39351600
3.91999990	2.65824900	3.48025300
3.93999990	2.61395800	3.48025300
3.95999990	2.56951300	3.48025300
3.97999990	2.52522100	3.48025300
3.99999990	2.48093000	3.48025300
4.01999990	2.43663900	3.56729800
4.03999990	2.39234700	3.56729800
4.05999990	2.34805600	3.56729800
4.07999990	2.30376500	3.56729800
4.09999990	2.25947300	3.65434300
4.11999990	2.21518200	3.65434300
4.13999990	2.17089100	3.65434300
4.15999989	2.12659900	3.65434300
4.17999989	2.08230800	3.74138800
4.19999989	2.03786300	3.74138800
4.21999989	1.99357200	3.74138800
4.23999989	1.94928000	3.74138800
4.25999989	1.86069800	3.74138800
4.27999989	1.86069800	3.82843300
4.29999989	1.86069800	3.82843300
4.31999989	1.77211500	3.82843300
4.33999989	1.77211500	3.91547700
4.35999989	1.72782400	3.82843300
4.37999989	1.68353200	3.91547700
4.39999989	1.63924100	3.91547700
4.41999989	1.59495000	3.91547700
4.43999989	1.63924100	4.00252200
4.45999989	1.59495000	4.00252200
4.47999989	1.55065800	4.00252200
4.49999989	1.50621300	4.00252200
4.51999989	1.50621300	4.08956700
4.53999989	1.46192200	4.08956700
4.55999988	1.46192200	4.08956700
4.57999988	1.46192200	4.08956700
4.59999988	1.41763000	4.17661200
4.61999988	1.41763000	4.17661200
4.63999988	1.41763000	4.17661200
4.65999988	1.37333900	4.17661200
4.67999988	1.37333900	4.26365700
4.69999988	1.37333900	4.26365700
4.71999988	1.37333900	4.26365700
4.73999988	1.37333900	4.26365700
4.75999988	1.37333900	4.26365700
4.77999988	1.37333900	4.26365700
4.79999988	1.37333900	4.35039400
4.81999988	1.41763000	4.35039400
4.83999988	1.37333900	4.35039400
4.85999988	1.41763000	4.43743800
4.87999988	1.41763000	4.43743800
4.89999988	1.46192200	4.43743800
4.91999988	1.46192200	4.43743800
4.93999988	1.50621300	4.52448300
4.95999987	1.50621300	4.52448300
4.97999987	1.55065800	4.52448300
4.99999987	1.55065800	4.61152800
5.01999987	1.55065800	4.61152800
5.03999987	1.59495000	4.61152800
5.05999987	1.68353200	4.61152800
5.07999987	1.63924100	4.61152800
5.09999987	1.68353200	4.61152800
5.11999987	1.77211500	4.69857300
5.13999987	1.81640600	4.69857300
5.15999987	1.81640600	4.69857300
5.17999987	1.86069800	4.69857300
5.19999987	1.86069800	4.78561800
5.21999987	1.90498900	4.78561800
5.23999987	1.94928000	4.78561800
5.25999987	1.99357200	4.78561800
5.27999987	2.03786300	4.78561800
5.29999987	2.08230800	4.87266300
5.31999987	2.12659900	4.87266300
5.33999987	2.17089100	4.87266300
5.35999986	2.21518200	4.87266300
5.37999986	2.25947300	4.95970700
5.39999986	2.30376500	4.95970700
5.41999986	2.30376500	4.87266300
5.43999986	2.34805600	4.87266300
5.45999986	2.39234700	4.87266300
5.47999986	2.43663900	4.87266300
5.49999986	2.52522100	4.78561800
5.51999986	2.48093000	4.78561800
5.53999986	2.52522100	4.78561800
5.55999986	2.52522100	4.78561800
5.57999986	2.61395800	4.69857300
5.59999986	2.61395800	4.69857300
5.61999986	2.61395800	4.69857300
5.63999986	2.65824900	4.69857300
5.65999986	2.65824900	4.69857300
5.67999986	2.70254100	4.61152800
5.69999986	2.74683200	4.61152800
5.71999986	2.70254100	4.61152800
5.73999985	2.74683200	4.61152800
5.75999985	2.74683200	4.52448300
5.77999985	2.74683200	4.52448300
5.79999985	2.74683200	4.52448300
5.81999985	2.79112300	4.52448300
5.83999985	2.74683200	4.43743800
5.85999985	2.79112300	4.43743800
5.87999985	2.79112300	4.43743800
5.89999985	2.74683200	4.35039400
5.91999985	2.79112300	4.35039400
5.93999985	2.79112300	4.35039400
5.95999985	2.74683200	4.35039400
5.97999985	2.74683200	4.35039400
5.99999985	2.74683200	4.26365700
6.01999985	2.74683200	4.26365700
6.03999985	2.70254100	4.26365700
6.05999985	2.74683200	4.26365700
6.07999985	2.70254100	4.26365700
6.09999985	2.65824900	4.17661200
6.11999985	2.65824900	4.17661200
6.13999984	2.61395800	4.17661200
6.15999984	2.65824900	4.08956700
6.17999984	2.61395800	4.08956700
6.19999984	2.61395800	4.08956700
6.21999984	2.56951300	4.08956700
6.23999984	2.56951300	4.08956700
6.25999984	2.52522100	4.08956700
6.27999984	2.52522100	4.00252200
6.29999984	2.48093000	4.00252200
6.31999984	2.43663900	4.00252200
6.33999984	2.43663900	3.91547700
6.35999984	2.39234700	3.91547700
6.37999984	2.34805600	3.91547700
6.39999984	2.30376500	3.91547700
6.41999984	2.30376500	3.82843300
6.43999984	2.30376500	3.82843300
6.45999984	2.25947300	3.82843300
6.47999984	2.21518200	3.74138800
6.49999984	2.21518200	3.74138800
6.51999984	2.17089100	3.74138800
6.53999983	2.12659900	3.74138800
6.55999983	2.08230800	3.74138800
6.57999983	2.03786300	3.74138800
6.59999983	1.99357200	3.65434300
6.61999983	1.99357200	3.65434300
6.63999983	1.94928000	3.65434300
6.65999983	1.90498900	3.65434300
6.67999983	1.86069800	3.56729800
6.69999983	1.86069800	3.56729800
6.71999983	1.81640600	3.56729800
6.73999983	1.77211500	3.56729800
6.75999983	1.72782400	3.48025300
6.77999983	1.72782400	3.48025300
6.79999983	1.68353200	3.48025300
6.81999983	1.63924100	3.48025300
6.83999983	1.63924100	3.39351600
6.85999983	1.59495000	3.39351600
6.87999983	1.55065800	3.39351600
6.89999983	1.50621300	3.39351600
6.91999983	1.50621300	3.39351600
6.93999982	1.50621300	3.30647100
6.95999982	1.50621300	3.30647100
6.97999982	1.41763000	3.30647100
6.99999982	1.37333900	3.30647100
7.01999982	1.41763000	3.21942700
7.03999982	1.37333900	3.21942700
7.05999982	1.32904800	3.21942700
7.07999982	1.32904800	3.13238200
7.09999982	1.32904800	3.13238200
7.11999982	1.28475600	3.13238200
7.13999982	1.28475600	3.13238200
7.15999982	1.28475600	3.13238200
7.17999982	1.24046500	3.04533700
7.19999982	1.24046500	3.04533700
7.21999982	1.24046500	3.04533700
7.23999982	1.24046500	3.04533700
7.25999982	1.24046500	3.04533700
7.27999982	1.24046500	2.95829200
7.29999982	1.24046500	2.95829200
7.31999982	1.24046500	2.95829200
7.33999981	1.24046500	2.87124800
7.35999981	1.24046500	2.95829200
7.37999981	1.24046500	2.87124800
7.39999981	1.24046500	2.87124800
7.41999981	1.28475600	2.87124800
7.43999981	1.28475600	2.78420300
7.45999981	1.28475600	2.78420300
7.47999981	1.32904800	2.78420300
7.49999981	1.32904800	2.69715800
7.51999981	1.32904800	2.69715800
7.53999981	1.32904800	2.69715800
7.55999981	1.37333900	2.69715800
7.57999981	1.37333900	2.69715800
7.59999981	1.41763000	2.69715800
7.61999981	1.46192200	2.61011300
7.63999981	1.46192200	2.61011300
7.65999981	1.46192200	2.61011300
7.67999981	1.50621300	2.61011300
7.69999981	1.55065800	2.52337600
7.71999980	1.55065800	2.52337600
7.73999980	1.59495000	2.52337600
7.75999980	1.68353200	2.43633100
7.77999980	1.68353200	2.43633100
7.79999980	1.68353200	2.43633100
7.81999980	1.77211500	2.43633100
7.83999980	1.81640600	2.43633100
7.85999980	1.81640600	2.34928600
7.87999980	1.90498900	2.34928600
7.89999980	1.90498900	2.34928600
7.91999980	1.99357200	2.34928600
7.93999980	1.99357200	2.26224200
7.95999980	2.03786300	2.26224200
7.97999980	2.08230800	2.26224200
7.99999980	2.12659900	2.26224200
8.01999980	2.17089100	2.17519700
8.03999980	2.21518200	2.17519700
8.05999980	2.25947300	2.17519700
8.07999980	2.34805600	2.17519700
8.09999980	2.34805600	2.08815200
8.11999979	2.39234700	2.08815200
8.13999979	2.39234700	2.08815200
8.15999979	2.48093000	2.08815200
8.17999979	2.48093000	2.08815200
8.19999979	2.52522100	2.00110700
8.21999979	2.56951300	2.00110700
8.23999979	2.61395800	2.00110700
8.25999979	2.65824900	2.00110700
8.27999979	2.70254100	1.91406300
8.29999979	2.70254100	1.91406300
8.31999979	2.79112300	1.91406300
8.33999979	2.79112300	1.91406300
8.35999979	2.79112300	1.82701800
8.37999979	2.83541500	1.82701800
8.39999979	2.87970600	1.82701800
8.41999979	2.87970600	1.82701800
8.43999979	2.92399700	1.82701800
8.45999979	2.96828900	1.73997300
8.47999979	2.96828900	1.73997300
8.49999979	2.96828900	1.73997300
8.51999978	3.01258000	1.65323600
8.53999978	3.01258000	1.73997300
8.55999978	3.01258000	1.65323600
8.57999978	3.05687100	1.65323600
8.59999978	3.05687100	1.65323600
8.61999978	3.05687100	1.56619100
8.63999978	3.05687100	1.56619100
8.65999978	3.05687100	1.56619100
8.67999978	3.10131600	1.56619100
8.69999978	3.05687100	1.47914600
8.71999978	3.05687100	1.47914600
8.73999978	3.05687100	1.47914600
8.75999978	3.05687100	1.47914600
8.77999978	3.05687100	1.39210100
8.79999978	3.05687100	1.39210100
8.81999978	3.01258000	1.39210100
8.83999978	3.01258000	1.39210100
8.85999978	2.96828900	1.30505700
8.87999978	2.96828900	1.30505700
8.89999978	2.96828900	1.30505700
8.91999977	2.92399700	1.30505700
8.93999977	2.92399700	1.21801200
8.95999977	2.87970600	1.21801200
8.97999977	2.83541500	1.21801200
8.99999977	2.79112300	1.21801200
9.01999977	2.79112300	1.13096700
9.03999977	2.70254100	1.13096700
9.05999977	2.70254100	1.13096700
9.07999977	2.70254100	1.13096700
9.09999977	2.61395800	1.13096700
9.11999977	2.56951300	1.04392200
9.13999977	2.52522100	1.04392200
9.15999977	2.48093000	1.04392200
9.17999977	2.43663900	1.04392200
9.19999977	2.43663900	0.95687750
9.21999977	2.34805600	0.95687750
9.23999977	2.30376500	0.95687750
9.25999977	2.25947300	0.95687750
9.27999977	2.21518200	0.86983270
9.29999977	2.21518200	0.86983270
9.31999976	2.12659900	0.86983270
9.33999976	2.08230800	0.86983270
9.35999976	2.08230800	0.78309550
9.37999976	1.99357200	0.78309550
9.39999976	1.94928000	0.78309550
9.41999976	1.94928000	0.78309550
9.43999976	1.86069800	0.78309550
9.45999976	1.81640600	0.78309550
9.47999976	1.77211500	0.69605070
9.49999976	1.77211500	0.69605070
9.51999976	1.72782400	0.69605070
9.53999976	1.68353200	0.60900590
9.55999976	1.59495000	0.60900590
9.57999976	1.59495000	0.60900590
9.59999976	1.59495000	0.60900590
9.61999976	1.55065800	0.52196110
9.63999976	1.55065800	0.52196110
9.65999976	1.55065800	0.52196110
9.67999976	1.50621300	0.52196110
9.69999975	1.46192200	0.43491630
9.71999975	1.41763000	0.43491630
9.73999975	1.46192200	0.43491630
9.75999975	1.46192200	0.43491630
9.77999975	1.46192200	0.34787150
9.79999975	1.46192200	0.34787150
9.81999975	1.41763000	0.34787150
9.83999975	1.41763000	0.34787150
9.85999975	1.46192200	0.26082680
9.87999975	1.46192200	0.26082680
9.89999975	1.46192200	0.26082680
9.91999975	1.46192200	0.26082680
9.93999975	1.46192200	0.26082680
9.95999975	1.46192200	0.17378200
9.97999975	1.50621300	0.17378200
9.99999975	1.55065800	0.17378200
10.01999975	1.55065800	0.17378200
10.03999975	1.59495000	0.08673721
10.05999975	1.59495000	0.08673721
10.07999975	1.63924100	0.08673721
10.09999974	1.68353200	0.00000000
10.11999974	1.68353200	0.08673721
10.13999974	1.72782400	0.00000000
10.15999974	1.77211500	0.00000000
10.17999974	1.81640600	-0.08673721
10.19999974	1.81640600	-0.08673721
10.21999974	1.86069800	-0.08673721
10.23999974	1.90498900	-0.08673721
10.25999974	1.94928000	-0.08673721
10.27999974	1.99357200	-0.08673721
10.29999974	2.03786300	-0.08673721
10.31999974	2.08230800	-0.17378200
10.33999974	2.12659900	-0.17378200
10.35999974	2.12659900	-0.17378200
10.37999974	2.21518200	-0.26082680
10.39999974	2.21518200	-0.26082680
10.41999974	2.30376500	-0.26082680
10.43999974	2.30376500	-0.26082680
10.45999974	2.34805600	-0.26082680
10.47999974	2.34805600	-0.34787150
10.49999973	2.39234700	-0.34787150
10.51999973	2.43663900	-0.34787150
10.53999973	2.43663900	-0.34787150
10.55999973	2.48093000	-0.34787150
10.57999973	2.48093000	-0.43491630
10.59999973	2.52522100	-0.43491630
10.61999973	2.56951300	-0.43491630
10.63999973	2.61395800	-0.43491630
10.65999973	2.61395800	-0.43491630
10.67999973	2.65824900	-0.52196110
10.69999973	2.65824900	-0.52196110
10.71999973	2.70254100	-0.52196110
10.73999973	2.70254100	-0.52196110
10.75999973	2.74683200	-0.52196110
10.77999973	2.79112300	-0.60900590
10.79999973	2.79112300	-0.60900590
10.81999973	2.79112300	-0.60900590
10.83999973	2.79112300	-0.60900590
10.85999973	2.83541500	-0.69605070
10.87999973	2.83541500	-0.60900590
10.89999972	2.87970600	-0.69605070
10.91999972	2.87970600	-0.69605070
10.93999972	2.92399700	-0.69605070
10.95999972	2.92399700	-0.69605070
10.97999972	2.92399700	-0.78309550
10.99999972	2.96828900	-0.78309550
11.01999972	2.96828900	-0.78309550
11.03999972	2.92399700	-0.78309550
11.05999972	2.96828900	-0.86983270
11.07999972	3.01258000	-0.86983270
11.09999972	3.01258000	-0.86983270
11.11999972	3.01258000	-0.86983270
11.13999972	3.01258000	-0.86983270
11.15999972	3.01258000	-0.86983270
11.17999972	3.05687100	-0.95687750
11.19999972	3.05687100	-0.95687750
11.21999972	3.05687100	-0.95687750
11.23999972	3.05687100	-0.95687750
11.25999972	3.05687100	-0.95687750
11.27999972	3.05687100	-1.04392200
11.29999971	3.10131600	-1.04392200
11.31999971	3.10131600	-1.04392200
11.33999971	3.10131600	-1.04392200
11.35999971	3.14560800	-1.04392200
11.37999971	3.10131600	-1.13096700
11.39999971	3.14560800	-1.13096700
11.41999971	3.14560800	-1.13096700
11.43999971	3.14560800	-1.13096700
11.45999971	3.14560800	-1.13096700
11.47999971	3.14560800	-1.13096700
11.49999971	3.18989900	-1.21801200
11.51999971	3.14560800	-1.21801200
11.53999971	3.18989900	-1.21801200
11.55999971	3.18989900	-1.30505700
11.57999971	3.18989900	-1.30505700
11.59999971	3.18989900	-1.30505700
11.61999971	3.18989900	-1.30505700
11.63999971	3.18989900	-1.30505700
11.65999971	3.18989900	-1.30505700
11.67999970	3.18989900	-1.39210100
11.69999970	3.18989900	-1.39210100
11.71999970	3.18989900	-1.39210100
11.73999970	3.23419000	-1.39210100
11.75999970	3.23419000	-1.47914600
11.77999970	3.18989900	-1.47914600
11.79999970	3.23419000	-1.47914600
11.81999970	3.23419000	-1.47914600
11.83999970	3.23419000	-1.47914600
11.85999970	3.23419000	-1.47914600
11.87999970	3.23419000	-1.47914600
11.89999970	3.23419000	-1.56619100
11.91999970	3.27848200	-1.56619100
11.93999970	3.27848200	-1.56619100
11.95999970	3.27848200	-1.65323600
11.97999970	3.27848200	-1.56619100
11.99999970	3.27848200	-1.65323600
12.01999970	3.27848200	-1.65323600
12.03999970	3.27848200	-1.65323600
12.05999970	3.27848200	-1.65323600
12.07999969	3.27848200	-1.65323600
12.09999969	3.32277300	-1.73997300
12.11999969	3.27848200	-1.73997300
12.13999969	3.27848200	-1.73997300
12.15999969	3.27848200	-1.73997300
12.17999969	3.27848200	-1.82701800
12.19999969	3.27848200	-1.82701800
12.21999969	3.32277300	-1.82701800
12.23999969	3.27848200	-1.82701800
12.25999969	3.32277300	-1.82701800
12.27999969	3.27848200	-1.82701800
12.29999969	3.32277300	-1.91406300
12.31999969	3.27848200	-1.91406300
12.33999969	3.27848200	-1.91406300
12.35999969	3.32277300	-1.91406300
12.37999969	3.32277300	-1.91406300
12.39999969	3.27848200	-2.00110700
12.41999969	3.32277300	-2.00110700
12.43999969	3.32277300	-2.00110700
12.45999969	3.32277300	-2.00110700
12.47999968	3.32277300	-2.00110700
12.49999968	3.32277300	-2.08815200
12.51999968	3.36706400	-2.08815200
12.53999968	3.36706400	-2.08815200
12.55999968	3.32277300	-2.08815200
12.57999968	3.32277300	-2.08815200
12.59999968	3.32277300	-2.17519700
12.61999968	3.32277300	-2.17519700
12.63999968	3.32277300	-2.17519700
12.65999968	3.32277300	-2.17519700
12.67999968	3.32277300	-2.26224200
12.69999968	3.32277300	-2.26224200
12.71999968	3.32277300	-2.26224200
12.73999968	3.36706400	-2.26224200
12.75999968	3.32277300	-2.26224200
12.77999968	3.32277300	-2.34928600
12.79999968	3.32277300	-2.34928600
12.81999968	3.32277300	-2.34928600
12.83999968	3.32277300	-2.34928600
12.85999968	3.36706400	-2.34928600
12.87999967	3.36706400	-2.43633100
12.89999967	3.32277300	-2.43633100
12.91999967	3.32277300	-2.43633100
12.93999967	3.32277300	-2.43633100
12.95999967	3.32277300	-2.43633100
12.97999967	3.32277300	-2.43633100
12.99999967	3.32277300	-2.52337600
13.01999967	3.36706400	-2.52337600
13.03999967	3.32277300	-2.52337600
13.05999967	3.36706400	-2.61011300
13.07999967	3.32277300	-2.61011300
13.09999967	3.32277300	-2.52337600
13.11999967	3.32277300	-2.61011300
13.13999967	3.32277300	-2.61011300
13.15999967	3.36706400	-2.61011300
13.17999967	3.32277300	-2.69715800
13.19999967	3.36706400	-2.69715800
13.21999967	3.32277300	-2.69715800
13.23999967	3.36706400	-2.69715800
13.25999967	3.32277300	-2.69715800
13.27999966	3.32277300	-2.69715800
13.29999966	3.41135600	-2.78420300
13.31999966	3.36706400	-2.78420300
13.33999966	3.32277300	-2.78420300
13.35999966	3.32277300	-2.78420300
13.37999966	3.36706400	-2.87124800
13.39999966	3.32277300	-2.87124800
13.41999966	3.36706400	-2.87124800
13.43999966	3.36706400	-2.87124800
13.45999966	3.36706400	-2.87124800
13.47999966	3.36706400	-2.87124800
13.49999966	3.36706400	-2.95829200
13.51999966	3.36706400	-2.95829200
13.53999966	3.36706400	-2.95829200
13.55999966	3.41135600	-2.95829200
13.57999966	3.36706400	-2.95829200
13.59999966	3.36706400	-3.04533700
13.61999966	3.36706400	-3.04533700
13.63999966	3.36706400	-3.04533700
13.65999965	3.41135600	-3.04533700
13.67999965	3.36706400	-3.04533700
13.69999965	3.36706400	-3.04533700
13.71999965	3.36706400	-3.13238200
13.73999965	3.36706400	-3.13238200
13.75999965	3.36706400	-3.13238200
13.77999965	3.41135600	-3.13238200
13.79999965	3.36706400	-3.13238200
13.81999965	3.36706400	-3.21942700
13.83999965	3.36706400	-3.21942700
13.85999965	3.41135600	-3.21942700
13.87999965	3.36706400	-3.21942700
13.89999965	3.41135600	-3.30647100
13.91999965	3.36706400	-3.30647100
13.93999965	3.41135600	-3.30647100
13.95999965	3.41135600	-3.30647100
13.97999965	3.41135600	-3.30647100
13.99999965	3.36706400	-3.30647100
14.01999965	3.36706400	-3.39351600
14.03999965	3.36706400	-3.39351600
14.05999964	3.41135600	-3.39351600
14.07999964	3.36706400	-3.39351600
14.09999964	3.36706400	-3.48025300
14.11999964	3.36706400	-3.48025300
14.13999964	3.36706400	-3.48025300
14.15999964	3.36706400	-3.48025300
14.17999964	3.36706400	-3.48025300
14.19999964	3.41135600	-3.48025300
14.21999964	3.41135600	-3.56729800
14.23999964	3.36706400	-3.56729800
14.25999964	3.36706400	-3.56729800
14.27999964	3.36706400	-3.56729800
14.29999964	3.36706400	-3.65434300
14.31999964	3.36706400	-3.56729800
14.33999964	3.36706400	-3.65434300
14.35999964	3.36706400	-3.65434300
14.37999964	3.36706400	-3.65434300
14.39999964	3.36706400	-3.65434300
14.41999964	3.36706400	-3.74138800
14.43999964	3.36706400	-3.74138800
14.45999963	3.36706400	-3.74138800
14.47999963	3.36706400	-3.74138800
14.49999963	3.36706400	-3.74138800
14.51999963	3.36706400	-3.82843300
14.53999963	3.36706400	-3.82843300
14.55999963	3.36706400	-3.82843300
14.57999963	3.36706400	-3.82843300
14.59999963	3.36706400	-3.82843300
14.61999963	3.36706400	-3.82843300
14.63999963	3.36706400	-3.91547700
14.65999963	3.32277300	-3.91547700
14.67999963	3.36706400	-3.91547700
14.69999963	3.36706400	-3.91547700
14.71999963	3.32277300	-4.00252200
14.73999963	3.36706400	-4.00252200
14.75999963	3.36706400	-4.00252200
14.77999963	3.36706400	-4.00252200
14.79999963	3.36706400	-4.00252200
14.81999963	3.36706400	-4.08956700
14.83999963	3.36706400	-4.08956700
14.85999962	3.36706400	-4.08956700
14.87999962	3.36706400	-4.08956700
14.89999962	3.36706400	-4.08956700
14.91999962	3.36706400	-4.08956700
14.93999962	3.36706400	-4.17661200
14.95999962	3.36706400	-4.17661200
14.97999962	3.36706400	-4.17661200
14.99999962	3.36706400	-4.17661200
15.01999962	3.36706400	-4.17661200
15.03999962	3.36706400	-4.08956700
15.05999962	3.41135600	-4.08956700
15.07999962	3.36706400	-4.08956700
15.09999962	3.41135600	-4.08956700
15.11999962	3.41135600	-4.08956700
15.13999962	3.36706400	-4.00252200
15.15999962	3.36706400	-4.00252200
15.17999962	3.36706400	-4.00252200
15.19999962	3.36706400	-4.00252200
15.21999962	3.36706400	-3.91547700
15.23999962	3.41135600	-4.00252200
15.25999961	3.41135600	-3.91547700
15.27999961	3.41135600	-3.91547700
15.29999961	3.41135600	-3.91547700
15.31999961	3.41135600	-3.82843300
15.33999961	3.41135600	-3.82843300
15.35999961	3.41135600	-3.82843300
15.37999961	3.41135600	-3.82843300
15.39999961	3.41135600	-3.82843300
15.41999961	3.41135600	-3.82843300
15.43999961	3.36706400	-3.82843300
15.45999961	3.41135600	-3.74138800
15.47999961	3.41135600	-3.74138800
15.49999961	3.41135600	-3.74138800
15.51999961	3.41135600	-3.74138800
15.53999961	3.41135600	-3.65434300
15.55999961	3.41135600	-3.65434300
15.57999961	3.41135600	-3.65434300
15.59999961	3.41135600	-3.65434300
15.61999961	3.41135600	-3.56729800
15.63999960	3.41135600	-3.56729800
15.65999960	3.41135600	-3.56729800
15.67999960	3.41135600	-3.56729800
15.69999960	3.36706400	-3.56729800
15.71999960	3.45564700	-3.56729800
15.73999960	3.41135600	-3.48025300
15.75999960	3.41135600	-3.48025300
15.77999960	3.41135600	-3.48025300
15.79999960	3.41135600	-3.48025300
15.81999960	3.41135600	-3.48025300
15.83999960	3.41135600	-3.39351600
15.85999960	3.41135600	-3.39351600
15.87999960	3.41135600	-3.39351600
15.89999960	3.41135600	-3.39351600
15.91999960	3.45564700	-3.30647100
15.93999960	3.41135600	-3.39351600
15.95999960	3.41135600	-3.30647100
15.97999960	3.41135600	-3.30647100
15.99999960	3.41135600	-3.30647100
16.01999960	3.41135600	-3.21942700
16.03999959	3.45564700	-3.21942700
16.05999959	3.41135600	-3.21942700
16.07999959	3.41135600	-3.21942700
16.09999959	3.41135600	-3.21942700
16.11999959	3.41135600	-3.21942700
16.13999959	3.41135600	-3.13238200
16.15999959	3.41135600	-3.13238200
16.17999959	3.45564700	-3.13238200
16.19999959	3.41135600	-3.13238200
16.21999959	3.45564700	-3.13238200
16.23999959	3.41135600	-3.04533700
16.25999959	3.41135600	-3.04533700
16.27999959	3.41135600	-3.04533700
16.29999959	3.41135600	-3.04533700
16.31999959	3.45564700	-2.95829200
16.33999959	3.45564700	-3.04533700
16.35999959	3.45564700	-2.95829200
16.37999959	3.41135600	-2.95829200
16.39999959	3.41135600	-2.95829200
16.41999959	3.45564700	-2.95829200
16.43999958	3.45564700	-2.95829200
16.45999958	3.41135600	-2.87124800
16.47999958	3.45564700	-2.87124800
16.49999958	3.45564700	-2.87124800
16.51999958	3.45564700	-2.87124800
16.53999958	3.45564700	-2.87124800
16.55999958	3.45564700	-2.78420300
16.57999958	3.45564700	-2.78420300
16.59999958	3.41135600	-2.78420300
16.61999958	3.41135600	-2.78420300
16.63999958	3.41135600	-2.69715800
16.65999958	3.45564700	-2.69715800
16.67999958	3.45564700	-2.69715800
16.69999958	3.41135600	-2.69715800
16.71999958	3.41135600	-2.69715800
16.73999958	3.41135600	-2.61011300
16.75999958	3.45564700	-2.61011300
16.77999958	3.45564700	-2.61011300
16.79999958	3.45564700	-2.61011300
16.81999958	3.45564700	-2.52337600
16.83999957	3.41135600	-2.52337600
16.85999957	3.45564700	-2.52337600
16.87999957	3.41135600	-2.52337600
16.89999957	3.41135600	-2.52337600
16.91999957	3.45564700	-2.52337600
16.93999957	3.41135600	-2.43633100
16.95999957	3.45564700	-2.43633100
16.97999957	3.41135600	-2.43633100
16.99999957	3.45564700	-2.43633100
17.01999957	3.45564700	-2.34928600
17.03999957	3.41135600	-2.34928600
17.05999957	3.41135600	-2.34928600
17.07999957	3.41135600	-2.34928600
17.09999957	3.41135600	-2.34928600
17.11999957	3.45564700	-2.34928600
17.13999957	3.49993800	-2.34928600
17.15999957	3.45564700	-2.26224200
17.17999957	3.45564700	-2.26224200
17.19999957	3.41135600	-2.26224200
17.21999956	3.41135600	-2.26224200
17.23999956	3.41135600	-2.17519700
17.25999956	3.41135600	-2.17519700
17.27999956	3.45564700	-2.17519700
17.29999956	3.41135600	-2.17519700
17.31999956	3.41135600	-2.17519700
17.33999956	3.41135600	-2.08815200
17.35999956	3.45564700	-2.08815200
17.37999956	3.41135600	-2.08815200
17.39999956	3.45564700	-2.08815200
17.41999956	3.45564700	-2.08815200
17.43999956	3.45564700	-2.08815200
17.45999956	3.41135600	-2.00110700
17.47999956	3.41135600	-2.00110700
17.49999956	3.41135600	-1.91406300
17.51999956	3.45564700	-1.91406300
17.53999956	3.41135600	-1.91406300
17.55999956	3.41135600	-1.91406300
17.57999956	3.45564700	-1.91406300
17.59999956	3.45564700	-1.82701800
17.61999955	3.45564700	-1.91406300
17.63999955	3.41135600	-1.82701800
17.65999955	3.45564700	-1.82701800
17.67999955	3.41135600	-1.82701800
17.69999955	3.45564700	-1.82701800
17.71999955	3.41135600	-1.82701800
17.73999955	3.41135600	-1.73997300
17.75999955	3.41135600	-1.73997300
17.77999955	3.41135600	-1.73997300
17.79999955	3.41135600	-1.73997300
17.81999955	3.45564700	-1.73997300
17.83999955	3.45564700	-1.65323600
17.85999955	3.45564700	-1.73997300
17.87999955	3.41135600	-1.65323600
17.89999955	3.41135600	-1.65323600
17.91999955	3.41135600	-1.65323600
17.93999955	3.41135600	-1.56619100
17.95999955	3.45564700	-1.56619100
17.97999955	3.41135600	-1.56619100
17.99999955	3.45564700	-1.56619100
18.01999954	3.45564700	-1.56619100
18.03999954	3.41135600	-1.47914600
18.05999954	3.41135600	-1.47914600
18.07999954	3.45564700	-1.47914600
18.09999954	3.41135600	-1.47914600
18.11999954	3.45564700	-1.39210100
18.13999954	3.41135600	-1.47914600
18.15999954	3.41135600	-1.47914600
18.17999954	3.41135600	-1.39210100
18.19999954	3.41135600	-1.39210100
18.21999954	3.41135600	-1.30505700
18.23999954	3.45564700	-1.39210100
18.25999954	3.45564700	-1.30505700
18.27999954	3.41135600	-1.30505700
18.29999954	3.41135600	-1.21801200
18.31999954	3.45564700	-1.21801200
18.33999954	3.45564700	-1.21801200
18.35999954	3.41135600	-1.21801200
18.37999954	3.41135600	-1.21801200
18.39999954	3.41135600	-1.21801200
18.41999953	3.41135600	-1.21801200
18.43999953	3.41135600	-1.21801200
18.45999953	3.41135600	-1.13096700
18.47999953	3.41135600	-1.13096700
18.49999953	3.41135600	-1.13096700
18.51999953	3.41135600	-1.04392200
18.53999953	3.41135600	-1.04392200
18.55999953	3.41135600	-1.04392200
18.57999953	3.41135600	-1.04392200
18.59999953	3.41135600	-1.04392200
18.61999953	3.45564700	-1.04392200
18.63999953	3.41135600	-0.95687750
18.65999953	3.41135600	-0.95687750
18.67999953	3.36706400	-0.95687750
18.69999953	3.41135600	-0.95687750
18.71999953	3.41135600	-0.95687750
18.73999953	3.41135600	-0.86983270
18.75999953	3.41135600	-0.86983270
18.77999953	3.41135600	-0.86983270
18.79999953	3.41135600	-0.86983270
18.81999952	3.41135600	-0.86983270
18.83999952	3.41135600	-0.78309550
18.85999952	3.41135600	-0.78309550
18.87999952	3.41135600	-0.78309550
18.89999952	3.41135600	-0.78309550
18.91999952	3.41135600	-0.78309550
18.93999952	3.41135600	-0.69605070
18.95999952	3.41135600	-0.69605070
18.97999952	3.41135600	-0.69605070
18.99999952	3.45564700	-0.69605070
19.01999952	3.41135600	-0.69605070
19.03999952	3.41135600	-0.60900590
19.05999952	3.41135600	-0.60900590
19.07999952	3.41135600	-0.60900590
19.09999952	3.41135600	-0.52196110
19.11999952	3.41135600	-0.60900590
19.13999952	3.41135600	-0.52196110
19.15999952	3.41135600	-0.52196110
19.17999952	3.41135600	-0.52196110
19.19999951	3.45564700	-0.52196110
19.21999951	3.41135600	-0.43491630
19.23999951	3.41135600	-0.43491630
19.25999951	3.41135600	-0.43491630
19.27999951	3.41135600	-0.43491630
19.29999951	3.41135600	-0.43491630
19.31999951	3.45564700	-0.34787150
19.33999951	3.41135600	-0.34787150
19.35999951	3.45564700	-0.34787150
19.37999951	3.41135600	-0.34787150
19.39999951	3.45564700	-0.34787150
19.41999951	3.41135600	-0.26082680
19.43999951	3.41135600	-0.26082680
19.45999951	3.41135600	-0.26082680
19.47999951	3.41135600	-0.26082680
19.49999951	3.41135600	-0.17378200
19.51999951	3.45564700	-0.26082680
19.53999951	3.41135600	-0.17378200
19.55999951	3.45564700	-0.17378200
19.57999951	3.45564700	-0.17378200
19.59999950	3.45564700	-0.08673721
19.61999950	3.45564700	-0.08673721
19.63999950	3.41135600	-0.08673721
19.65999950	3.41135600	-0.08673721
19.67999950	3.45564700	-0.08673721
19.69999950	3.45564700	-0.08673721
19.71999950	3.41135600	0.00000000
19.73999950	3.41135600	0.00000000
19.75999950	3.41135600	0.00000000
19.77999950	3.45564700	0.00000000
19.79999950	3.45564700	0.08673721
19.81999950	3.41135600	0.08673721
19.83999950	3.41135600	0.08673721
19.85999950	3.41135600	0.08673721
19.87999950	3.41135600	0.17378200
19.89999950	3.41135600	0.17378200
19.91999950	3.36706400	0.26082680
19.93999950	3.36706400	0.26082680
19.95999950	3.36706400	0.26082680
19.97999950	3.36706400	0.26082680
19.99999949	3.36706400	0.26082680
20.01999949	3.32277300	0.26082680
20.03999949	3.32277300	0.34787150
20.05999949	3.27848200	0.34787150
