Time	Channel A	Channel B
(ms)	(V)	(V)

0.00000000	1.90498900	1.21801200
0.02000000	1.86069800	1.21801200
0.04000000	1.86069800	1.30505700
0.06000000	1.81640600	1.30505700
0.08000000	1.77211500	1.39210100
0.10000000	1.72782400	1.39210100
0.12000000	1.68353200	1.39210100
0.14000000	1.63924100	1.39210100
0.16000000	1.63924100	1.47914600
0.18000000	1.59495000	1.47914600
0.19999999	1.55065800	1.47914600
0.21999999	1.55065800	1.47914600
0.23999999	1.50621300	1.47914600
0.25999999	1.50621300	1.56619100
0.27999999	1.46192200	1.56619100
0.29999999	1.46192200	1.56619100
0.31999999	1.41763000	1.65323600
0.33999999	1.41763000	1.65323600
0.35999999	1.37333900	1.65323600
0.37999999	1.37333900	1.65323600
0.39999999	1.37333900	1.73997300
0.41999999	1.32904800	1.73997300
0.43999999	1.37333900	1.73997300
0.45999999	1.32904800	1.73997300
0.47999999	1.32904800	1.73997300
0.49999999	1.32904800	1.73997300
0.51999999	1.32904800	1.73997300
0.53999999	1.32904800	1.82701800
0.55999999	1.32904800	1.82701800
0.57999999	1.37333900	1.82701800
0.59999998	1.32904800	1.91406300
0.61999998	1.37333900	1.91406300
0.63999998	1.37333900	1.91406300
0.65999998	1.37333900	1.91406300
0.67999998	1.37333900	1.91406300
0.69999998	1.46192200	2.00110700
0.71999998	1.46192200	2.00110700
0.73999998	1.46192200	2.00110700
0.75999998	1.50621300	2.00110700
0.77999998	1.50621300	2.08815200
0.79999998	1.55065800	2.08815200
0.81999998	1.59495000	2.08815200
0.83999998	1.59495000	2.08815200
0.85999998	1.63924100	2.17519700
0.87999998	1.72782400	2.17519700
0.89999998	1.72782400	2.17519700
0.91999998	1.81640600	2.26224200
0.93999998	1.81640600	2.26224200
0.95999998	1.86069800	2.26224200
0.97999998	1.90498900	2.26224200
0.99999997	1.94928000	2.34928600
1.01999997	1.99357200	2.26224200
1.03999997	2.03786300	2.34928600
1.05999997	2.03786300	2.34928600
1.07999997	2.12659900	2.34928600
1.09999997	2.12659900	2.34928600
1.11999997	2.21518200	2.43633100
1.13999997	2.25947300	2.43633100
1.15999997	2.30376500	2.43633100
1.17999997	2.34805600	2.43633100
1.19999997	2.34805600	2.52337600
1.21999997	2.43663900	2.52337600
1.23999997	2.48093000	2.52337600
1.25999997	2.48093000	2.61011300
1.27999997	2.52522100	2.52337600
1.29999997	2.56951300	2.61011300
1.31999997	2.61395800	2.61011300
1.33999997	2.65824900	2.69715800
1.35999997	2.70254100	2.61011300
1.37999997	2.70254100	2.69715800
1.39999996	2.74683200	2.69715800
1.41999996	2.79112300	2.78420300
1.43999996	2.83541500	2.78420300
1.45999996	2.83541500	2.78420300
1.47999996	2.87970600	2.78420300
1.49999996	2.92399700	2.78420300
1.51999996	2.92399700	2.87124800
1.53999996	2.92399700	2.87124800
1.55999996	2.92399700	2.87124800
1.57999996	2.96828900	2.87124800
1.59999996	2.96828900	2.87124800
1.61999996	3.01258000	2.95829200
1.63999996	3.01258000	2.95829200
1.65999996	3.01258000	2.95829200
1.67999996	3.01258000	2.95829200
1.69999996	3.01258000	3.04533700
1.71999996	3.05687100	3.04533700
1.73999996	3.05687100	3.04533700
1.75999996	3.01258000	3.04533700
1.77999996	3.01258000	3.13238200
1.79999995	3.01258000	3.13238200
1.81999995	3.01258000	3.13238200
1.83999995	3.01258000	3.13238200
1.85999995	2.96828900	3.21942700
1.87999995	2.96828900	3.21942700
1.89999995	2.92399700	3.21942700
1.91999995	2.92399700	3.21942700
1.93999995	2.87970600	3.21942700
1.95999995	2.87970600	3.30647100
1.97999995	2.83541500	3.30647100
1.99999995	2.83541500	3.30647100
2.01999995	2.79112300	3.39351600
2.03999995	2.74683200	3.39351600
2.05999995	2.70254100	3.39351600
2.07999995	2.70254100	3.39351600
2.09999995	2.65824900	3.39351600
2.11999995	2.61395800	3.48025300
2.13999995	2.56951300	3.48025300
2.15999995	2.52522100	3.48025300
2.17999994	2.52522100	3.48025300
2.19999994	2.48093000	3.56729800
2.21999994	2.39234700	3.56729800
2.23999994	2.39234700	3.56729800
2.25999994	2.34805600	3.56729800
2.27999994	2.25947300	3.65434300
2.29999994	2.21518200	3.65434300
2.31999994	2.21518200	3.65434300
2.33999994	2.12659900	3.65434300
2.35999994	2.08230800	3.65434300
2.37999994	2.03786300	3.74138800
2.39999994	1.99357200	3.74138800
2.41999994	1.99357200	3.74138800
2.43999994	1.94928000	3.82843300
2.45999994	1.90498900	3.82843300
2.47999994	1.86069800	3.82843300
2.49999994	1.81640600	3.82843300
2.51999994	1.81640600	3.82843300
2.53999994	1.72782400	3.82843300
2.55999994	1.72782400	3.91547700
2.57999993	1.68353200	3.91547700
2.59999993	1.63924100	4.00252200
2.61999993	1.63924100	3.91547700
2.63999993	1.59495000	4.00252200
2.65999993	1.55065800	4.00252200
2.67999993	1.50621300	4.00252200
2.69999993	1.50621300	4.08956700
2.71999993	1.50621300	4.08956700
2.73999993	1.46192200	4.08956700
2.75999993	1.46192200	4.08956700
2.77999993	1.41763000	4.08956700
2.79999993	1.41763000	4.17661200
2.81999993	1.41763000	4.17661200
2.83999993	1.41763000	4.17661200
2.85999993	1.37333900	4.17661200
2.87999993	1.37333900	4.17661200
2.89999993	1.41763000	4.26365700
2.91999993	1.37333900	4.26365700
2.93999993	1.37333900	4.26365700
2.95999993	1.37333900	4.26365700
2.97999992	1.37333900	4.35039400
2.99999992	1.37333900	4.35039400
3.01999992	1.37333900	4.35039400
3.03999992	1.37333900	4.35039400
3.05999992	1.37333900	4.43743800
3.07999992	1.41763000	4.35039400
3.09999992	1.46192200	4.43743800
3.11999992	1.50621300	4.43743800
3.13999992	1.46192200	4.52448300
3.15999992	1.50621300	4.52448300
3.17999992	1.55065800	4.52448300
3.19999992	1.55065800	4.52448300
3.21999992	1.59495000	4.52448300
3.23999992	1.59495000	4.52448300
3.25999992	1.68353200	4.61152800
3.27999992	1.68353200	4.61152800
3.29999992	1.72782400	4.61152800
3.31999992	1.72782400	4.69857300
3.33999992	1.77211500	4.69857300
3.35999992	1.81640600	4.69857300
3.37999991	1.86069800	4.69857300
3.39999991	1.86069800	4.78561800
3.41999991	1.94928000	4.78561800
3.43999991	1.99357200	4.78561800
3.45999991	2.03786300	4.78561800
3.47999991	2.08230800	4.87266300
3.49999991	2.12659900	4.87266300
3.51999991	2.12659900	4.87266300
3.53999991	2.17089100	4.87266300
3.55999991	2.25947300	4.87266300
3.57999991	2.25947300	4.95970700
3.59999991	2.30376500	4.95970700
3.61999991	2.34805600	4.87266300
3.63999991	2.39234700	4.87266300
3.65999991	2.43663900	4.87266300
3.67999991	2.48093000	4.87266300
3.69999991	2.48093000	4.78561800
3.71999991	2.52522100	4.78561800
3.73999991	2.56951300	4.78561800
3.75999991	2.56951300	4.78561800
3.77999990	2.61395800	4.69857300
3.79999990	2.65824900	4.69857300
3.81999990	2.65824900	4.69857300
3.83999990	2.70254100	4.69857300
3.85999990	2.70254100	4.61152800
3.87999990	2.70254100	4.61152800
3.89999990	2.74683200	4.61152800
3.91999990	2.74683200	4.61152800
3.93999990	2.74683200	4.61152800
3.95999990	2.74683200	4.52448300
3.97999990	2.83541500	4.52448300
3.99999990	2.79112300	4.52448300
4.01999990	2.79112300	4.52448300
4.03999990	2.79112300	4.43743800
4.05999990	2.83541500	4.43743800
4.07999990	2.79112300	4.43743800
4.09999990	2.83541500	4.43743800
4.11999990	2.79112300	4.43743800
4.13999990	2.79112300	4.35039400
4.15999989	2.79112300	4.35039400
4.17999989	2.79112300	4.35039400
4.19999989	2.79112300	4.26365700
4.21999989	2.79112300	4.26365700
4.23999989	2.74683200	4.26365700
4.25999989	2.79112300	4.26365700
4.27999989	2.74683200	4.17661200
4.29999989	2.74683200	4.17661200
4.31999989	2.70254100	4.17661200
4.33999989	2.70254100	4.17661200
4.35999989	2.70254100	4.17661200
4.37999989	2.65824900	4.08956700
4.39999989	2.65824900	4.08956700
4.41999989	2.65824900	4.08956700
4.43999989	2.61395800	4.08956700
4.45999989	2.61395800	4.00252200
4.47999989	2.56951300	4.00252200
4.49999989	2.56951300	4.00252200
4.51999989	2.52522100	3.91547700
4.53999989	2.48093000	3.91547700
4.55999988	2.48093000	3.91547700
4.57999988	2.43663900	3.91547700
4.59999988	2.39234700	3.91547700
4.61999988	2.39234700	3.82843300
4.63999988	2.34805600	3.82843300
4.65999988	2.30376500	3.82843300
4.67999988	2.30376500	3.82843300
4.69999988	2.21518200	3.82843300
4.71999988	2.21518200	3.74138800
4.73999988	2.17089100	3.74138800
4.75999988	2.17089100	3.74138800
4.77999988	2.12659900	3.65434300
4.79999988	2.08230800	3.65434300
4.81999988	2.03786300	3.65434300
4.83999988	2.03786300	3.65434300
4.85999988	1.99357200	3.56729800
4.87999988	1.94928000	3.56729800
4.89999988	1.90498900	3.56729800
4.91999988	1.90498900	3.56729800
4.93999988	1.86069800	3.48025300
4.95999987	1.81640600	3.56729800
4.97999987	1.77211500	3.48025300
4.99999987	1.77211500	3.48025300
5.01999987	1.72782400	3.39351600
5.03999987	1.72782400	3.48025300
5.05999987	1.68353200	3.48025300
5.07999987	1.63924100	3.39351600
5.09999987	1.55065800	3.39351600
5.11999987	1.59495000	3.30647100
5.13999987	1.55065800	3.30647100
5.15999987	1.55065800	3.30647100
5.17999987	1.50621300	3.30647100
5.19999987	1.46192200	3.30647100
5.21999987	1.46192200	3.21942700
5.23999987	1.41763000	3.21942700
5.25999987	1.37333900	3.21942700
5.27999987	1.41763000	3.21942700
5.29999987	1.37333900	3.13238200
5.31999987	1.32904800	3.13238200
5.33999987	1.32904800	3.13238200
5.35999986	1.32904800	3.13238200
5.37999986	1.28475600	3.04533700
5.39999986	1.28475600	3.04533700
5.41999986	1.24046500	3.04533700
5.43999986	1.24046500	3.04533700
5.45999986	1.24046500	2.95829200
5.47999986	1.24046500	2.95829200
5.49999986	1.24046500	2.95829200
5.51999986	1.19617400	2.95829200
5.53999986	1.19617400	2.87124800
5.55999986	1.19617400	2.87124800
5.57999986	1.24046500	2.87124800
5.59999986	1.19617400	2.87124800
5.61999986	1.24046500	2.87124800
5.63999986	1.24046500	2.78420300
5.65999986	1.19617400	2.78420300
5.67999986	1.19617400	2.78420300
5.69999986	1.24046500	2.69715800
5.71999986	1.24046500	2.69715800
5.73999985	1.24046500	2.69715800
5.75999985	1.24046500	2.69715800
5.77999985	1.28475600	2.69715800
5.79999985	1.24046500	2.69715800
5.81999985	1.32904800	2.61011300
5.83999985	1.37333900	2.61011300
5.85999985	1.37333900	2.61011300
5.87999985	1.41763000	2.61011300
5.89999985	1.41763000	2.52337600
5.91999985	1.46192200	2.52337600
5.93999985	1.41763000	2.52337600
5.95999985	1.46192200	2.52337600
5.97999985	1.55065800	2.43633100
5.99999985	1.59495000	2.43633100
6.01999985	1.59495000	2.43633100
6.03999985	1.63924100	2.43633100
6.05999985	1.63924100	2.34928600
6.07999985	1.68353200	2.34928600
6.09999985	1.72782400	2.34928600
6.11999985	1.72782400	2.26224200
6.13999984	1.81640600	2.26224200
6.15999984	1.86069800	2.26224200
6.17999984	1.86069800	2.26224200
6.19999984	1.94928000	2.26224200
6.21999984	1.94928000	2.17519700
6.23999984	2.03786300	2.17519700
6.25999984	2.08230800	2.17519700
6.27999984	2.12659900	2.17519700
6.29999984	2.17089100	2.08815200
6.31999984	2.21518200	2.08815200
6.33999984	2.25947300	2.08815200
6.35999984	2.25947300	2.08815200
6.37999984	2.34805600	2.08815200
6.39999984	2.34805600	2.00110700
6.41999984	2.39234700	2.00110700
6.43999984	2.43663900	2.00110700
6.45999984	2.52522100	2.00110700
6.47999984	2.56951300	1.91406300
6.49999984	2.56951300	1.91406300
6.51999984	2.61395800	1.91406300
6.53999983	2.65824900	1.91406300
6.55999983	2.70254100	1.82701800
6.57999983	2.74683200	1.82701800
6.59999983	2.74683200	1.82701800
6.61999983	2.79112300	1.82701800
6.63999983	2.83541500	1.73997300
6.65999983	2.83541500	1.73997300
6.67999983	2.87970600	1.73997300
6.69999983	2.87970600	1.73997300
6.71999983	2.92399700	1.73997300
6.73999983	2.92399700	1.65323600
6.75999983	2.96828900	1.65323600
6.77999983	2.96828900	1.65323600
6.79999983	2.96828900	1.65323600
6.81999983	3.01258000	1.56619100
6.83999983	3.01258000	1.56619100
6.85999983	3.05687100	1.56619100
6.87999983	3.05687100	1.47914600
6.89999983	3.05687100	1.47914600
6.91999983	3.05687100	1.47914600
6.93999982	3.05687100	1.47914600
6.95999982	3.05687100	1.47914600
6.97999982	3.05687100	1.39210100
6.99999982	3.05687100	1.39210100
7.01999982	3.05687100	1.39210100
7.03999982	3.01258000	1.39210100
7.05999982	3.05687100	1.30505700
7.07999982	3.01258000	1.30505700
7.09999982	2.96828900	1.30505700
7.11999982	3.01258000	1.30505700
7.13999982	2.96828900	1.21801200
7.15999982	2.92399700	1.21801200
7.17999982	2.87970600	1.21801200
7.19999982	2.87970600	1.21801200
7.21999982	2.87970600	1.13096700
7.23999982	2.79112300	1.13096700
7.25999982	2.74683200	1.13096700
7.27999982	2.70254100	1.13096700
7.29999982	2.70254100	1.04392200
7.31999982	2.70254100	1.04392200
7.33999981	2.65824900	1.04392200
7.35999981	2.56951300	1.04392200
7.37999981	2.52522100	1.04392200
7.39999981	2.52522100	0.95687750
7.41999981	2.48093000	0.95687750
7.43999981	2.43663900	0.95687750
7.45999981	2.39234700	0.95687750
7.47999981	2.34805600	0.95687750
7.49999981	2.30376500	0.86983270
7.51999981	2.25947300	0.86983270
7.53999981	2.17089100	0.86983270
7.55999981	2.17089100	0.78309550
7.57999981	2.12659900	0.78309550
7.59999981	2.08230800	0.78309550
7.61999981	1.99357200	0.78309550
7.63999981	1.99357200	0.69605070
7.65999981	1.94928000	0.69605070
7.67999981	1.90498900	0.69605070
7.69999981	1.86069800	0.69605070
7.71999980	1.81640600	0.69605070
7.73999980	1.77211500	0.60900590
7.75999980	1.72782400	0.60900590
7.77999980	1.72782400	0.60900590
7.79999980	1.63924100	0.60900590
7.81999980	1.63924100	0.52196110
7.83999980	1.59495000	0.52196110
7.85999980	1.59495000	0.52196110
7.87999980	1.55065800	0.52196110
7.89999980	1.55065800	0.43491630
7.91999980	1.50621300	0.43491630
7.93999980	1.50621300	0.43491630
7.95999980	1.50621300	0.43491630
7.97999980	1.46192200	0.34787150
7.99999980	1.41763000	0.34787150
8.01999980	1.46192200	0.34787150
8.03999980	1.46192200	0.34787150
8.05999980	1.41763000	0.34787150
8.07999980	1.41763000	0.26082680
8.09999980	1.41763000	0.26082680
8.11999979	1.41763000	0.26082680
8.13999979	1.41763000	0.26082680
8.15999979	1.41763000	0.17378200
8.17999979	1.41763000	0.17378200
8.19999979	1.46192200	0.17378200
8.21999979	1.46192200	0.17378200
8.23999979	1.50621300	0.08673721
8.25999979	1.55065800	0.08673721
8.27999979	1.55065800	0.08673721
8.29999979	1.55065800	0.08673721
8.31999979	1.59495000	0.00000000
8.33999979	1.63924100	0.00000000
8.35999979	1.63924100	0.00000000
8.37999979	1.68353200	0.00000000
8.39999979	1.72782400	-0.08673721
8.41999979	1.77211500	-0.08673721
8.43999979	1.81640600	-0.08673721
8.45999979	1.81640600	-0.08673721
8.47999979	1.86069800	-0.08673721
8.49999979	1.90498900	-0.17378200
8.51999978	1.94928000	-0.17378200
8.53999978	1.99357200	-0.17378200
8.55999978	2.03786300	-0.17378200
8.57999978	2.03786300	-0.17378200
8.59999978	2.08230800	-0.26082680
8.61999978	2.12659900	-0.26082680
8.63999978	2.17089100	-0.26082680
8.65999978	2.17089100	-0.26082680
8.67999978	2.21518200	-0.26082680
8.69999978	2.25947300	-0.34787150
8.71999978	2.30376500	-0.34787150
8.73999978	2.30376500	-0.34787150
8.75999978	2.30376500	-0.34787150
8.77999978	2.34805600	-0.43491630
8.79999978	2.39234700	-0.43491630
8.81999978	2.43663900	-0.43491630
8.83999978	2.43663900	-0.43491630
8.85999978	2.48093000	-0.43491630
8.87999978	2.48093000	-0.52196110
8.89999978	2.52522100	-0.52196110
8.91999977	2.56951300	-0.52196110
8.93999977	2.56951300	-0.52196110
8.95999977	2.56951300	-0.52196110
8.97999977	2.61395800	-0.60900590
8.99999977	2.61395800	-0.60900590
9.01999977	2.61395800	-0.60900590
9.03999977	2.65824900	-0.60900590
9.05999977	2.65824900	-0.69605070
9.07999977	2.65824900	-0.69605070
9.09999977	2.70254100	-0.69605070
9.11999977	2.70254100	-0.69605070
9.13999977	2.74683200	-0.69605070
9.15999977	2.74683200	-0.69605070
9.17999977	2.74683200	-0.78309550
9.19999977	2.79112300	-0.78309550
9.21999977	2.79112300	-0.78309550
9.23999977	2.79112300	-0.78309550
9.25999977	2.79112300	-0.78309550
9.27999977	2.83541500	-0.86983270
9.29999977	2.83541500	-0.86983270
9.31999976	2.83541500	-0.86983270
9.33999976	2.87970600	-0.86983270
9.35999976	2.87970600	-0.86983270
9.37999976	2.83541500	-0.95687750
9.39999976	2.87970600	-0.95687750
9.41999976	2.87970600	-0.95687750
9.43999976	2.87970600	-0.95687750
9.45999976	2.92399700	-1.04392200
9.47999976	2.87970600	-1.04392200
9.49999976	2.87970600	-1.04392200
9.51999976	2.92399700	-1.04392200
9.53999976	2.92399700	-1.04392200
9.55999976	2.92399700	-1.04392200
9.57999976	2.96828900	-1.04392200
9.59999976	2.96828900	-1.13096700
9.61999976	2.92399700	-1.13096700
9.63999976	2.92399700	-1.13096700
9.65999976	2.96828900	-1.13096700
9.67999976	2.96828900	-1.21801200
9.69999975	2.96828900	-1.21801200
9.71999975	2.96828900	-1.21801200
9.73999975	2.96828900	-1.21801200
9.75999975	2.96828900	-1.21801200
9.77999975	3.01258000	-1.21801200
9.79999975	2.96828900	-1.30505700
9.81999975	2.96828900	-1.30505700
9.83999975	3.01258000	-1.39210100
9.85999975	3.01258000	-1.39210100
9.87999975	3.01258000	-1.30505700
9.89999975	3.01258000	-1.39210100
9.91999975	3.01258000	-1.39210100
9.93999975	3.01258000	-1.39210100
9.95999975	3.01258000	-1.39210100
9.97999975	3.05687100	-1.47914600
9.99999975	3.05687100	-1.47914600
10.01999975	3.01258000	-1.47914600
10.03999975	3.01258000	-1.47914600
10.05999975	3.05687100	-1.47914600
10.07999975	3.05687100	-1.56619100
10.09999974	3.05687100	-1.56619100
10.11999974	3.05687100	-1.56619100
10.13999974	3.05687100	-1.56619100
10.15999974	3.05687100	-1.56619100
10.17999974	3.05687100	-1.65323600
10.19999974	3.10131600	-1.56619100
10.21999974	3.05687100	-1.65323600
10.23999974	3.10131600	-1.65323600
10.25999974	3.10131600	-1.65323600
10.27999974	3.10131600	-1.73997300
10.29999974	3.10131600	-1.73997300
10.31999974	3.14560800	-1.73997300
10.33999974	3.14560800	-1.73997300
10.35999974	3.10131600	-1.73997300
10.37999974	3.14560800	-1.73997300
10.39999974	3.10131600	-1.82701800
10.41999974	3.14560800	-1.82701800
10.43999974	3.14560800	-1.82701800
10.45999974	3.14560800	-1.82701800
10.47999974	3.14560800	-1.91406300
10.49999973	3.14560800	-1.91406300
10.51999973	3.14560800	-1.91406300
10.53999973	3.18989900	-1.91406300
10.55999973	3.14560800	-1.91406300
10.57999973	3.14560800	-1.91406300
10.59999973	3.14560800	-2.00110700
10.61999973	3.18989900	-2.00110700
10.63999973	3.18989900	-2.00110700
10.65999973	3.18989900	-2.00110700
10.67999973	3.14560800	-2.08815200
10.69999973	3.18989900	-2.08815200
10.71999973	3.18989900	-2.08815200
10.73999973	3.18989900	-2.08815200
10.75999973	3.18989900	-2.08815200
10.77999973	3.18989900	-2.17519700
10.79999973	3.23419000	-2.17519700
10.81999973	3.18989900	-2.17519700
10.83999973	3.18989900	-2.17519700
10.85999973	3.18989900	-2.17519700
10.87999973	3.18989900	-2.26224200
10.89999972	3.18989900	-2.26224200
10.91999972	3.18989900	-2.26224200
10.93999972	3.18989900	-2.26224200
10.95999972	3.18989900	-2.26224200
10.97999972	3.18989900	-2.34928600
10.99999972	3.18989900	-2.34928600
11.01999972	3.18989900	-2.34928600
11.03999972	3.18989900	-2.34928600
11.05999972	3.18989900	-2.34928600
11.07999972	3.18989900	-2.43633100
11.09999972	3.23419000	-2.43633100
11.11999972	3.18989900	-2.43633100
11.13999972	3.18989900	-2.43633100
11.15999972	3.18989900	-2.43633100
11.17999972	3.23419000	-2.43633100
11.19999972	3.23419000	-2.52337600
11.21999972	3.18989900	-2.52337600
11.23999972	3.18989900	-2.52337600
11.25999972	3.18989900	-2.52337600
11.27999972	3.23419000	-2.52337600
11.29999971	3.18989900	-2.61011300
11.31999971	3.18989900	-2.61011300
11.33999971	3.18989900	-2.61011300
11.35999971	3.18989900	-2.69715800
11.37999971	3.23419000	-2.69715800
11.39999971	3.23419000	-2.69715800
11.41999971	3.18989900	-2.69715800
11.43999971	3.18989900	-2.69715800
11.45999971	3.23419000	-2.69715800
11.47999971	3.18989900	-2.69715800
11.49999971	3.18989900	-2.78420300
11.51999971	3.23419000	-2.78420300
11.53999971	3.18989900	-2.78420300
11.55999971	3.18989900	-2.78420300
11.57999971	3.23419000	-2.87124800
11.59999971	3.18989900	-2.87124800
11.61999971	3.18989900	-2.87124800
11.63999971	3.23419000	-2.87124800
11.65999971	3.18989900	-2.87124800
11.67999970	3.23419000	-2.87124800
11.69999970	3.23419000	-2.95829200
11.71999970	3.23419000	-2.95829200
11.73999970	3.23419000	-2.95829200
11.75999970	3.23419000	-2.95829200
11.77999970	3.23419000	-2.95829200
11.79999970	3.23419000	-3.04533700
11.81999970	3.23419000	-3.04533700
11.83999970	3.23419000	-3.04533700
11.85999970	3.23419000	-3.04533700
11.87999970	3.23419000	-3.04533700
11.89999970	3.23419000	-3.13238200
11.91999970	3.23419000	-3.13238200
11.93999970	3.23419000	-3.13238200
11.95999970	3.23419000	-3.13238200
11.97999970	3.23419000	-3.13238200
11.99999970	3.23419000	-3.21942700
12.01999970	3.23419000	-3.21942700
12.03999970	3.23419000	-3.21942700
12.05999970	3.23419000	-3.21942700
12.07999969	3.23419000	-3.21942700
12.09999969	3.23419000	-3.21942700
12.11999969	3.23419000	-3.30647100
12.13999969	3.23419000	-3.30647100
12.15999969	3.23419000	-3.30647100
12.17999969	3.23419000	-3.39351600
12.19999969	3.23419000	-3.39351600
12.21999969	3.23419000	-3.39351600
12.23999969	3.23419000	-3.39351600
12.25999969	3.23419000	-3.39351600
12.27999969	3.23419000	-3.39351600
12.29999969	3.23419000	-3.39351600
12.31999969	3.23419000	-3.48025300
12.33999969	3.23419000	-3.48025300
12.35999969	3.18989900	-3.48025300
12.37999969	3.23419000	-3.48025300
12.39999969	3.23419000	-3.48025300
12.41999969	3.23419000	-3.56729800
12.43999969	3.18989900	-3.56729800
12.45999969	3.23419000	-3.56729800
12.47999968	3.23419000	-3.56729800
12.49999968	3.23419000	-3.56729800
12.51999968	3.18989900	-3.65434300
12.53999968	3.23419000	-3.65434300
12.55999968	3.23419000	-3.65434300
12.57999968	3.23419000	-3.65434300
12.59999968	3.23419000	-3.65434300
12.61999968	3.23419000	-3.65434300
12.63999968	3.23419000	-3.74138800
12.65999968	3.23419000	-3.74138800
12.67999968	3.18989900	-3.74138800
12.69999968	3.18989900	-3.74138800
12.71999968	3.23419000	-3.82843300
12.73999968	3.23419000	-3.82843300
12.75999968	3.23419000	-3.82843300
12.77999968	3.18989900	-3.82843300
12.79999968	3.23419000	-3.91547700
12.81999968	3.23419000	-3.91547700
12.83999968	3.23419000	-3.91547700
12.85999968	3.23419000	-3.91547700
12.87999967	3.23419000	-3.91547700
12.89999967	3.23419000	-3.91547700
12.91999967	3.23419000	-4.00252200
12.93999967	3.23419000	-4.00252200
12.95999967	3.23419000	-4.00252200
12.97999967	3.23419000	-4.00252200
12.99999967	3.27848200	-4.08956700
13.01999967	3.23419000	-4.00252200
13.03999967	3.23419000	-4.08956700
13.05999967	3.27848200	-4.08956700
13.07999967	3.27848200	-4.08956700
13.09999967	3.23419000	-4.08956700
13.11999967	3.27848200	-4.17661200
13.13999967	3.27848200	-4.17661200
13.15999967	3.27848200	-4.17661200
13.17999967	3.27848200	-4.17661200
13.19999967	3.27848200	-4.17661200
13.21999967	3.27848200	-4.17661200
13.23999967	3.27848200	-4.08956700
13.25999967	3.32277300	-4.08956700
13.27999966	3.27848200	-4.08956700
13.29999966	3.27848200	-4.08956700
13.31999966	3.23419000	-4.00252200
13.33999966	3.27848200	-4.00252200
13.35999966	3.27848200	-4.00252200
13.37999966	3.27848200	-4.00252200
13.39999966	3.27848200	-4.00252200
13.41999966	3.27848200	-4.00252200
13.43999966	3.27848200	-3.91547700
13.45999966	3.27848200	-3.91547700
13.47999966	3.27848200	-3.91547700
13.49999966	3.27848200	-3.91547700
13.51999966	3.27848200	-3.82843300
13.53999966	3.27848200	-3.82843300
13.55999966	3.32277300	-3.82843300
13.57999966	3.27848200	-3.82843300
13.59999966	3.32277300	-3.82843300
13.61999966	3.32277300	-3.74138800
13.63999966	3.27848200	-3.74138800
13.65999965	3.32277300	-3.74138800
13.67999965	3.32277300	-3.74138800
13.69999965	3.32277300	-3.74138800
13.71999965	3.32277300	-3.65434300
13.73999965	3.32277300	-3.65434300
13.75999965	3.32277300	-3.65434300
13.77999965	3.27848200	-3.65434300
13.79999965	3.27848200	-3.65434300
13.81999965	3.27848200	-3.65434300
13.83999965	3.32277300	-3.65434300
13.85999965	3.27848200	-3.56729800
13.87999965	3.32277300	-3.56729800
13.89999965	3.27848200	-3.56729800
13.91999965	3.27848200	-3.48025300
13.93999965	3.27848200	-3.48025300
13.95999965	3.27848200	-3.48025300
13.97999965	3.27848200	-3.48025300
13.99999965	3.27848200	-3.48025300
14.01999965	3.27848200	-3.48025300
14.03999965	3.27848200	-3.39351600
14.05999964	3.27848200	-3.48025300
14.07999964	3.27848200	-3.39351600
14.09999964	3.27848200	-3.39351600
14.11999964	3.27848200	-3.39351600
14.13999964	3.27848200	-3.30647100
14.15999964	3.27848200	-3.30647100
14.17999964	3.27848200	-3.30647100
14.19999964	3.27848200	-3.30647100
14.21999964	3.27848200	-3.30647100
14.23999964	3.27848200	-3.30647100
14.25999964	3.27848200	-3.21942700
14.27999964	3.27848200	-3.21942700
14.29999964	3.27848200	-3.21942700
14.31999964	3.27848200	-3.21942700
14.33999964	3.27848200	-3.13238200
14.35999964	3.27848200	-3.13238200
14.37999964	3.23419000	-3.13238200
14.39999964	3.27848200	-3.13238200
14.41999964	3.27848200	-3.04533700
14.43999964	3.27848200	-3.13238200
14.45999963	3.27848200	-3.04533700
14.47999963	3.27848200	-3.04533700
14.49999963	3.32277300	-3.04533700
14.51999963	3.27848200	-3.04533700
14.53999963	3.23419000	-2.95829200
14.55999963	3.27848200	-2.95829200
14.57999963	3.23419000	-2.95829200
14.59999963	3.27848200	-2.95829200
14.61999963	3.23419000	-2.87124800
14.63999963	3.23419000	-2.87124800
14.65999963	3.27848200	-2.87124800
14.67999963	3.27848200	-2.87124800
14.69999963	3.23419000	-2.87124800
14.71999963	3.27848200	-2.78420300
14.73999963	3.27848200	-2.78420300
14.75999963	3.23419000	-2.78420300
14.77999963	3.23419000	-2.78420300
14.79999963	3.23419000	-2.78420300
14.81999963	3.23419000	-2.69715800
14.83999963	3.27848200	-2.69715800
14.85999962	3.27848200	-2.69715800
14.87999962	3.27848200	-2.69715800
14.89999962	3.23419000	-2.69715800
14.91999962	3.27848200	-2.61011300
14.93999962	3.23419000	-2.69715800
14.95999962	3.27848200	-2.61011300
14.97999962	3.27848200	-2.61011300
14.99999962	3.23419000	-2.61011300
15.01999962	3.23419000	-2.61011300
15.03999962	3.27848200	-2.52337600
15.05999962	3.23419000	-2.52337600
15.07999962	3.23419000	-2.52337600
15.09999962	3.27848200	-2.52337600
15.11999962	3.23419000	-2.43633100
15.13999962	3.23419000	-2.52337600
15.15999962	3.23419000	-2.43633100
15.17999962	3.27848200	-2.43633100
15.19999962	3.23419000	-2.43633100
15.21999962	3.23419000	-2.43633100
15.23999962	3.27848200	-2.34928600
15.25999961	3.23419000	-2.34928600
15.27999961	3.23419000	-2.34928600
15.29999961	3.23419000	-2.34928600
15.31999961	3.23419000	-2.34928600
15.33999961	3.23419000	-2.34928600
15.35999961	3.23419000	-2.26224200
15.37999961	3.23419000	-2.26224200
15.39999961	3.27848200	-2.26224200
15.41999961	3.27848200	-2.17519700
15.43999961	3.23419000	-2.17519700
15.45999961	3.23419000	-2.17519700
15.47999961	3.23419000	-2.17519700
15.49999961	3.23419000	-2.17519700
15.51999961	3.23419000	-2.17519700
15.53999961	3.23419000	-2.08815200
15.55999961	3.23419000	-2.08815200
15.57999961	3.23419000	-2.08815200
15.59999961	3.23419000	-2.08815200
15.61999961	3.23419000	-2.08815200
15.63999960	3.23419000	-2.00110700
15.65999960	3.23419000	-2.00110700
15.67999960	3.23419000	-2.00110700
15.69999960	3.23419000	-2.00110700
15.71999960	3.23419000	-1.91406300
15.73999960	3.23419000	-1.91406300
15.75999960	3.18989900	-1.91406300
15.77999960	3.18989900	-1.91406300
15.79999960	3.23419000	-1.91406300
15.81999960	3.23419000	-1.91406300
15.83999960	3.18989900	-1.82701800
15.85999960	3.23419000	-1.82701800
15.87999960	3.18989900	-1.82701800
15.89999960	3.23419000	-1.82701800
15.91999960	3.23419000	-1.82701800
15.93999960	3.23419000	-1.73997300
15.95999960	3.23419000	-1.73997300
15.97999960	3.23419000	-1.73997300
15.99999960	3.27848200	-1.73997300
16.01999960	3.23419000	-1.73997300
16.03999959	3.18989900	-1.73997300
16.05999959	3.18989900	-1.65323600
16.07999959	3.18989900	-1.65323600
16.09999959	3.23419000	-1.65323600
16.11999959	3.18989900	-1.56619100
16.13999959	3.18989900	-1.56619100
16.15999959	3.23419000	-1.56619100
16.17999959	3.18989900	-1.56619100
16.19999959	3.18989900	-1.56619100
16.21999959	3.18989900	-1.47914600
16.23999959	3.23419000	-1.47914600
16.25999959	3.18989900	-1.47914600
16.27999959	3.23419000	-1.47914600
16.29999959	3.18989900	-1.47914600
16.31999959	3.18989900	-1.47914600
16.33999959	3.23419000	-1.39210100
16.35999959	3.18989900	-1.39210100
16.37999959	3.18989900	-1.39210100
16.39999959	3.23419000	-1.39210100
16.41999959	3.18989900	-1.39210100
16.43999958	3.23419000	-1.30505700
16.45999958	3.18989900	-1.30505700
16.47999958	3.18989900	-1.30505700
16.49999958	3.18989900	-1.30505700
16.51999958	3.18989900	-1.21801200
16.53999958	3.18989900	-1.21801200
16.55999958	3.18989900	-1.21801200
16.57999958	3.18989900	-1.21801200
16.59999958	3.23419000	-1.21801200
16.61999958	3.23419000	-1.13096700
16.63999958	3.18989900	-1.13096700
16.65999958	3.18989900	-1.13096700
16.67999958	3.18989900	-1.13096700
16.69999958	3.18989900	-1.13096700
16.71999958	3.18989900	-1.13096700
16.73999958	3.18989900	-1.04392200
16.75999958	3.18989900	-1.04392200
16.77999958	3.18989900	-1.04392200
16.79999958	3.18989900	-1.04392200
16.81999958	3.14560800	-1.04392200
16.83999957	3.18989900	-1.04392200
16.85999957	3.18989900	-0.95687750
16.87999957	3.14560800	-0.95687750
16.89999957	3.18989900	-0.95687750
16.91999957	3.18989900	-0.95687750
16.93999957	3.18989900	-0.86983270
16.95999957	3.14560800	-0.86983270
16.97999957	3.18989900	-0.86983270
16.99999957	3.14560800	-0.78309550
17.01999957	3.18989900	-0.86983270
17.03999957	3.18989900	-0.78309550
17.05999957	3.14560800	-0.78309550
17.07999957	3.18989900	-0.78309550
17.09999957	3.18989900	-0.78309550
17.11999957	3.18989900	-0.69605070
17.13999957	3.18989900	-0.69605070
17.15999957	3.18989900	-0.69605070
17.17999957	3.18989900	-0.69605070
17.19999957	3.14560800	-0.69605070
17.21999956	3.18989900	-0.60900590
17.23999956	3.18989900	-0.60900590
17.25999956	3.18989900	-0.60900590
17.27999956	3.18989900	-0.60900590
17.29999956	3.14560800	-0.60900590
17.31999956	3.18989900	-0.60900590
17.33999956	3.18989900	-0.52196110
17.35999956	3.14560800	-0.52196110
17.37999956	3.14560800	-0.43491630
17.39999956	3.14560800	-0.52196110
17.41999956	3.14560800	-0.52196110
17.43999956	3.18989900	-0.43491630
17.45999956	3.14560800	-0.43491630
17.47999956	3.18989900	-0.43491630
17.49999956	3.18989900	-0.34787150
17.51999956	3.18989900	-0.34787150
17.53999956	3.18989900	-0.34787150
17.55999956	3.14560800	-0.34787150
17.57999956	3.18989900	-0.34787150
17.59999956	3.14560800	-0.34787150
17.61999955	3.14560800	-0.26082680
17.63999955	3.14560800	-0.26082680
17.65999955	3.14560800	-0.26082680
17.67999955	3.14560800	-0.26082680
17.69999955	3.18989900	-0.17378200
17.71999955	3.14560800	-0.17378200
17.73999955	3.14560800	-0.17378200
17.75999955	3.14560800	-0.17378200
17.77999955	3.14560800	-0.17378200
17.79999955	3.14560800	-0.17378200
17.81999955	3.14560800	-0.08673721
17.83999955	3.18989900	-0.08673721
17.85999955	3.14560800	-0.08673721
17.87999955	3.14560800	-0.08673721
17.89999955	3.14560800	0.00000000
17.91999955	3.14560800	0.00000000
17.93999955	3.14560800	0.00000000
17.95999955	3.10131600	0.00000000
17.97999955	3.14560800	0.08673721
17.99999955	3.14560800	0.08673721
18.01999954	3.14560800	0.08673721
18.03999954	3.14560800	0.08673721
18.05999954	3.10131600	0.08673721
18.07999954	3.10131600	0.17378200
18.09999954	3.10131600	0.17378200
18.11999954	3.05687100	0.17378200
18.13999954	3.05687100	0.17378200
18.15999954	3.05687100	0.26082680
18.17999954	3.01258000	0.26082680
18.19999954	3.01258000	0.26082680
18.21999954	2.96828900	0.34787150
18.23999954	2.96828900	0.34787150
18.25999954	2.96828900	0.34787150
18.27999954	2.92399700	0.34787150
18.29999954	2.87970600	0.34787150
18.31999954	2.87970600	0.43491630
18.33999954	2.87970600	0.43491630
18.35999954	2.83541500	0.43491630
18.37999954	2.79112300	0.43491630
18.39999954	2.79112300	0.52196110
18.41999953	2.74683200	0.52196110
18.43999953	2.74683200	0.52196110
18.45999953	2.74683200	0.52196110
18.47999953	2.70254100	0.60900590
18.49999953	2.65824900	0.60900590
18.51999953	2.61395800	0.60900590
18.53999953	2.61395800	0.60900590
18.55999953	2.56951300	0.60900590
18.57999953	2.52522100	0.69605070
18.59999953	2.52522100	0.69605070
18.61999953	2.43663900	0.69605070
18.63999953	2.43663900	0.78309550
18.65999953	2.39234700	0.78309550
18.67999953	2.34805600	0.78309550
18.69999953	2.34805600	0.78309550
18.71999953	2.30376500	0.78309550
18.73999953	2.25947300	0.86983270
18.75999953	2.21518200	0.86983270
18.77999953	2.21518200	0.86983270
18.79999953	2.12659900	0.86983270
18.81999952	2.08230800	0.95687750
18.83999952	2.08230800	0.95687750
18.85999952	2.03786300	0.95687750
18.87999952	1.99357200	0.95687750
18.89999952	1.94928000	0.95687750
18.91999952	1.94928000	1.04392200
18.93999952	1.90498900	1.04392200
18.95999952	1.86069800	1.04392200
18.97999952	1.81640600	1.04392200
18.99999952	1.77211500	1.13096700
19.01999952	1.72782400	1.13096700
19.03999952	1.72782400	1.13096700
19.05999952	1.68353200	1.13096700
19.07999952	1.63924100	1.21801200
19.09999952	1.63924100	1.21801200
19.11999952	1.59495000	1.21801200
19.13999952	1.55065800	1.30505700
19.15999952	1.55065800	1.30505700
19.17999952	1.50621300	1.30505700
19.19999951	1.50621300	1.30505700
19.21999951	1.41763000	1.30505700
19.23999951	1.46192200	1.39210100
19.25999951	1.37333900	1.39210100
19.27999951	1.37333900	1.39210100
19.29999951	1.37333900	1.39210100
19.31999951	1.32904800	1.39210100
19.33999951	1.32904800	1.47914600
19.35999951	1.32904800	1.47914600
19.37999951	1.32904800	1.47914600
19.39999951	1.32904800	1.47914600
19.41999951	1.28475600	1.47914600
19.43999951	1.28475600	1.56619100
19.45999951	1.28475600	1.56619100
19.47999951	1.28475600	1.65323600
19.49999951	1.28475600	1.65323600
19.51999951	1.28475600	1.65323600
19.53999951	1.28475600	1.65323600
19.55999951	1.28475600	1.65323600
19.57999951	1.32904800	1.73997300
19.59999950	1.32904800	1.73997300
19.61999950	1.32904800	1.73997300
19.63999950	1.37333900	1.73997300
19.65999950	1.37333900	1.82701800
19.67999950	1.41763000	1.82701800
19.69999950	1.41763000	1.82701800
19.71999950	1.46192200	1.91406300
19.73999950	1.46192200	1.91406300
19.75999950	1.46192200	1.91406300
19.77999950	1.46192200	1.91406300
19.79999950	1.50621300	1.91406300
19.81999950	1.59495000	2.00110700
19.83999950	1.59495000	2.00110700
19.85999950	1.63924100	2.00110700
19.87999950	1.63924100	2.00110700
19.89999950	1.72782400	2.00110700
19.91999950	1.77211500	2.08815200
19.93999950	1.77211500	2.08815200
19.95999950	1.81640600	2.08815200
19.97999950	1.86069800	2.17519700
19.99999949	1.94928000	2.17519700
20.01999949	1.94928000	2.17519700
20.03999949	1.99357200	2.17519700
20.05999949	2.03786300	2.17519700
