Time	Channel A	Channel B
(ms)	(V)	(V)

0.00000000	2.17089100	0.17378200
0.02000000	2.17089100	0.17378200
0.04000000	2.17089100	0.17378200
0.06000000	2.17089100	0.17378200
0.08000000	2.17089100	0.26082680
0.10000000	2.17089100	0.17378200
0.12000000	2.17089100	0.26082680
0.14000000	2.17089100	0.26082680
0.16000000	2.17089100	0.34787150
0.18000000	2.21518200	0.34787150
0.19999999	2.21518200	0.34787150
0.21999999	2.21518200	0.34787150
0.23999999	2.17089100	0.34787150
0.25999999	2.17089100	0.34787150
0.27999999	2.21518200	0.43491630
0.29999999	2.17089100	0.43491630
0.31999999	2.21518200	0.43491630
0.33999999	2.21518200	0.52196110
0.35999999	2.17089100	0.52196110
0.37999999	2.17089100	0.52196110
0.39999999	2.17089100	0.52196110
0.41999999	2.17089100	0.60900590
0.43999999	2.21518200	0.60900590
0.45999999	2.17089100	0.60900590
0.47999999	2.17089100	0.60900590
0.49999999	2.17089100	0.60900590
0.51999999	2.17089100	0.69605070
0.53999999	2.21518200	0.69605070
0.55999999	2.17089100	0.69605070
0.57999999	2.17089100	0.69605070
0.59999998	2.17089100	0.78309550
0.61999998	2.17089100	0.78309550
0.63999998	2.17089100	0.78309550
0.65999998	2.17089100	0.78309550
0.67999998	2.17089100	0.78309550
0.69999998	2.17089100	0.86983270
0.71999998	2.17089100	0.86983270
0.73999998	2.21518200	0.86983270
0.75999998	2.21518200	0.95687750
0.77999998	2.21518200	0.95687750
0.79999998	2.17089100	0.95687750
0.81999998	2.21518200	0.95687750
0.83999998	2.17089100	1.04392200
0.85999998	2.21518200	1.04392200
0.87999998	2.17089100	1.04392200
0.89999998	2.21518200	1.04392200
0.91999998	2.17089100	1.13096700
0.93999998	2.17089100	1.04392200
0.95999998	2.17089100	1.13096700
0.97999998	2.17089100	1.21801200
0.99999997	2.17089100	1.21801200
1.01999997	2.17089100	1.21801200
1.03999997	2.17089100	1.21801200
1.05999997	2.17089100	1.21801200
1.07999997	2.21518200	1.21801200
1.09999997	2.17089100	1.30505700
1.11999997	2.17089100	1.30505700
1.13999997	2.17089100	1.30505700
1.15999997	2.17089100	1.30505700
1.17999997	2.17089100	1.30505700
1.19999997	2.17089100	1.30505700
1.21999997	2.17089100	1.39210100
1.23999997	2.12659900	1.39210100
1.25999997	2.17089100	1.47914600
1.27999997	2.17089100	1.47914600
1.29999997	2.17089100	1.47914600
1.31999997	2.17089100	1.47914600
1.33999997	2.12659900	1.56619100
1.35999997	2.17089100	1.56619100
1.37999997	2.17089100	1.56619100
1.39999996	2.12659900	1.56619100
1.41999996	2.17089100	1.56619100
1.43999996	2.12659900	1.65323600
1.45999996	2.12659900	1.65323600
1.47999996	2.17089100	1.65323600
1.49999996	2.17089100	1.65323600
1.51999996	2.17089100	1.65323600
1.53999996	2.17089100	1.73997300
1.55999996	2.12659900	1.73997300
1.57999996	2.12659900	1.82701800
1.59999996	2.17089100	1.82701800
1.61999996	2.12659900	1.82701800
1.63999996	2.12659900	1.82701800
1.65999996	2.17089100	1.82701800
1.67999996	2.12659900	1.82701800
1.69999996	2.17089100	1.91406300
1.71999996	2.17089100	1.91406300
1.73999996	2.12659900	1.91406300
1.75999996	2.12659900	2.00110700
1.77999996	2.12659900	2.00110700
1.79999995	2.12659900	2.00110700
1.81999995	2.12659900	2.00110700
1.83999995	2.08230800	2.00110700
1.85999995	2.12659900	2.08815200
1.87999995	2.12659900	2.08815200
1.89999995	2.12659900	2.08815200
1.91999995	2.17089100	2.08815200
1.93999995	2.12659900	2.17519700
1.95999995	2.12659900	2.17519700
1.97999995	2.12659900	2.17519700
1.99999995	2.08230800	2.17519700
2.01999995	2.12659900	2.26224200
2.03999995	2.12659900	2.26224200
2.05999995	2.12659900	2.26224200
2.07999995	2.12659900	2.26224200
2.09999995	2.12659900	2.34928600
2.11999995	2.12659900	2.26224200
2.13999995	2.12659900	2.34928600
2.15999995	2.12659900	2.34928600
2.17999994	2.12659900	2.34928600
2.19999994	2.12659900	2.43633100
2.21999994	2.12659900	2.43633100
2.23999994	2.12659900	2.43633100
2.25999994	2.12659900	2.52337600
2.27999994	2.12659900	2.43633100
2.29999994	2.12659900	2.52337600
2.31999994	2.12659900	2.52337600
2.33999994	2.12659900	2.61011300
2.35999994	2.12659900	2.61011300
2.37999994	2.12659900	2.61011300
2.39999994	2.17089100	2.61011300
2.41999994	2.12659900	2.69715800
2.43999994	2.12659900	2.61011300
2.45999994	2.17089100	2.69715800
2.47999994	2.12659900	2.69715800
2.49999994	2.12659900	2.69715800
2.51999994	2.17089100	2.78420300
2.53999994	2.17089100	2.78420300
2.55999994	2.12659900	2.78420300
2.57999993	2.17089100	2.78420300
2.59999993	2.17089100	2.78420300
2.61999993	2.17089100	2.87124800
2.63999993	2.17089100	2.87124800
2.65999993	2.12659900	2.87124800
2.67999993	2.17089100	2.87124800
2.69999993	2.12659900	2.95829200
2.71999993	2.17089100	2.95829200
2.73999993	2.17089100	2.95829200
2.75999993	2.17089100	2.95829200
2.77999993	2.12659900	3.04533700
2.79999993	2.17089100	3.04533700
2.81999993	2.12659900	3.04533700
2.83999993	2.17089100	3.04533700
2.85999993	2.17089100	3.04533700
2.87999993	2.17089100	3.13238200
2.89999993	2.17089100	3.13238200
2.91999993	2.17089100	3.13238200
2.93999993	2.17089100	3.13238200
2.95999993	2.17089100	3.21942700
2.97999992	2.12659900	3.21942700
2.99999992	2.17089100	3.21942700
3.01999992	2.17089100	3.21942700
3.03999992	2.17089100	3.21942700
3.05999992	2.17089100	3.30647100
3.07999992	2.17089100	3.30647100
3.09999992	2.17089100	3.30647100
3.11999992	2.17089100	3.30647100
3.13999992	2.17089100	3.30647100
3.15999992	2.17089100	3.39351600
3.17999992	2.17089100	3.39351600
3.19999992	2.17089100	3.48025300
3.21999992	2.17089100	3.48025300
3.23999992	2.17089100	3.48025300
3.25999992	2.17089100	3.48025300
3.27999992	2.21518200	3.48025300
3.29999992	2.17089100	3.56729800
3.31999992	2.17089100	3.56729800
3.33999992	2.17089100	3.56729800
3.35999992	2.17089100	3.56729800
3.37999991	2.17089100	3.56729800
3.39999991	2.17089100	3.65434300
3.41999991	2.17089100	3.65434300
3.43999991	2.17089100	3.65434300
3.45999991	2.17089100	3.65434300
3.47999991	2.17089100	3.74138800
3.49999991	2.17089100	3.74138800
3.51999991	2.17089100	3.74138800
3.53999991	2.17089100	3.82843300
3.55999991	2.17089100	3.82843300
3.57999991	2.17089100	3.82843300
3.59999991	2.17089100	3.82843300
3.61999991	2.12659900	3.82843300
3.63999991	2.17089100	3.91547700
3.65999991	2.17089100	3.91547700
3.67999991	2.17089100	3.91547700
3.69999991	2.12659900	3.91547700
3.71999991	2.17089100	3.91547700
3.73999991	2.17089100	4.00252200
3.75999991	2.17089100	4.00252200
3.77999990	2.17089100	4.00252200
3.79999990	2.17089100	4.00252200
3.81999990	2.17089100	4.08956700
3.83999990	2.17089100	4.08956700
3.85999990	2.17089100	4.08956700
3.87999990	2.17089100	4.08956700
3.89999990	2.12659900	4.17661200
3.91999990	2.12659900	4.08956700
3.93999990	2.17089100	4.17661200
3.95999990	2.17089100	4.17661200
3.97999990	2.17089100	4.26365700
3.99999990	2.12659900	4.17661200
4.01999990	2.12659900	4.26365700
4.03999990	2.12659900	4.26365700
4.05999990	2.12659900	4.35039400
4.07999990	2.17089100	4.35039400
4.09999990	2.12659900	4.35039400
4.11999990	2.12659900	4.43743800
4.13999990	2.12659900	4.35039400
4.15999989	2.17089100	4.43743800
4.17999989	2.12659900	4.43743800
4.19999989	2.12659900	4.43743800
4.21999989	2.12659900	4.52448300
4.23999989	2.12659900	4.52448300
4.25999989	2.12659900	4.52448300
4.27999989	2.12659900	4.52448300
4.29999989	2.12659900	4.52448300
4.31999989	2.12659900	4.61152800
4.33999989	2.12659900	4.61152800
4.35999989	2.12659900	4.61152800
4.37999989	2.12659900	4.61152800
4.39999989	2.12659900	4.61152800
4.41999989	2.12659900	4.69857300
4.43999989	2.12659900	4.69857300
4.45999989	2.12659900	4.69857300
4.47999989	2.12659900	4.78561800
4.49999989	2.12659900	4.78561800
4.51999989	2.17089100	4.78561800
4.53999989	2.12659900	4.78561800
4.55999988	2.12659900	4.87266300
4.57999988	2.12659900	4.87266300
4.59999988	2.12659900	4.87266300
4.61999988	2.12659900	4.87266300
4.63999988	2.12659900	4.87266300
4.65999988	2.17089100	4.87266300
4.67999988	2.12659900	4.95970700
4.69999988	2.12659900	4.95970700
4.71999988	2.12659900	4.87266300
4.73999988	2.12659900	4.87266300
4.75999988	2.12659900	4.87266300
4.77999988	2.12659900	4.87266300
4.79999988	2.12659900	4.87266300
4.81999988	2.12659900	4.78561800
4.83999988	2.12659900	4.78561800
4.85999988	2.17089100	4.69857300
4.87999988	2.12659900	4.69857300
4.89999988	2.12659900	4.69857300
4.91999988	2.12659900	4.69857300
4.93999988	2.12659900	4.69857300
4.95999987	2.12659900	4.61152800
4.97999987	2.12659900	4.61152800
4.99999987	2.12659900	4.61152800
5.01999987	2.12659900	4.61152800
5.03999987	2.12659900	4.52448300
5.05999987	2.12659900	4.52448300
5.07999987	2.12659900	4.52448300
5.09999987	2.12659900	4.52448300
5.11999987	2.12659900	4.43743800
5.13999987	2.17089100	4.43743800
5.15999987	2.12659900	4.43743800
5.17999987	2.12659900	4.43743800
5.19999987	2.12659900	4.35039400
5.21999987	2.12659900	4.35039400
5.23999987	2.17089100	4.35039400
5.25999987	2.12659900	4.35039400
5.27999987	2.12659900	4.35039400
5.29999987	2.12659900	4.26365700
5.31999987	2.12659900	4.26365700
5.33999987	2.12659900	4.26365700
5.35999986	2.12659900	4.26365700
5.37999986	2.08230800	4.17661200
5.39999986	2.12659900	4.17661200
5.41999986	2.12659900	4.17661200
5.43999986	2.12659900	4.17661200
5.45999986	2.08230800	4.08956700
5.47999986	2.12659900	4.08956700
5.49999986	2.12659900	4.08956700
5.51999986	2.12659900	4.08956700
5.53999986	2.12659900	4.00252200
5.55999986	2.12659900	4.00252200
5.57999986	2.12659900	4.00252200
5.59999986	2.12659900	4.00252200
5.61999986	2.08230800	4.00252200
5.63999986	2.12659900	3.91547700
5.65999986	2.08230800	3.91547700
5.67999986	2.12659900	3.91547700
5.69999986	2.12659900	3.91547700
5.71999986	2.12659900	3.82843300
5.73999985	2.12659900	3.82843300
5.75999985	2.12659900	3.82843300
5.77999985	2.12659900	3.82843300
5.79999985	2.12659900	3.74138800
5.81999985	2.12659900	3.74138800
5.83999985	2.12659900	3.74138800
5.85999985	2.12659900	3.74138800
5.87999985	2.12659900	3.74138800
5.89999985	2.12659900	3.65434300
5.91999985	2.08230800	3.65434300
5.93999985	2.12659900	3.65434300
5.95999985	2.12659900	3.65434300
5.97999985	2.12659900	3.56729800
5.99999985	2.12659900	3.56729800
6.01999985	2.12659900	3.56729800
6.03999985	2.08230800	3.48025300
6.05999985	2.12659900	3.48025300
6.07999985	2.12659900	3.48025300
6.09999985	2.12659900	3.48025300
6.11999985	2.12659900	3.48025300
6.13999984	2.12659900	3.39351600
6.15999984	2.12659900	3.39351600
6.17999984	2.12659900	3.39351600
6.19999984	2.12659900	3.30647100
6.21999984	2.12659900	3.39351600
6.23999984	2.12659900	3.30647100
6.25999984	2.08230800	3.30647100
6.27999984	2.12659900	3.30647100
6.29999984	2.12659900	3.30647100
6.31999984	2.12659900	3.21942700
6.33999984	2.17089100	3.21942700
6.35999984	2.12659900	3.21942700
6.37999984	2.12659900	3.21942700
6.39999984	2.12659900	3.13238200
6.41999984	2.17089100	3.13238200
6.43999984	2.12659900	3.13238200
6.45999984	2.12659900	3.04533700
6.47999984	2.12659900	3.04533700
6.49999984	2.12659900	3.04533700
6.51999984	2.12659900	3.04533700
6.53999983	2.12659900	2.95829200
6.55999983	2.17089100	2.95829200
6.57999983	2.17089100	2.95829200
6.59999983	2.12659900	2.95829200
6.61999983	2.12659900	2.95829200
6.63999983	2.12659900	2.87124800
6.65999983	2.12659900	2.87124800
6.67999983	2.17089100	2.87124800
6.69999983	2.12659900	2.87124800
6.71999983	2.12659900	2.87124800
6.73999983	2.12659900	2.78420300
6.75999983	2.12659900	2.78420300
6.77999983	2.12659900	2.78420300
6.79999983	2.17089100	2.69715800
6.81999983	2.17089100	2.69715800
6.83999983	2.17089100	2.69715800
6.85999983	2.17089100	2.69715800
6.87999983	2.12659900	2.69715800
6.89999983	2.17089100	2.61011300
6.91999983	2.12659900	2.61011300
6.93999982	2.17089100	2.61011300
6.95999982	2.17089100	2.61011300
6.97999982	2.17089100	2.52337600
6.99999982	2.17089100	2.52337600
7.01999982	2.17089100	2.52337600
7.03999982	2.17089100	2.52337600
7.05999982	2.12659900	2.43633100
7.07999982	2.17089100	2.43633100
7.09999982	2.17089100	2.43633100
7.11999982	2.17089100	2.43633100
7.13999982	2.17089100	2.34928600
7.15999982	2.17089100	2.34928600
7.17999982	2.17089100	2.34928600
7.19999982	2.17089100	2.34928600
7.21999982	2.12659900	2.26224200
7.23999982	2.17089100	2.26224200
7.25999982	2.17089100	2.26224200
7.27999982	2.17089100	2.26224200
7.29999982	2.17089100	2.17519700
7.31999982	2.17089100	2.17519700
7.33999981	2.17089100	2.17519700
7.35999981	2.17089100	2.17519700
7.37999981	2.17089100	2.17519700
7.39999981	2.17089100	2.08815200
7.41999981	2.17089100	2.08815200
7.43999981	2.17089100	2.08815200
7.45999981	2.17089100	2.08815200
7.47999981	2.17089100	2.08815200
7.49999981	2.21518200	2.00110700
7.51999981	2.17089100	2.00110700
7.53999981	2.17089100	2.00110700
7.55999981	2.17089100	1.91406300
7.57999981	2.21518200	1.91406300
7.59999981	2.17089100	1.91406300
7.61999981	2.17089100	1.91406300
7.63999981	2.17089100	1.91406300
7.65999981	2.21518200	1.82701800
7.67999981	2.21518200	1.82701800
7.69999981	2.17089100	1.82701800
7.71999980	2.17089100	1.82701800
7.73999980	2.12659900	1.82701800
7.75999980	2.21518200	1.73997300
7.77999980	2.17089100	1.73997300
7.79999980	2.17089100	1.73997300
7.81999980	2.12659900	1.73997300
7.83999980	2.17089100	1.65323600
7.85999980	2.17089100	1.65323600
7.87999980	2.17089100	1.65323600
7.89999980	2.12659900	1.56619100
7.91999980	2.17089100	1.56619100
7.93999980	2.17089100	1.56619100
7.95999980	2.17089100	1.56619100
7.97999980	2.17089100	1.47914600
7.99999980	2.17089100	1.47914600
8.01999980	2.17089100	1.47914600
8.03999980	2.17089100	1.47914600
8.05999980	2.12659900	1.47914600
8.07999980	2.12659900	1.39210100
8.09999980	2.12659900	1.39210100
8.11999979	2.17089100	1.39210100
8.13999979	2.17089100	1.30505700
8.15999979	2.17089100	1.39210100
8.17999979	2.17089100	1.30505700
8.19999979	2.12659900	1.21801200
8.21999979	2.12659900	1.30505700
8.23999979	2.17089100	1.21801200
8.25999979	2.12659900	1.21801200
8.27999979	2.17089100	1.21801200
8.29999979	2.17089100	1.21801200
8.31999979	2.12659900	1.13096700
8.33999979	2.12659900	1.13096700
8.35999979	2.17089100	1.13096700
8.37999979	2.17089100	1.13096700
8.39999979	2.12659900	1.04392200
8.41999979	2.12659900	1.04392200
8.43999979	2.17089100	1.04392200
8.45999979	2.17089100	1.04392200
8.47999979	2.12659900	1.04392200
8.49999979	2.12659900	0.95687750
8.51999978	2.12659900	0.95687750
8.53999978	2.12659900	0.95687750
8.55999978	2.12659900	0.95687750
8.57999978	2.12659900	0.86983270
8.59999978	2.12659900	0.86983270
8.61999978	2.17089100	0.86983270
8.63999978	2.12659900	0.86983270
8.65999978	2.12659900	0.78309550
8.67999978	2.12659900	0.78309550
8.69999978	2.12659900	0.78309550
8.71999978	2.12659900	0.78309550
8.73999978	2.12659900	0.69605070
8.75999978	2.12659900	0.69605070
8.77999978	2.12659900	0.69605070
8.79999978	2.08230800	0.69605070
8.81999978	2.12659900	0.60900590
8.83999978	2.12659900	0.60900590
8.85999978	2.12659900	0.60900590
8.87999978	2.12659900	0.60900590
8.89999978	2.12659900	0.52196110
8.91999977	2.08230800	0.52196110
8.93999977	2.12659900	0.52196110
8.95999977	2.12659900	0.52196110
8.97999977	2.12659900	0.52196110
8.99999977	2.12659900	0.43491630
9.01999977	2.12659900	0.43491630
9.03999977	2.12659900	0.43491630
9.05999977	2.17089100	0.34787150
9.07999977	2.12659900	0.43491630
9.09999977	2.12659900	0.34787150
9.11999977	2.12659900	0.34787150
9.13999977	2.12659900	0.34787150
9.15999977	2.12659900	0.34787150
9.17999977	2.12659900	0.26082680
9.19999977	2.12659900	0.26082680
9.21999977	2.12659900	0.26082680
9.23999977	2.12659900	0.17378200
9.25999977	2.12659900	0.17378200
9.27999977	2.12659900	0.17378200
9.29999977	2.17089100	0.17378200
9.31999976	2.17089100	0.17378200
9.33999976	2.12659900	0.08673721
9.35999976	2.12659900	0.08673721
9.37999976	2.17089100	0.08673721
9.39999976	2.17089100	0.08673721
9.41999976	2.17089100	0.00000000
9.43999976	2.17089100	0.00000000
9.45999976	2.12659900	0.00000000
9.47999976	2.17089100	0.00000000
9.49999976	2.17089100	-0.08673721
9.51999976	2.12659900	-0.08673721
9.53999976	2.17089100	-0.08673721
9.55999976	2.17089100	-0.08673721
9.57999976	2.17089100	-0.17378200
9.59999976	2.17089100	-0.17378200
9.61999976	2.17089100	-0.17378200
9.63999976	2.17089100	-0.17378200
9.65999976	2.17089100	-0.17378200
9.67999976	2.17089100	-0.26082680
9.69999975	2.17089100	-0.26082680
9.71999975	2.21518200	-0.26082680
9.73999975	2.17089100	-0.26082680
9.75999975	2.17089100	-0.34787150
9.77999975	2.17089100	-0.34787150
9.79999975	2.17089100	-0.34787150
9.81999975	2.17089100	-0.34787150
9.83999975	2.17089100	-0.34787150
9.85999975	2.17089100	-0.34787150
9.87999975	2.17089100	-0.43491630
9.89999975	2.17089100	-0.43491630
9.91999975	2.17089100	-0.43491630
9.93999975	2.17089100	-0.43491630
9.95999975	2.17089100	-0.43491630
9.97999975	2.17089100	-0.52196110
9.99999975	2.17089100	-0.52196110
10.01999975	2.17089100	-0.52196110
10.03999975	2.17089100	-0.52196110
10.05999975	2.17089100	-0.52196110
10.07999975	2.21518200	-0.60900590
10.09999974	2.17089100	-0.60900590
10.11999974	2.17089100	-0.60900590
10.13999974	2.17089100	-0.60900590
10.15999974	2.21518200	-0.60900590
10.17999974	2.17089100	-0.60900590
10.19999974	2.17089100	-0.69605070
10.21999974	2.17089100	-0.69605070
10.23999974	2.17089100	-0.69605070
10.25999974	2.17089100	-0.69605070
10.27999974	2.17089100	-0.78309550
10.29999974	2.21518200	-0.78309550
10.31999974	2.17089100	-0.78309550
10.33999974	2.21518200	-0.78309550
10.35999974	2.17089100	-0.78309550
10.37999974	2.17089100	-0.78309550
10.39999974	2.21518200	-0.86983270
10.41999974	2.17089100	-0.86983270
10.43999974	2.17089100	-0.86983270
10.45999974	2.21518200	-0.95687750
10.47999974	2.17089100	-0.95687750
10.49999973	2.17089100	-0.95687750
10.51999973	2.21518200	-0.95687750
10.53999973	2.17089100	-0.95687750
10.55999973	2.17089100	-0.95687750
10.57999973	2.21518200	-0.95687750
10.59999973	2.17089100	-1.04392200
10.61999973	2.17089100	-1.04392200
10.63999973	2.17089100	-1.04392200
10.65999973	2.17089100	-1.04392200
10.67999973	2.17089100	-1.04392200
10.69999973	2.17089100	-1.13096700
10.71999973	2.17089100	-1.13096700
10.73999973	2.17089100	-1.13096700
10.75999973	2.17089100	-1.13096700
10.77999973	2.17089100	-1.21801200
10.79999973	2.17089100	-1.21801200
10.81999973	2.17089100	-1.21801200
10.83999973	2.21518200	-1.21801200
10.85999973	2.21518200	-1.30505700
10.87999973	2.17089100	-1.21801200
10.89999972	2.17089100	-1.30505700
10.91999972	2.21518200	-1.30505700
10.93999972	2.21518200	-1.30505700
10.95999972	2.17089100	-1.30505700
10.97999972	2.21518200	-1.39210100
10.99999972	2.17089100	-1.39210100
11.01999972	2.17089100	-1.39210100
11.03999972	2.17089100	-1.39210100
11.05999972	2.17089100	-1.39210100
11.07999972	2.21518200	-1.47914600
11.09999972	2.21518200	-1.47914600
11.11999972	2.17089100	-1.47914600
11.13999972	2.21518200	-1.47914600
11.15999972	2.17089100	-1.56619100
11.17999972	2.21518200	-1.56619100
11.19999972	2.17089100	-1.56619100
11.21999972	2.21518200	-1.56619100
11.23999972	2.21518200	-1.56619100
11.25999972	2.17089100	-1.56619100
11.27999972	2.17089100	-1.65323600
11.29999971	2.21518200	-1.65323600
11.31999971	2.17089100	-1.65323600
11.33999971	2.17089100	-1.65323600
11.35999971	2.17089100	-1.65323600
11.37999971	2.17089100	-1.65323600
11.39999971	2.21518200	-1.73997300
11.41999971	2.21518200	-1.73997300
11.43999971	2.17089100	-1.73997300
11.45999971	2.21518200	-1.73997300
11.47999971	2.17089100	-1.82701800
11.49999971	2.21518200	-1.82701800
11.51999971	2.17089100	-1.82701800
11.53999971	2.21518200	-1.82701800
11.55999971	2.17089100	-1.82701800
11.57999971	2.21518200	-1.91406300
11.59999971	2.17089100	-1.91406300
11.61999971	2.17089100	-1.91406300
11.63999971	2.17089100	-1.91406300
11.65999971	2.21518200	-1.91406300
11.67999970	2.21518200	-2.00110700
11.69999970	2.21518200	-2.00110700
11.71999970	2.17089100	-2.00110700
11.73999970	2.21518200	-2.00110700
11.75999970	2.17089100	-2.00110700
11.77999970	2.17089100	-2.00110700
11.79999970	2.17089100	-2.08815200
11.81999970	2.17089100	-2.08815200
11.83999970	2.17089100	-2.08815200
11.85999970	2.21518200	-2.08815200
11.87999970	2.21518200	-2.17519700
11.89999970	2.21518200	-2.17519700
11.91999970	2.17089100	-2.17519700
11.93999970	2.17089100	-2.17519700
11.95999970	2.17089100	-2.17519700
11.97999970	2.17089100	-2.26224200
11.99999970	2.17089100	-2.26224200
12.01999970	2.21518200	-2.26224200
12.03999970	2.17089100	-2.26224200
12.05999970	2.21518200	-2.34928600
12.07999969	2.17089100	-2.34928600
12.09999969	2.17089100	-2.34928600
12.11999969	2.21518200	-2.34928600
12.13999969	2.17089100	-2.34928600
12.15999969	2.17089100	-2.43633100
12.17999969	2.17089100	-2.43633100
12.19999969	2.17089100	-2.43633100
12.21999969	2.17089100	-2.43633100
12.23999969	2.17089100	-2.43633100
12.25999969	2.17089100	-2.52337600
12.27999969	2.21518200	-2.52337600
12.29999969	2.17089100	-2.52337600
12.31999969	2.17089100	-2.52337600
12.33999969	2.17089100	-2.52337600
12.35999969	2.21518200	-2.52337600
12.37999969	2.17089100	-2.61011300
12.39999969	2.17089100	-2.61011300
12.41999969	2.17089100	-2.61011300
12.43999969	2.17089100	-2.61011300
12.45999969	2.17089100	-2.61011300
12.47999968	2.21518200	-2.61011300
12.49999968	2.21518200	-2.69715800
12.51999968	2.17089100	-2.69715800
12.53999968	2.17089100	-2.69715800
12.55999968	2.17089100	-2.69715800
12.57999968	2.17089100	-2.78420300
12.59999968	2.17089100	-2.78420300
12.61999968	2.17089100	-2.78420300
12.63999968	2.21518200	-2.78420300
12.65999968	2.21518200	-2.78420300
12.67999968	2.21518200	-2.87124800
12.69999968	2.17089100	-2.87124800
12.71999968	2.21518200	-2.87124800
12.73999968	2.21518200	-2.87124800
12.75999968	2.17089100	-2.87124800
12.77999968	2.17089100	-2.87124800
12.79999968	2.17089100	-2.95829200
12.81999968	2.17089100	-2.95829200
12.83999968	2.21518200	-2.95829200
12.85999968	2.17089100	-2.95829200
12.87999967	2.17089100	-3.04533700
12.89999967	2.21518200	-3.04533700
12.91999967	2.21518200	-3.04533700
12.93999967	2.17089100	-3.04533700
12.95999967	2.17089100	-3.04533700
12.97999967	2.17089100	-3.04533700
12.99999967	2.21518200	-3.13238200
13.01999967	2.17089100	-3.13238200
13.03999967	2.21518200	-3.13238200
13.05999967	2.17089100	-3.13238200
13.07999967	2.17089100	-3.13238200
13.09999967	2.21518200	-3.13238200
13.11999967	2.21518200	-3.21942700
13.13999967	2.21518200	-3.21942700
13.15999967	2.21518200	-3.21942700
13.17999967	2.21518200	-3.21942700
13.19999967	2.17089100	-3.21942700
13.21999967	2.21518200	-3.30647100
13.23999967	2.17089100	-3.30647100
13.25999967	2.21518200	-3.30647100
13.27999966	2.17089100	-3.30647100
13.29999966	2.17089100	-3.30647100
13.31999966	2.21518200	-3.39351600
13.33999966	2.17089100	-3.39351600
13.35999966	2.17089100	-3.39351600
13.37999966	2.17089100	-3.48025300
13.39999966	2.21518200	-3.48025300
13.41999966	2.17089100	-3.48025300
13.43999966	2.17089100	-3.48025300
13.45999966	2.17089100	-3.48025300
13.47999966	2.17089100	-3.48025300
13.49999966	2.17089100	-3.56729800
13.51999966	2.21518200	-3.56729800
13.53999966	2.17089100	-3.56729800
13.55999966	2.17089100	-3.56729800
13.57999966	2.17089100	-3.65434300
13.59999966	2.21518200	-3.65434300
13.61999966	2.17089100	-3.65434300
13.63999966	2.17089100	-3.65434300
13.65999965	2.17089100	-3.65434300
13.67999965	2.17089100	-3.65434300
13.69999965	2.17089100	-3.65434300
13.71999965	2.21518200	-3.74138800
13.73999965	2.17089100	-3.74138800
13.75999965	2.21518200	-3.74138800
13.77999965	2.17089100	-3.74138800
13.79999965	2.21518200	-3.74138800
13.81999965	2.21518200	-3.82843300
13.83999965	2.17089100	-3.82843300
13.85999965	2.21518200	-3.82843300
13.87999965	2.21518200	-3.82843300
13.89999965	2.21518200	-3.91547700
13.91999965	2.17089100	-3.91547700
13.93999965	2.21518200	-3.91547700
13.95999965	2.17089100	-3.91547700
13.97999965	2.17089100	-3.91547700
13.99999965	2.21518200	-3.91547700
14.01999965	2.17089100	-4.00252200
14.03999965	2.21518200	-4.00252200
14.05999964	2.17089100	-4.00252200
14.07999964	2.17089100	-4.00252200
14.09999964	2.17089100	-4.00252200
14.11999964	2.21518200	-4.08956700
14.13999964	2.17089100	-4.08956700
14.15999964	2.17089100	-4.08956700
14.17999964	2.21518200	-4.08956700
14.19999964	2.17089100	-4.08956700
14.21999964	2.17089100	-4.17661200
14.23999964	2.21518200	-4.17661200
14.25999964	2.21518200	-4.17661200
14.27999964	2.17089100	-4.17661200
14.29999964	2.17089100	-4.17661200
14.31999964	2.17089100	-4.08956700
14.33999964	2.21518200	-4.08956700
14.35999964	2.21518200	-4.08956700
14.37999964	2.17089100	-4.08956700
14.39999964	2.17089100	-4.08956700
14.41999964	2.17089100	-4.00252200
14.43999964	2.21518200	-4.08956700
14.45999963	2.17089100	-4.00252200
14.47999963	2.17089100	-4.00252200
14.49999963	2.17089100	-4.00252200
14.51999963	2.21518200	-3.91547700
14.53999963	2.17089100	-3.91547700
14.55999963	2.17089100	-3.91547700
14.57999963	2.17089100	-3.91547700
14.59999963	2.17089100	-3.91547700
14.61999963	2.17089100	-3.91547700
14.63999963	2.17089100	-3.82843300
14.65999963	2.17089100	-3.82843300
14.67999963	2.17089100	-3.82843300
14.69999963	2.17089100	-3.82843300
14.71999963	2.17089100	-3.82843300
14.73999963	2.17089100	-3.74138800
14.75999963	2.17089100	-3.82843300
14.77999963	2.17089100	-3.74138800
14.79999963	2.17089100	-3.74138800
14.81999963	2.17089100	-3.74138800
14.83999963	2.17089100	-3.65434300
14.85999962	2.17089100	-3.65434300
14.87999962	2.17089100	-3.65434300
14.89999962	2.17089100	-3.65434300
14.91999962	2.17089100	-3.65434300
14.93999962	2.21518200	-3.56729800
14.95999962	2.17089100	-3.56729800
14.97999962	2.17089100	-3.56729800
14.99999962	2.17089100	-3.56729800
15.01999962	2.21518200	-3.56729800
15.03999962	2.21518200	-3.48025300
15.05999962	2.17089100	-3.48025300
15.07999962	2.17089100	-3.48025300
15.09999962	2.21518200	-3.48025300
15.11999962	2.21518200	-3.48025300
15.13999962	2.17089100	-3.39351600
15.15999962	2.17089100	-3.39351600
15.17999962	2.17089100	-3.39351600
15.19999962	2.21518200	-3.39351600
15.21999962	2.17089100	-3.30647100
15.23999962	2.17089100	-3.30647100
15.25999961	2.17089100	-3.30647100
15.27999961	2.17089100	-3.30647100
15.29999961	2.17089100	-3.30647100
15.31999961	2.21518200	-3.21942700
15.33999961	2.17089100	-3.21942700
15.35999961	2.17089100	-3.21942700
15.37999961	2.17089100	-3.21942700
15.39999961	2.17089100	-3.21942700
15.41999961	2.21518200	-3.21942700
15.43999961	2.17089100	-3.13238200
15.45999961	2.21518200	-3.13238200
15.47999961	2.21518200	-3.13238200
15.49999961	2.17089100	-3.13238200
15.51999961	2.17089100	-3.13238200
15.53999961	2.21518200	-3.04533700
15.55999961	2.17089100	-3.04533700
15.57999961	2.17089100	-3.04533700
15.59999961	2.17089100	-3.04533700
15.61999961	2.21518200	-3.04533700
15.63999960	2.17089100	-2.95829200
15.65999960	2.17089100	-2.95829200
15.67999960	2.17089100	-2.95829200
15.69999960	2.17089100	-2.87124800
15.71999960	2.17089100	-2.87124800
15.73999960	2.17089100	-2.87124800
15.75999960	2.17089100	-2.87124800
15.77999960	2.17089100	-2.87124800
15.79999960	2.21518200	-2.87124800
15.81999960	2.17089100	-2.87124800
15.83999960	2.17089100	-2.78420300
15.85999960	2.17089100	-2.78420300
15.87999960	2.17089100	-2.78420300
15.89999960	2.17089100	-2.78420300
15.91999960	2.21518200	-2.78420300
15.93999960	2.21518200	-2.69715800
15.95999960	2.21518200	-2.69715800
15.97999960	2.17089100	-2.69715800
15.99999960	2.17089100	-2.69715800
16.01999960	2.17089100	-2.61011300
16.03999959	2.21518200	-2.69715800
16.05999959	2.21518200	-2.61011300
16.07999959	2.17089100	-2.61011300
16.09999959	2.17089100	-2.61011300
16.11999959	2.17089100	-2.61011300
16.13999959	2.17089100	-2.52337600
16.15999959	2.17089100	-2.52337600
16.17999959	2.17089100	-2.52337600
16.19999959	2.21518200	-2.52337600
16.21999959	2.21518200	-2.52337600
16.23999959	2.17089100	-2.43633100
16.25999959	2.17089100	-2.43633100
16.27999959	2.17089100	-2.43633100
16.29999959	2.21518200	-2.43633100
16.31999959	2.17089100	-2.43633100
16.33999959	2.21518200	-2.34928600
16.35999959	2.17089100	-2.34928600
16.37999959	2.21518200	-2.34928600
16.39999959	2.17089100	-2.34928600
16.41999959	2.21518200	-2.26224200
16.43999958	2.21518200	-2.26224200
16.45999958	2.17089100	-2.26224200
16.47999958	2.17089100	-2.26224200
16.49999958	2.17089100	-2.26224200
16.51999958	2.17089100	-2.26224200
16.53999958	2.17089100	-2.17519700
16.55999958	2.17089100	-2.17519700
16.57999958	2.21518200	-2.17519700
16.59999958	2.17089100	-2.17519700
16.61999958	2.17089100	-2.17519700
16.63999958	2.17089100	-2.08815200
16.65999958	2.17089100	-2.08815200
16.67999958	2.17089100	-2.08815200
16.69999958	2.17089100	-2.08815200
16.71999958	2.17089100	-2.00110700
16.73999958	2.17089100	-2.08815200
16.75999958	2.21518200	-2.00110700
16.77999958	2.17089100	-2.00110700
16.79999958	2.17089100	-2.00110700
16.81999958	2.17089100	-1.91406300
16.83999957	2.17089100	-1.91406300
16.85999957	2.17089100	-1.91406300
16.87999957	2.17089100	-1.91406300
16.89999957	2.21518200	-1.91406300
16.91999957	2.17089100	-1.82701800
16.93999957	2.21518200	-1.82701800
16.95999957	2.21518200	-1.82701800
16.97999957	2.17089100	-1.82701800
16.99999957	2.21518200	-1.82701800
17.01999957	2.21518200	-1.73997300
17.03999957	2.17089100	-1.73997300
17.05999957	2.17089100	-1.73997300
17.07999957	2.17089100	-1.73997300
17.09999957	2.17089100	-1.73997300
17.11999957	2.21518200	-1.73997300
17.13999957	2.17089100	-1.65323600
17.15999957	2.17089100	-1.65323600
17.17999957	2.21518200	-1.65323600
17.19999957	2.21518200	-1.65323600
17.21999956	2.17089100	-1.65323600
17.23999956	2.17089100	-1.56619100
17.25999956	2.17089100	-1.56619100
17.27999956	2.17089100	-1.56619100
17.29999956	2.17089100	-1.47914600
17.31999956	2.17089100	-1.56619100
17.33999956	2.17089100	-1.47914600
17.35999956	2.17089100	-1.47914600
17.37999956	2.17089100	-1.47914600
17.39999956	2.21518200	-1.47914600
17.41999956	2.17089100	-1.47914600
17.43999956	2.17089100	-1.39210100
17.45999956	2.21518200	-1.39210100
17.47999956	2.21518200	-1.39210100
17.49999956	2.21518200	-1.39210100
17.51999956	2.17089100	-1.30505700
17.53999956	2.21518200	-1.30505700
17.55999956	2.21518200	-1.30505700
17.57999956	2.17089100	-1.30505700
17.59999956	2.17089100	-1.30505700
17.61999955	2.17089100	-1.21801200
17.63999955	2.17089100	-1.21801200
17.65999955	2.21518200	-1.21801200
17.67999955	2.17089100	-1.21801200
17.69999955	2.21518200	-1.21801200
17.71999955	2.17089100	-1.13096700
17.73999955	2.17089100	-1.13096700
17.75999955	2.17089100	-1.13096700
17.77999955	2.17089100	-1.13096700
17.79999955	2.17089100	-1.13096700
17.81999955	2.17089100	-1.04392200
17.83999955	2.17089100	-1.04392200
17.85999955	2.17089100	-1.04392200
17.87999955	2.17089100	-1.04392200
17.89999955	2.17089100	-1.04392200
17.91999955	2.17089100	-0.95687750
17.93999955	2.17089100	-0.95687750
17.95999955	2.21518200	-0.95687750
17.97999955	2.21518200	-0.95687750
17.99999955	2.17089100	-0.95687750
18.01999954	2.17089100	-0.86983270
18.03999954	2.17089100	-0.86983270
18.05999954	2.17089100	-0.86983270
18.07999954	2.21518200	-0.86983270
18.09999954	2.17089100	-0.78309550
18.11999954	2.17089100	-0.86983270
18.13999954	2.17089100	-0.78309550
18.15999954	2.17089100	-0.78309550
18.17999954	2.17089100	-0.78309550
18.19999954	2.17089100	-0.69605070
18.21999954	2.17089100	-0.69605070
18.23999954	2.17089100	-0.78309550
18.25999954	2.17089100	-0.69605070
18.27999954	2.17089100	-0.69605070
18.29999954	2.17089100	-0.60900590
18.31999954	2.17089100	-0.60900590
18.33999954	2.17089100	-0.60900590
18.35999954	2.17089100	-0.60900590
18.37999954	2.17089100	-0.60900590
18.39999954	2.17089100	-0.52196110
18.41999953	2.21518200	-0.52196110
18.43999953	2.17089100	-0.52196110
18.45999953	2.21518200	-0.52196110
18.47999953	2.21518200	-0.52196110
18.49999953	2.21518200	-0.52196110
18.51999953	2.17089100	-0.52196110
18.53999953	2.17089100	-0.43491630
18.55999953	2.17089100	-0.43491630
18.57999953	2.17089100	-0.43491630
18.59999953	2.17089100	-0.43491630
18.61999953	2.17089100	-0.34787150
18.63999953	2.17089100	-0.34787150
18.65999953	2.21518200	-0.34787150
18.67999953	2.17089100	-0.34787150
18.69999953	2.21518200	-0.34787150
18.71999953	2.17089100	-0.26082680
18.73999953	2.21518200	-0.26082680
18.75999953	2.17089100	-0.26082680
18.77999953	2.17089100	-0.26082680
18.79999953	2.17089100	-0.26082680
18.81999952	2.17089100	-0.17378200
18.83999952	2.17089100	-0.17378200
18.85999952	2.17089100	-0.17378200
18.87999952	2.17089100	-0.08673721
18.89999952	2.17089100	-0.17378200
18.91999952	2.17089100	-0.08673721
18.93999952	2.17089100	-0.08673721
18.95999952	2.12659900	-0.08673721
18.97999952	2.17089100	-0.08673721
18.99999952	2.17089100	0.00000000
19.01999952	2.17089100	0.00000000
19.03999952	2.17089100	0.00000000
19.05999952	2.17089100	0.08673721
19.07999952	2.17089100	0.08673721
19.09999952	2.17089100	0.08673721
19.11999952	2.17089100	0.08673721
19.13999952	2.17089100	0.08673721
19.15999952	2.21518200	0.08673721
19.17999952	2.17089100	0.17378200
19.19999951	2.17089100	0.17378200
19.21999951	2.21518200	0.17378200
19.23999951	2.21518200	0.26082680
19.25999951	2.21518200	0.26082680
19.27999951	2.17089100	0.26082680
19.29999951	2.21518200	0.26082680
19.31999951	2.17089100	0.26082680
19.33999951	2.21518200	0.26082680
19.35999951	2.21518200	0.34787150
19.37999951	2.21518200	0.34787150
19.39999951	2.17089100	0.34787150
19.41999951	2.17089100	0.34787150
19.43999951	2.17089100	0.43491630
19.45999951	2.17089100	0.43491630
19.47999951	2.17089100	0.43491630
19.49999951	2.21518200	0.52196110
19.51999951	2.21518200	0.52196110
19.53999951	2.17089100	0.52196110
19.55999951	2.17089100	0.60900590
19.57999951	2.17089100	0.60900590
19.59999950	2.17089100	0.60900590
19.61999950	2.17089100	0.60900590
19.63999950	2.21518200	0.60900590
19.65999950	2.21518200	0.60900590
19.67999950	2.17089100	0.69605070
19.69999950	2.17089100	0.69605070
19.71999950	2.17089100	0.78309550
19.73999950	2.17089100	0.69605070
19.75999950	2.17089100	0.78309550
19.77999950	2.17089100	0.78309550
19.79999950	2.17089100	0.78309550
19.81999950	2.17089100	0.78309550
19.83999950	2.17089100	0.86983270
19.85999950	2.17089100	0.86983270
19.87999950	2.17089100	0.86983270
19.89999950	2.21518200	0.86983270
19.91999950	2.17089100	0.95687750
19.93999950	2.17089100	0.95687750
19.95999950	2.17089100	0.95687750
19.97999950	2.17089100	0.95687750
19.99999949	2.17089100	0.95687750
20.01999949	2.17089100	1.04392200
20.03999949	2.17089100	1.04392200
20.05999949	2.17089100	1.13096700
