FLMS05814_1:101		
188.012	-103.13	
188.47	-103.13	
188.927	-103.13	
189.385	-63.34	
189.842	-107.81	
190.3	-105.47	
190.757	-37.59	
191.215	-79.72	
191.672	-75.04	
192.129	-65.68	
192.586	2.19	
193.044	-30.57	
193.501	-65.68	
193.958	-7.17	
194.415	34.96	
194.872	93.48	
195.329	-25.89	
195.787	30.28	
196.244	56.03	
196.7	147.31	
197.157	128.58	
197.614	107.52	
198.071	93.48	
198.528	184.76	
198.985	348.59	
199.441	381.36	
199.898	313.49	
200.355	362.64	
200.812	306.46	
201.268	407.11	
201.725	339.23	
202.181	425.83	
202.638	432.85	
203.094	329.87	
203.551	453.92	
204.007	435.19	
204.463	444.56	
204.92	444.56	
205.376	435.19	
205.832	449.24	
206.288	425.83	
206.744	421.15	
207.201	374.34	
207.657	430.51	
208.113	489.03	
208.569	435.19	
209.025	460.94	
209.481	470.3	
209.937	503.07	
210.392	402.43	
210.848	407.11	
211.304	463.28	
211.76	486.69	
212.215	400.09	
212.671	376.68	
213.127	416.47	
213.582	444.56	
214.038	414.13	
214.494	460.94	
214.949	482	
215.404	463.28	
215.86	467.96	
216.315	407.11	
216.771	467.96	
217.226	444.56	
217.681	505.41	
218.136	409.45	
218.592	355.62	
219.047	372	
219.502	360.3	
219.957	362.64	
220.412	381.36	
220.867	292.42	
221.322	306.46	
221.777	332.21	
222.232	409.45	
222.687	395.4	
223.142	430.51	
223.596	456.26	
224.051	416.47	
224.506	414.13	
224.96	453.92	
225.415	339.23	
225.87	409.45	
226.324	435.19	
226.779	346.25	
227.233	383.7	
227.688	393.06	
228.142	432.85	
228.597	421.15	
229.051	348.59	
229.505	400.09	
229.959	414.13	
230.414	500.73	
230.868	442.21	
231.322	341.57	
231.776	409.45	
232.23	449.24	
232.684	364.98	
233.138	402.43	
233.592	388.38	
234.046	395.4	
234.5	465.62	
234.954	381.36	
235.408	460.94	
235.861	458.6	
236.315	397.74	
236.769	409.45	
237.222	479.66	
237.676	430.51	
238.13	484.34	
238.583	397.74	
239.037	343.91	
239.49	411.79	
239.944	446.9	
240.397	451.58	
240.85	496.05	
241.304	395.4	
241.757	409.45	
242.21	390.72	
242.663	458.6	
243.117	423.49	
243.57	430.51	
244.023	381.36	
244.476	423.49	
244.929	474.98	
245.382	425.83	
245.835	414.13	
246.288	465.62	
246.741	505.41	
247.193	409.45	
247.646	458.6	
248.099	482	
248.552	423.49	
249.004	432.85	
249.457	470.3	
249.909	400.09	
250.362	383.7	
250.814	453.92	
251.267	458.6	
251.719	458.6	
252.172	376.68	
252.624	474.98	
253.076	467.96	
253.529	404.77	
253.981	357.96	
254.433	482	
254.885	517.11	
255.337	409.45	
255.79	435.19	
256.242	463.28	
256.694	458.6	
257.146	336.89	
257.598	404.77	
258.049	486.69	
258.501	458.6	
258.953	437.53	
259.405	460.94	
259.857	439.87	
260.308	437.53	
260.76	489.03	
261.212	460.94	
261.663	425.83	
262.115	442.21	
262.566	470.3	
263.018	482	
263.469	388.38	
263.92	421.15	
264.372	430.51	
264.823	416.47	
265.274	439.87	
265.726	453.92	
266.177	432.85	
266.628	460.94	
267.079	402.43	
267.53	460.94	
267.981	482	
268.432	416.47	
268.883	496.05	
269.334	512.43	
269.785	463.28	
270.236	491.37	
270.687	416.47	
271.137	474.98	
271.588	456.26	
272.039	453.92	
272.489	435.19	
272.94	435.19	
273.391	460.94	
273.841	456.26	
274.292	439.87	
274.742	528.81	
275.192	463.28	
275.643	477.32	
276.093	460.94	
276.543	474.98	
276.994	561.58	
277.444	491.37	
277.894	423.49	
278.344	477.32	
278.794	409.45	
279.244	428.17	
279.694	519.45	
280.144	533.5	
280.594	456.26	
281.044	493.71	
281.494	484.34	
281.944	472.64	
282.394	531.16	
282.843	456.26	
283.293	489.03	
283.743	465.62	
284.192	514.77	
284.642	414.13	
285.091	559.24	
285.541	388.38	
285.99	489.03	
286.44	484.34	
286.889	453.92	
287.338	470.3	
287.788	439.87	
288.237	444.56	
288.686	587.33	
289.135	514.77	
289.584	524.13	
290.034	545.2	
290.483	519.45	
290.932	521.79	
291.381	479.66	
291.83	465.62	
292.278	500.73	
292.727	453.92	
293.176	498.39	
293.625	453.92	
294.074	451.58	
294.522	538.18	
294.971	463.28	
295.42	477.32	
295.868	453.92	
296.317	547.54	
296.765	528.81	
297.214	519.45	
297.662	526.47	
298.11	463.28	
298.559	505.41	
299.007	510.09	
299.455	514.77	
299.903	486.69	
300.352	589.67	
300.8	507.75	
301.248	584.99	
301.696	559.24	
302.144	493.71	
302.592	610.73	
303.04	570.94	
303.488	584.99	
303.936	638.82	
304.383	657.54	
304.831	762.87	
305.279	896.28	
305.727	847.13	
306.174	800.32	
306.622	926.71	
307.069	1006.28	
307.517	1041.39	
307.964	1165.44	
308.412	1348	
308.859	1378.43	
309.306	1628.87	
309.754	1717.81	
310.201	1731.85	
310.648	1898.03	
311.096	1984.63	
311.543	2211.66	
311.99	2639.98	
312.437	3016.8	
312.884	3119.79	
313.331	3339.8	
313.778	3524.7	
314.225	3817.27	
314.672	4030.26	
315.118	4371.97	
315.565	4393.04	
316.012	4517.09	
316.459	4767.52	
316.905	4769.87	
317.352	4655.18	
317.798	5036.69	
318.245	5626.5	
318.691	5799.7	
319.138	6150.78	
319.584	6197.59	
320.031	6410.58	
320.477	6733.57	
320.923	7292.96	
321.37	7562.12	
321.816	8287.69	
322.262	8779.2	
322.708	8992.19	
323.154	8858.78	
323.6	9111.56	
324.046	8734.73	
324.492	8826.01	
324.938	9333.91	
325.384	10316.94	
325.83	11070.59	
326.276	11306.98	
326.721	11901.48	
327.167	13071.75	
327.613	14181.16	
328.058	14726.5	
328.504	14429.26	
328.949	14253.72	
329.395	13869.87	
329.84	14068.81	
330.286	14892.68	
330.731	15807.83	
331.177	17006.19	
331.622	16603.61	
332.067	15814.85	
332.512	15304.62	
332.957	15498.88	
333.403	15447.39	
333.848	15606.55	
334.293	15466.11	
334.738	15117.37	
335.183	14899.7	
335.628	15154.82	
336.072	15412.28	
336.517	15969.33	
336.962	15477.82	
337.407	15161.84	
337.852	14181.16	
338.296	14150.73	
338.741	14321.59	
339.185	14614.16	
339.63	15007.37	
340.074	15641.65	
340.519	15798.47	
340.963	16531.06	
341.408	16737.02	
341.852	17134.92	
342.296	16484.25	
342.741	16407.01	
343.185	16652.77	
343.629	16928.95	
344.073	17226.2	
344.517	17163	
344.961	16224.45	
345.405	15028.43	
345.849	14539.26	
346.293	15332.7	
346.737	15887.41	
347.181	15889.75	
347.624	16219.77	
348.068	16404.67	
348.512	16268.92	
348.955	15983.37	
349.399	15728.25	
349.843	15817.19	
350.286	15709.53	
350.73	15655.7	
351.173	16285.3	
351.617	16825.96	
352.06	17521.1	
352.503	17186.41	
352.946	17151.3	
353.39	16364.88	
353.833	16196.36	
354.276	15831.24	
354.719	17261.3	
355.162	18197.52	
355.605	18431.57	
356.048	18586.05	
356.491	18656.26	
356.934	18553.28	
357.377	17748.14	
357.82	17233.22	
358.262	15849.96	
358.705	15271.85	
359.148	14265.42	
359.59	13479	
360.033	13469.64	
360.475	15005.03	
360.918	17333.86	
361.36	17785.58	
361.803	17181.73	
362.245	16652.77	
362.688	15866.35	
363.13	16074.65	
363.572	16985.12	
364.014	17380.67	
364.456	17415.78	
364.899	17911.97	
365.341	17986.87	
365.783	18012.62	
366.225	17886.23	
366.667	19093.94	
367.108	20016.12	
367.55	21415.76	
367.992	21141.91	
368.434	21233.19	
368.876	20320.38	
369.317	20430.39	
369.759	19426.3	
370.201	19889.73	
370.642	20790.83	
371.084	21069.36	
371.525	20493.58	
371.966	20163.57	
372.408	20236.13	
372.849	20397.62	
373.29	19529.28	
373.732	18796.7	
374.173	18122.62	
374.614	17230.88	
375.055	16517.01	
375.496	16091.04	
375.937	15852.3	
376.378	16685.53	
376.819	17240.24	
377.26	18354.33	
377.701	18333.27	
378.142	19000.32	
378.583	20105.06	
379.023	21743.43	
379.464	22614.11	
379.905	22024.29	
380.345	20690.19	
380.786	19192.25	
381.226	19164.16	
381.667	19440.34	
382.107	20058.24	
382.548	19447.36	
382.988	18146.03	
383.428	16212.74	
383.868	14515.86	
384.309	13312.82	
384.749	12779.18	
385.189	12933.65	
385.629	14316.91	
386.069	16051.25	
386.509	16559.14	
386.949	16517.01	
387.389	16697.24	
387.829	16931.29	
388.268	17006.19	
388.708	16825.96	
389.148	16650.42	
389.588	16416.37	
390.027	16917.25	
390.467	17872.18	
390.906	19145.44	
391.346	20006.75	
391.785	20381.24	
392.225	21184.04	
392.664	21516.4	
393.103	21427.46	
393.543	19765.68	
393.982	16727.66	
394.421	13680.28	
394.86	12194.04	
395.299	12814.29	
395.738	15063.54	
396.177	17710.69	
396.616	19262.46	
397.055	19730.57	
397.494	17354.93	
397.933	15019.07	
398.372	13483.68	
398.81	15058.86	
399.249	18344.97	
399.688	21277.66	
400.126	23573.73	
400.565	24856.34	
401.004	25656.81	
401.442	26255.98	
401.88	26571.96	
402.319	27016.66	
402.757	27732.86	
403.195	28348.42	
403.634	28105.01	
404.072	27590.09	
404.51	27686.05	
404.948	27313.91	
405.386	27700.09	
405.824	27035.38	
406.262	26988.57	
406.7	26925.38	
407.138	26518.12	
407.576	26263	
408.014	26131.93	
408.452	26164.7	
408.889	26656.21	
409.327	27477.74	
409.765	27758.61	
410.202	28339.06	
410.64	28739.29	
411.077	27721.16	
411.515	26529.83	
411.952	25940.01	
412.389	28032.45	
412.827	28552.05	
413.264	29717.64	
413.701	29329.11	
414.138	28767.38	
414.575	29162.93	
415.013	28594.18	
415.45	28713.55	
415.887	28449.07	
416.324	28332.04	
416.76	28112.03	
417.197	28058.2	
417.634	28486.51	
418.071	28439.7	
418.508	27332.63	
418.944	27166.45	
419.381	26740.47	
419.818	26398.76	
420.254	26852.82	
420.691	26667.92	
421.127	26244.28	
421.563	26021.93	
422	26997.93	
422.436	27660.3	
422.872	27730.52	
423.309	27468.38	
423.745	26461.95	
424.181	25565.53	
424.617	25418.07	
425.053	26047.68	
425.489	26300.45	
425.925	26377.69	
426.361	26197.47	
426.797	25663.83	
427.233	25727.02	
427.668	26583.66	
428.104	25998.52	
428.54	25413.39	
428.975	25099.76	
429.411	25640.42	
429.847	24715.91	
430.282	24821.23	
430.717	23686.08	
431.153	22424.53	
431.588	21034.25	
432.024	19531.62	
432.459	20905.52	
432.894	23154.77	
433.329	24673.78	
433.764	26244.28	
434.199	27023.68	
434.634	26674.94	
435.069	25979.8	
435.504	25352.54	
435.939	25900.22	
436.374	26003.21	
436.809	28002.02	
437.244	28088.62	
437.678	28683.12	
438.113	28516.94	
438.548	28011.39	
438.982	27143.05	
439.417	26054.7	
439.851	26117.89	
440.286	25701.28	
440.72	26436.2	
441.154	26232.58	
441.589	26726.43	
442.023	27381.78	
442.457	27346.67	
442.891	28004.36	
443.326	28252.46	
443.76	28978.03	
444.194	28556.73	
444.628	28318	
445.062	28610.56	
445.495	28435.02	
445.929	28891.43	
446.363	28128.41	
446.797	27611.15	
447.23	27559.66	
447.664	27033.04	
448.098	27700.09	
448.531	28470.13	
448.965	29120.8	
449.398	29783.17	
449.832	28858.66	
450.265	29071.65	
450.698	29249.53	
451.132	29584.23	
451.565	30497.03	
451.998	30674.91	
452.431	30717.04	
452.864	30440.86	
453.297	30433.84	
453.73	29298.68	
454.163	28765.04	
454.596	28570.77	
455.029	28671.42	
455.462	29867.43	
455.895	29059.95	
456.327	29439.11	
456.76	29698.91	
457.193	30543.84	
457.625	30333.2	
458.058	31618.15	
458.49	31760.92	
458.923	31456.65	
459.355	31110.25	
459.787	32114.34	
460.22	31601.77	
460.652	30735.77	
461.084	31243.66	
461.516	30401.07	
461.948	31405.16	
462.381	31489.42	
462.813	31978.59	
463.245	31756.24	
463.676	32406.91	
464.108	33249.5	
464.54	32931.19	
464.972	32367.12	
465.404	31739.86	
465.835	31854.54	
466.267	31414.52	
466.699	31924.76	
467.13	32214.99	
467.562	31526.87	
467.993	32294.57	
468.424	31433.25	
468.856	32989.7	
469.287	32545	
469.718	33198.01	
470.15	32519.26	
470.581	33661.44	
471.012	33200.35	
471.443	33478.88	
471.874	33031.83	
472.305	33647.4	
472.736	34246.57	
473.167	35346.62	
473.598	35657.92	
474.028	35566.63	
474.459	36121.34	
474.89	35653.23	
475.32	36470.08	
475.751	36786.05	
476.182	37614.6	
476.612	37710.57	
477.043	36975.64	
477.473	38262.93	
477.903	37542.05	
478.334	38344.85	
478.764	39847.47	
479.194	40163.45	
479.624	39973.86	
480.054	40718.15	
480.484	41209.67	
480.914	41661.39	
481.344	42141.2	
481.774	42529.73	
482.204	42864.42	
482.634	43358.28	
483.064	44107.25	
483.494	44118.95	
483.923	43367.64	
484.353	43468.28	
484.782	44338.96	
485.212	44362.37	
485.642	44104.91	
486.071	44179.81	
486.5	43161.67	
486.93	41897.78	
487.359	39138.29	
487.788	39000.2	
488.217	39243.62	
488.647	40757.94	
489.076	42059.28	
489.505	43023.58	
489.934	43489.35	
490.363	43601.69	
490.792	44193.85	
491.221	45495.19	
491.649	46024.15	
492.078	45579.45	
492.507	45434.33	
492.936	44081.5	
493.364	44090.87	
493.793	44065.12	
494.221	44629.19	
494.65	44837.5	
495.078	44446.63	
495.507	44896.01	
495.935	45895.42	
496.363	46068.62	
496.791	45893.08	
497.22	45705.84	
497.648	45125.38	
498.076	45420.29	
498.504	45628.6	
498.932	45722.22	
499.36	44406.84	
499.788	43994.9	
500.216	44156.4	
500.643	44163.42	
501.071	44317.9	
501.499	44165.76	
501.927	43384.02	
502.354	42653.78	
502.782	42134.18	
503.209	41654.37	
503.637	41436.7	
504.064	42450.15	
504.491	42922.94	
504.919	42719.31	
505.346	42246.52	
505.773	42052.26	
506.2	42269.93	
506.628	43362.96	
507.055	43573.61	
507.482	43543.18	
507.909	43601.69	
508.335	43124.22	
508.762	43236.57	
509.189	42035.88	
509.616	42492.28	
510.043	42471.21	
510.469	42681.86	
510.896	43042.31	
511.323	42754.42	
511.749	42571.86	
512.176	42377.59	
512.602	42745.06	
513.028	43388.7	
513.455	43086.78	
513.881	42195.03	
514.307	42087.37	
514.733	41682.45	
515.16	41141.79	
515.586	40748.58	
516.012	40750.92	
516.438	40818.8	
516.864	41235.41	
517.29	40828.16	
517.715	39400.43	
518.141	37371.19	
518.567	36725.2	
518.993	36783.71	
519.418	36898.4	
519.844	37340.76	
520.269	37296.29	
520.695	38232.5	
521.12	39533.84	
521.546	39718.74	
521.971	39578.31	
522.396	40390.48	
522.822	40427.93	
523.247	40362.39	
523.672	40355.37	
524.097	39877.9	
524.522	39564.27	
524.947	40065.14	
525.372	40912.42	
525.797	41024.76	
526.222	40963.91	
526.647	40587.08	
527.071	40294.52	
527.496	39327.88	
527.921	38181.01	
528.345	36690.09	
528.77	37176.92	
529.194	37801.85	
529.619	38555.5	
530.043	39330.22	
530.468	40001.95	
530.892	39936.41	
531.316	39524.48	
531.74	39433.2	
532.164	39987.91	
532.589	40427.93	
533.013	39388.73	
533.437	38714.65	
533.861	38204.42	
534.284	37350.12	
534.708	37111.39	
535.132	37387.57	
535.556	37602.9	
535.98	37099.69	
536.403	37846.32	
536.827	38288.68	
537.25	38239.53	
537.674	37911.85	
538.097	37029.47	
538.521	36699.45	
538.944	36444.34	
539.367	36582.43	
539.791	37087.98	
540.214	36371.78	
540.637	36392.84	
541.06	35831.11	
541.483	35107.89	
541.906	34724.04	
542.329	34562.54	
542.752	34700.64	
543.175	35210.87	
543.598	35044.69	
544.02	34721.7	
544.443	34534.46	
544.866	34710	
545.288	35072.78	
545.711	34981.5	
546.133	34862.13	
546.556	35021.29	
546.978	34541.48	
547.4	34817.66	
547.823	34770.85	
548.245	34609.36	
548.667	34389.34	
549.089	33759.74	
549.511	33528.03	
549.933	33949.32	
550.355	34314.45	
550.777	34017.2	
551.199	33738.68	
551.621	33909.54	
552.043	33516.33	
552.465	33464.83	
552.886	33619.31	
553.308	33513.98	
553.729	33584.2	
554.151	33050.56	
554.572	33085.67	
554.994	33055.24	
555.415	32774.38	
555.837	32945.23	
556.258	33483.56	
556.679	33144.18	
557.1	33144.18	
557.521	32671.39	
557.942	32521.6	
558.363	32191.58	
558.784	31756.24	
559.205	31994.98	
559.626	31679	
560.047	31028.34	
560.468	30932.37	
560.888	30761.51	
561.309	30548.53	
561.73	30508.74	
562.15	31068.12	
562.571	30822.37	
562.991	30925.35	
563.412	30358.94	
563.832	30728.75	
564.252	30838.75	
564.673	30782.58	
565.093	30721.73	
565.513	30031.27	
565.933	30286.39	
566.353	30312.13	
566.773	30012.54	
567.193	29612.31	
567.613	29221.44	
568.033	29577.2	
568.452	29928.28	
568.872	29778.49	
569.292	29319.74	
569.711	29387.62	
570.131	29158.25	
570.551	29160.59	
570.97	29071.65	
571.389	29338.47	
571.809	28374.17	
572.228	28413.96	
572.647	28383.53	
573.067	28287.57	
573.486	28795.46	
573.905	28846.96	
574.324	29249.53	
574.743	28949.94	
575.162	29158.25	
575.581	29085.69	
576	28858.66	
576.419	28699.5	
576.837	28301.61	
577.256	28535.67	
577.675	28303.95	
578.093	28919.51	
578.512	28301.61	
578.93	28238.42	
579.349	28130.75	
579.767	27707.12	
580.185	27681.37	
580.604	27559.66	
581.022	27519.87	
581.44	27466.04	
581.858	27800.74	
582.276	27569.02	
582.694	26927.72	
583.112	27327.95	
583.53	27554.98	
583.948	27243.69	
584.366	27208.58	
584.784	27056.45	
585.201	27246.03	
585.619	26696	
586.037	26337.9	
586.454	26260.66	
586.872	25720	
587.289	25572.55	
587.707	25123.16	
588.124	25216.79	
588.541	25233.17	
588.958	25146.57	
589.376	24828.26	
589.793	24168.23	
590.21	23615.86	
590.627	22576.66	
591.044	22438.57	
591.461	22382.4	
591.878	22955.83	
592.294	23583.09	
592.711	23620.54	
593.128	24048.86	
593.545	23571.39	
593.961	23374.78	
594.378	23936.51	
594.794	23959.92	
595.211	23730.55	
595.627	23674.37	
596.043	23576.07	
596.46	23491.81	
596.876	23386.49	
597.292	23800.76	
597.708	23772.67	
598.124	24247.8	
598.54	24107.37	
598.956	24147.16	
599.372	23807.78	
599.788	23854.59	
600.204	24198.65	
600.62	23983.32	
601.035	24219.72	
601.451	23725.86	
601.867	24062.9	
602.282	24006.73	
602.698	23847.57	
603.113	23707.14	
603.529	23625.22	
603.944	23723.52	
604.359	23980.98	
604.774	23924.81	
605.19	24130.78	
605.605	23826.51	
606.02	23688.42	
606.435	23859.27	
606.85	23437.98	
607.265	23241.37	
607.68	23112.64	
608.094	23232.01	
608.509	22717.09	
608.924	23016.68	
609.338	22628.15	
609.753	22274.73	
610.168	22258.35	
610.582	21972.8	
610.997	21645.13	
611.411	21605.34	
611.825	21284.69	
612.24	21294.05	
612.654	21216.81	
613.068	21184.04	
613.482	21160.64	
613.896	20928.92	
614.31	20708.91	
614.724	20409.33	
615.138	20477.2	
615.552	20282.94	
615.966	19903.77	
616.379	19971.64	
616.793	19845.26	
617.207	19674.4	
617.62	19655.67	
618.034	19292.89	
618.447	18770.95	
618.861	19278.85	
619.274	19047.13	
619.687	19299.91	
620.101	19292.89	
620.514	19040.11	
620.927	18864.57	
621.34	19042.45	
621.753	19154.8	
622.166	19002.66	
622.579	18997.98	
622.992	18548.6	
623.405	18492.43	
623.817	18347.31	
624.23	18192.84	
624.643	18134.32	
625.055	18204.54	
625.468	17680.26	
625.88	17448.55	
626.293	17188.75	
626.705	17125.55	
627.118	16837.67	
627.53	17207.47	
627.942	16966.4	
628.354	16877.46	
628.766	16739.37	
629.179	16767.45	
629.591	16165.93	
630.003	16449.14	
630.414	16479.57	
630.826	16217.43	
631.238	16114.44	
631.65	16044.23	
632.061	15885.07	
632.473	15962.31	
632.885	15821.88	
633.296	15770.38	
633.708	15688.46	
634.119	15651.02	
634.53	15805.49	
634.942	15562.08	
635.353	15250.78	
635.764	15524.63	
636.175	15463.77	
636.586	15508.24	
636.998	15330.36	
637.408	15211	
637.819	15330.36	
638.23	15398.24	
638.641	15068.22	
639.052	15452.07	
639.463	15370.15	
639.873	14885.66	
640.284	15005.03	
640.694	14904.39	
641.105	14586.07	
641.515	14462.02	
641.926	14635.22	
642.336	14471.39	
642.746	14391.81	
643.157	14288.82	
643.567	14288.82	
643.977	14117.97	
644.387	14373.08	
644.797	14141.37	
645.207	14080.52	
645.617	14146.05	
646.026	14092.22	
646.436	13935.4	
646.846	13907.32	
647.256	13675.6	
647.665	13572.62	
648.075	13635.81	
648.484	13280.05	
648.894	13172.39	
649.303	13057.7	
649.713	13127.92	
650.122	13046	
650.531	12868.12	
650.94	12711.3	
651.349	12715.98	
651.758	12620.02	
652.167	12605.98	
652.576	12751.09	
652.985	12739.39	
653.394	12774.5	
653.803	12865.78	
654.212	12624.7	
654.62	12673.85	
655.029	12575.55	
655.437	12601.3	
655.846	12311.07	
656.254	12385.97	
656.663	11887.43	
657.071	11501.25	
657.479	10857.6	
657.888	10637.59	
658.296	10773.34	
658.704	11068.25	
659.112	11112.72	
659.52	11578.48	
659.928	11908.5	
660.336	11583.16	
660.744	11721.26	
661.152	11821.9	
661.559	11737.64	
661.967	11798.49	
662.375	11913.18	
662.782	12055.95	
663.19	11859.35	
663.597	11849.99	
664.005	11707.21	
664.412	11702.53	
664.819	11508.27	
665.226	11325.71	
665.634	11442.73	
666.041	11515.29	
666.448	11489.54	
666.855	11534.01	
667.262	11269.53	
667.669	11431.03	
668.075	11288.26	
668.482	11079.95	
668.889	11091.65	
669.296	10969.94	
669.702	10871.64	
670.109	10974.63	
670.515	10850.58	
670.922	10932.5	
671.328	10857.6	
671.734	10817.81	
672.141	10625.89	
672.547	10801.43	
672.953	10567.37	
673.359	10459.71	
673.765	10588.44	
674.171	10754.62	
674.577	10483.11	
674.983	10426.94	
675.389	10242.04	
675.795	10108.63	
676.201	10178.84	
676.606	9996.28	
677.012	10178.84	
677.417	10258.42	
677.823	10066.5	
678.228	10050.11	
678.634	9879.25	
679.039	9820.74	
679.444	9813.72	
679.849	9839.47	
680.255	9558.6	
680.66	9661.59	
681.065	9551.58	
681.47	9694.35	
681.875	9827.76	
682.28	9387.74	
682.684	9570.3	
683.089	9366.68	
683.494	9221.56	
683.899	9205.18	
684.303	9233.27	
684.708	9413.49	
685.112	9174.75	
685.517	9017.94	
685.921	8959.42	
686.325	8772.18	
686.729	8734.73	
687.134	8708.99	
687.538	8397.7	
687.942	7805.54	
688.346	7211.04	
688.75	7028.48	
689.154	6904.43	
689.558	6925.5	
689.961	7168.91	
690.365	7133.81	
690.769	7117.42	
691.173	7040.19	
691.576	7079.97	
691.98	7225.09	
692.383	7557.44	
692.786	7269.56	
693.19	7407.65	
693.593	7405.31	
693.996	7459.14	
694.399	7419.35	
694.803	7498.93	
695.206	7316.37	
695.609	7299.98	
696.012	7365.52	
696.414	7222.75	
696.817	7445.1	
697.22	7447.44	
697.623	7257.85	
698.025	7393.61	
698.428	7302.33	
698.831	7297.64	
699.233	7395.95	
699.636	7302.33	
700.038	7126.78	
700.44	7037.84	
700.842	7143.17	
701.245	7094.02	
701.647	7014.44	
702.049	6768.68	
702.451	6663.36	
702.853	6869.33	
703.255	6705.49	
703.657	6745.28	
704.058	6794.43	
704.46	6588.46	
704.862	6771.02	
705.264	6595.48	
705.665	6806.13	
706.067	6654	
706.468	6705.49	
706.869	6600.16	
707.271	6525.27	
707.672	6518.25	
708.073	6621.23	
708.474	6558.03	
708.876	6518.25	
709.277	6433.99	
709.678	6455.05	
710.079	6300.58	
710.479	6441.01	
710.88	6408.24	
711.281	6352.07	
711.682	6319.3	
712.082	6270.15	
712.483	6335.68	
712.883	6305.26	
713.284	6206.95	
713.684	6237.38	
714.085	6082.91	
714.485	6349.73	
714.885	6235.04	
715.285	6106.31	
715.686	5837.15	
716.086	6012.69	
716.486	5893.32	
716.886	5886.3	
717.285	5888.64	
717.685	5612.46	
718.085	5575.01	
718.485	5312.87	
718.884	5081.16	
719.284	4922	
719.684	4854.12	
720.083	4652.84	
720.483	4676.24	
720.882	4650.5	
721.281	4538.15	
721.68	4400.06	
722.08	4664.54	
722.479	4662.2	
722.878	4922	
723.277	4968.81	
723.676	4996.9	
724.075	4821.36	
724.474	4823.7	
724.872	4697.31	
725.271	4711.35	
725.67	4407.08	
726.068	4556.88	
726.467	4685.61	
726.865	4510.07	
727.264	4531.13	
727.662	4369.63	
728.061	4444.53	
728.459	4442.19	
728.857	4393.04	
729.255	4510.07	
729.653	4341.55	
730.051	4393.04	
730.449	4409.42	
730.847	4390.7	
731.245	4290.06	
731.643	4477.3	
732.041	4343.89	
732.438	4430.49	
732.836	4430.49	
733.233	4503.04	
733.631	4517.09	
734.028	4538.15	
734.426	4568.58	
734.823	4554.54	
735.22	4533.47	
735.617	4676.24	
736.015	4599.01	
736.412	4575.6	
736.809	4470.28	
737.206	4437.51	
737.603	4381.34	
737.999	4423.47	
738.396	4500.7	
738.793	4517.09	
739.19	4524.11	
739.586	4421.13	
739.983	4376.66	
740.379	4304.1	
740.776	4386.02	
741.172	4292.4	
741.568	4348.57	
741.965	4376.66	
742.361	4299.42	
742.757	4287.72	
743.153	4170.69	
743.549	4273.67	
743.945	4287.72	
744.341	4287.72	
744.737	4261.97	
745.133	4297.08	
745.528	4245.59	
745.924	4144.94	
746.32	4290.06	
746.715	4086.43	
747.111	4046.64	
747.506	4250.27	
747.901	4130.9	
748.297	4063.02	
748.692	4002.17	
749.087	4034.94	
749.482	3943.66	
749.877	4030.26	
750.272	3976.42	
750.667	4030.26	
751.062	3803.22	
751.457	3922.59	
751.852	3889.82	
752.247	3784.5	
752.641	3777.48	
753.036	3782.16	
753.43	3747.05	
753.825	3702.58	
754.219	3604.28	
754.614	3735.35	
755.008	3658.11	
755.402	3627.68	
755.796	3688.54	
756.19	3564.49	
756.584	3672.15	
756.978	3714.28	
757.372	3688.54	
757.766	3704.92	
758.16	3508.32	
758.554	3590.24	
758.948	3503.64	
759.341	3531.72	
759.735	3475.55	
760.128	3344.48	
760.522	3075.32	
760.915	2494.86	
761.308	2022.08	
761.702	1647.59	
762.095	1455.67	
762.488	1502.48	
762.881	1671	
763.274	1832.49	
763.667	1832.49	
764.06	1694.4	
764.453	1596.1	
764.846	1605.46	
765.239	1809.09	
765.631	1799.73	
766.024	1902.71	
766.416	2068.89	
766.809	2223.36	
767.201	2331.03	
767.594	2471.46	
767.986	2546.36	
768.378	2651.68	
768.77	2691.47	
769.163	2848.29	
769.555	2876.37	
769.947	2965.31	
770.339	2995.74	
770.73	3065.96	
771.122	2939.57	
771.514	2958.29	
771.906	2899.78	
772.297	3030.85	
772.689	2977.02	
773.081	2890.42	
773.472	2796.79	
773.863	2955.95	
774.255	2876.37	
774.646	2932.54	
775.037	2843.6	
775.428	2773.39	
775.82	2768.71	
776.211	2831.9	
776.602	2808.5	
776.993	2815.52	
777.383	2883.39	
777.774	2693.81	
778.165	2719.56	
778.556	2656.36	
778.946	2637.64	
779.337	2642.32	
779.727	2670.4	
780.118	2644.66	
780.508	2618.91	
780.898	2623.59	
781.289	2541.68	
781.679	2682.11	
782.069	2541.68	
782.459	2632.96	
782.849	2593.17	
783.239	2555.72	
783.629	2391.88	
784.019	2522.95	
784.408	2405.92	
784.798	2319.32	
785.188	2459.76	
785.577	2429.33	
785.967	2415.29	
786.356	2408.26	
786.746	2300.6	
787.135	2305.28	
787.524	2242.09	
787.914	2305.28	
788.303	2349.75	
788.692	2244.43	
789.081	2321.67	
789.47	2270.17	
789.859	2223.36	
790.248	2122.72	
790.636	2211.66	
791.025	2183.57	
791.414	2078.25	
791.802	2068.89	
792.191	1968.24	
792.579	2125.06	
792.968	2167.19	
793.356	2057.18	
793.744	2169.53	
794.133	2134.42	
794.521	1949.52	
794.909	2012.71	
795.297	1991.65	
795.685	1982.29	
796.073	1912.07	
796.461	1937.82	
796.848	1916.75	
797.236	2085.27	
797.624	2038.46	
798.011	1872.28	
798.399	1963.56	
798.787	1986.97	
799.174	2015.05	
799.561	1930.8	
799.949	1958.88	
800.336	1963.56	
800.723	1820.79	
801.11	1876.96	
801.497	1853.56	
801.884	1834.83	
802.271	1883.98	
802.658	1891.01	
803.045	1759.94	
803.432	1827.81	
803.818	1752.91	
804.205	1853.56	
804.591	1795.04	
804.978	1809.09	
805.364	1717.81	
805.751	1769.3	
806.137	1687.38	
806.523	1734.19	
806.91	1661.63	
807.296	1647.59	
807.682	1785.68	
808.068	1769.3	
808.454	1736.53	
808.84	1685.04	
809.225	1687.38	
809.611	1715.47	
809.997	1546.95	
810.382	1778.66	
810.768	1678.02	
811.153	1624.19	
811.539	1530.56	
811.924	1483.75	
812.31	1635.89	
812.695	1605.46	
813.08	1563.33	
813.465	1605.46	
813.85	1525.88	
814.235	1481.41	
814.62	1418.22	
815.005	1537.59	
815.39	1394.81	
815.775	1401.83	
816.159	1432.26	
816.544	1376.09	
816.929	1319.92	
817.313	1387.79	
817.697	1364.39	
818.082	1294.17	
818.466	1205.23	
818.85	1355.02	
819.235	1315.23	
819.619	1369.07	
820.003	1263.74	
820.387	1359.7	
820.771	1298.85	
821.155	1390.13	
821.538	1254.38	
821.922	1317.58	
822.306	1366.73	
822.689	1223.95	
823.073	1287.15	
823.457	1205.23	
823.84	1270.76	
824.223	1214.59	
824.607	1158.42	
824.99	1240.34	
825.373	1294.17	
825.756	1298.85	
826.139	1200.55	
826.522	1233.32	
826.905	1291.83	
827.288	1333.96	
827.671	1284.81	
828.054	1226.29	
828.436	1256.72	
828.819	1247.36	
829.201	1142.04	
829.584	1235.66	
829.966	1186.51	
830.349	1202.89	
830.731	1151.4	
831.113	1275.45	
831.495	1233.32	
831.878	1228.63	
832.26	1212.25	
832.642	1195.87	
833.024	1146.72	
833.405	1195.87	
833.787	1113.95	
834.169	1193.53	
834.551	1153.74	
834.932	1076.5	
835.314	1097.56	
835.695	1069.48	
836.077	1198.21	
836.458	1221.61	
836.839	1163.1	
837.22	1137.35	
837.602	1071.82	
837.983	1027.35	
838.364	1132.67	
838.745	1207.57	
839.126	1184.16	
839.506	1104.59	
839.887	1102.25	
840.268	1167.78	
840.649	1125.65	
841.029	1174.8	
841.41	1088.2	
841.79	1280.13	
842.171	1069.48	
842.551	1099.91	
842.931	1132.67	
843.311	1137.35	
843.691	1125.65	
844.072	1118.63	
844.452	1099.91	
844.832	1003.94	
845.211	1127.99	
845.591	1132.67	
845.971	1081.18	
846.351	982.88	
846.73	1039.05	
847.11	1123.31	
847.489	1111.61	
847.869	1071.82	
848.248	1078.84	
848.627	1102.25	
849.007	1064.8	
849.386	1017.99	
849.765	973.52	
850.144	1067.14	
850.523	994.58	
850.902	1022.67	
851.281	994.58	
851.66	966.49	
852.038	1069.48	
852.417	1029.69	
852.796	968.84	
853.174	968.84	
853.553	959.47	
853.931	917.34	
854.309	966.49	
854.688	889.26	
855.066	950.11	
855.444	898.62	
855.822	891.6	
856.2	889.26	
856.578	915	
856.956	940.75	
857.334	933.73	
857.712	917.34	
858.089	1003.94	
858.467	844.79	
858.844	917.34	
859.222	915	
859.599	943.09	
859.977	875.21	
860.354	893.94	
860.731	858.83	
861.109	891.6	
861.486	816.7	
861.863	917.34	
862.24	964.15	
862.617	910.32	
862.993	1001.6	
863.37	889.26	
863.747	802.66	
864.124	868.19	
864.5	851.81	
864.877	919.68	
865.253	835.42	
865.63	835.42	
866.006	844.79	
866.382	807.34	
866.758	898.62	
867.135	828.4	
867.511	851.81	
867.887	776.91	
868.263	805	
868.639	727.76	
869.014	800.32	
869.39	807.34	
869.766	872.87	
870.141	769.89	
870.517	774.57	
870.892	800.32	
871.268	772.23	
871.643	819.04	
872.019	786.27	
872.394	891.6	
872.769	875.21	
873.144	739.46	
873.519	870.53	
873.894	727.76	
874.269	837.77	
874.644	781.59	
875.019	783.93	
875.393	807.34	
875.768	737.12	
876.143	762.87	
876.517	739.46	
876.891	807.34	
877.266	767.55	
877.64	737.12	
878.014	683.29	
878.389	807.34	
878.763	748.83	
879.137	769.89	
879.511	769.89	
879.885	671.59	
880.259	711.38	
880.632	797.98	
881.006	762.87	
881.38	734.78	
881.753	755.85	
882.127	765.21	
882.5	776.91	
882.874	767.55	
883.247	790.95	
883.62	760.53	
883.994	765.21	
884.367	671.59	
884.74	709.04	
885.113	748.83	
885.486	730.1	
885.859	844.79	
886.231	783.93	
886.604	774.57	
886.977	741.8	
887.349	755.85	
887.722	744.14	
888.094	760.53	
888.467	802.66	
888.839	716.06	
889.211	812.02	
889.584	730.1	
889.956	748.83	
890.328	755.85	
890.7	786.27	
891.072	741.8	
891.444	671.59	
891.816	755.85	
892.187	732.44	
892.559	774.57	
892.931	683.29	
893.302	704.35	
893.674	779.25	
894.045	758.19	
894.416	751.17	
894.788	779.25	
895.159	697.33	
895.53	706.7	
895.901	634.14	
896.272	697.33	
896.643	697.33	
897.014	631.8	
897.385	636.48	
897.756	694.99	
898.126	673.93	
898.497	584.99	
898.867	669.25	
899.238	577.97	
899.608	622.44	
899.979	704.35	
900.349	631.8	
900.719	641.16	
901.089	582.65	
901.459	622.44	
901.829	552.22	
902.199	584.99	
902.569	547.54	
902.939	482	
903.309	570.94	
903.679	573.28	
904.048	533.5	
904.418	547.54	
904.787	528.81	
905.157	503.07	
905.526	580.31	
905.895	554.56	
906.265	580.31	
906.634	552.22	
907.003	526.47	
907.372	535.84	
907.741	528.81	
908.11	545.2	
908.478	503.07	
908.847	519.45	
909.216	556.9	
909.585	547.54	
909.953	552.22	
910.322	545.2	
910.69	556.9	
911.058	439.87	
911.427	514.77	
911.795	498.39	
912.163	524.13	
912.531	467.96	
912.899	479.66	
913.267	535.84	
913.635	477.32	
914.003	545.2	
914.37	507.75	
914.738	435.19	
915.106	472.64	
915.473	474.98	
915.841	439.87	
916.208	519.45	
916.575	496.05	
916.943	463.28	
917.31	489.03	
917.677	531.16	
918.044	533.5	
918.411	563.92	
918.778	510.09	
919.145	453.92	
919.512	559.24	
919.879	460.94	
920.245	528.81	
920.612	463.28	
920.978	482	
921.345	446.9	
921.711	547.54	
922.078	482	
922.444	500.73	
922.81	439.87	
923.176	404.77	
923.542	552.22	
923.908	467.96	
924.274	482	
924.64	479.66	
925.006	449.24	
925.371	479.66	
925.737	498.39	
926.103	467.96	
926.468	453.92	
926.834	531.16	
927.199	430.51	
927.564	421.15	
927.93	498.39	
928.295	435.19	
928.66	418.81	
929.025	479.66	
929.39	456.26	
929.755	397.74	
930.12	491.37	
930.484	465.62	
930.849	421.15	
931.214	470.3	
931.578	430.51	
931.943	444.56	
932.307	432.85	
932.672	465.62	
933.036	472.64	
933.4	451.58	
933.764	379.02	
934.128	350.93	
934.492	386.04	
934.856	383.7	
935.22	322.85	
935.584	421.15	
935.948	430.51	
936.311	439.87	
936.675	329.87	
937.039	313.49	
937.402	381.36	
937.765	315.83	
938.129	367.32	
938.492	369.66	
938.855	383.7	
939.218	329.87	
939.581	386.04	
939.944	355.62	
940.307	407.11	
940.67	348.59	
941.033	416.47	
941.396	388.38	
941.758	381.36	
942.121	360.3	
942.483	360.3	
942.846	355.62	
943.208	388.38	
943.571	353.27	
943.933	369.66	
944.295	318.17	
944.657	306.46	
945.019	402.43	
945.381	414.13	
945.743	402.43	
946.105	339.23	
946.467	362.64	
946.828	423.49	
947.19	388.38	
947.551	348.59	
947.913	425.83	
948.274	442.21	
948.636	350.93	
948.997	346.25	
949.358	425.83	
949.719	364.98	
950.08	341.57	
950.441	350.93	
950.802	404.77	
951.163	397.74	
951.524	315.83	
951.885	374.34	
952.245	411.79	
952.606	369.66	
952.966	355.62	
953.327	381.36	
953.687	395.4	
954.047	409.45	
954.408	318.17	
954.768	343.91	
955.128	357.96	
955.488	318.17	
955.848	329.87	
956.208	339.23	
956.568	348.59	
956.927	364.98	
957.287	432.85	
957.647	327.53	
958.006	393.06	
958.366	388.38	
958.725	297.1	
959.084	407.11	
959.444	353.27	
959.803	353.27	
960.162	449.24	
960.521	381.36	
960.88	369.66	
961.239	386.04	
961.598	339.23	
961.957	348.59	
962.315	357.96	
962.674	318.17	
963.033	449.24	
963.391	407.11	
963.75	374.34	
964.108	379.02	
964.466	381.36	
964.824	315.83	
965.183	322.85	
965.541	418.81	
965.899	332.21	
966.257	292.42	
966.614	367.32	
966.972	393.06	
967.33	390.72	
967.688	360.3	
968.045	336.89	
968.403	341.57	
968.76	372	
969.118	362.64	
969.475	402.43	
969.832	320.51	
970.189	360.3	
970.546	343.91	
970.903	418.81	
971.26	339.23	
971.617	379.02	
971.974	374.34	
972.331	353.27	
972.688	348.59	
973.044	407.11	
973.401	322.85	
973.757	400.09	
974.114	357.96	
974.47	318.17	
974.826	364.98	
975.182	364.98	
975.538	367.32	
975.895	341.57	
976.251	362.64	
976.606	400.09	
976.962	423.49	
977.318	393.06	
977.674	336.89	
978.029	362.64	
978.385	357.96	
978.74	393.06	
979.096	320.51	
979.451	315.83	
979.806	367.32	
980.162	364.98	
980.517	348.59	
980.872	327.53	
981.227	297.1	
981.582	299.44	
981.937	339.23	
982.291	308.8	
982.646	376.68	
983.001	315.83	
983.355	325.19	
983.71	318.17	
984.064	386.04	
984.419	383.7	
984.773	367.32	
985.127	329.87	
985.481	404.77	
985.835	364.98	
986.189	390.72	
986.543	332.21	
986.897	327.53	
987.251	280.72	
987.605	409.45	
987.958	400.09	
988.312	290.08	
988.665	372	
989.019	301.78	
989.372	325.19	
989.725	390.72	
990.079	414.13	
990.432	315.83	
990.785	336.89	
991.138	301.78	
991.491	306.46	
991.844	364.98	
992.197	339.23	
992.549	278.38	
992.902	407.11	
993.254	362.64	
993.607	390.72	
993.959	346.25	
994.312	264.33	
994.664	360.3	
995.016	376.68	
995.368	343.91	
995.721	395.4	
996.073	341.57	
996.425	369.66	
996.776	336.89	
997.128	301.78	
997.48	360.3	
997.832	369.66	
998.183	332.21	
998.535	320.51	
998.886	350.93	
999.237	341.57	
999.589	360.3	
999.94	388.38	
1000.291	294.76	
1000.642	336.89	
1000.993	374.34	
1001.344	341.57	
1001.695	318.17	
1002.046	374.34	
1002.397	269.02	
1002.747	343.91	
1003.098	336.89	
1003.448	320.51	
1003.799	386.04	
1004.149	306.46	
1004.499	343.91	
1004.85	311.14	
1005.2	388.38	
1005.55	346.25	
1005.9	376.68	
1006.25	376.68	
1006.6	350.93	
1006.949	350.93	
1007.299	348.59	
1007.649	322.85	
1007.998	341.57	
1008.348	346.25	
1008.697	290.08	
1009.047	276.04	
1009.396	360.3	
1009.745	294.76	
1010.094	390.72	
1010.443	404.77	
1010.792	332.21	
1011.141	364.98	
1011.49	318.17	
1011.839	348.59	
1012.188	318.17	
1012.536	379.02	
1012.885	325.19	
1013.233	348.59	
1013.582	304.12	
1013.93	320.51	
1014.278	364.98	
1014.627	357.96	
1014.975	304.12	
1015.323	379.02	
1015.671	304.12	
1016.019	372	
1016.367	458.6	
1016.714	322.85	
1017.062	271.36	
1017.41	308.8	
1017.757	372	
1018.105	404.77	
1018.452	313.49	
1018.8	236.25	
1019.147	240.93	
1019.494	254.97	
1019.841	360.3	
1020.188	374.34	
1020.535	336.89	
1020.882	372	
1021.229	304.12	
1021.576	336.89	
1021.922	325.19	
1022.269	386.04	
1022.615	386.04	
1022.962	261.99	
1023.308	261.99	
1023.655	261.99	
