Frequency	Channel A	Channel B
(ms)	(V)	(mV)

0.00000000	-0.44291340	9.48419000
0.01000000	-0.44291340	9.48419000
0.02000000	-0.44291340	9.48419000
0.03000000	-0.39862200	9.91480000
0.04000000	-0.39862200	9.91480000
0.05000000	-0.39862200	9.91480000
0.06000000	-0.39862200	9.91480000
0.07000000	-0.35433070	9.91480000
0.08000000	-0.39862200	9.48419000
0.09000000	-0.39862200	9.91480000
0.10000000	-0.35433070	9.48419000
0.11000000	-0.35433070	9.48419000
0.12000000	-0.35433070	9.91480000
0.13000000	-0.35433070	9.91480000
0.14000000	-0.35433070	9.91480000
0.15000000	-0.35433070	9.91480000
0.16000000	-0.31003940	9.91480000
0.17000000	-0.31003940	9.91480000
0.18000000	-0.35433070	9.48419000
0.19000000	-0.31003940	9.91480000
0.19999999	-0.31003940	9.48419000
0.20999999	-0.31003940	9.48419000
0.21999999	-0.31003940	9.48419000
0.22999999	-0.31003940	9.91480000
0.23999999	-0.31003940	9.91480000
0.24999999	-0.26574800	9.91480000
0.25999999	-0.26574800	9.91480000
0.26999999	-0.26574800	9.91480000
0.27999999	-0.26574800	9.91480000
0.28999999	-0.22145670	9.91480000
0.29999999	-0.26574800	9.48419000
0.30999999	-0.26574800	9.91480000
0.31999999	-0.22145670	9.91480000
0.32999999	-0.22145670	9.91480000
0.33999999	-0.26574800	9.91480000
0.34999999	-0.22145670	9.91480000
0.35999999	-0.17716540	9.91480000
0.36999999	-0.22145670	9.91480000
0.37999999	-0.22145670	9.48419000
0.38999999	-0.22145670	9.91480000
0.39999999	-0.17716540	9.91480000
0.40999999	-0.17716540	9.91480000
0.41999999	-0.17716540	9.48419000
0.42999999	-0.13287400	9.91480000
0.43999999	-0.13287400	9.91480000
0.44999999	-0.17716540	9.48419000
0.45999999	-0.17716540	9.91480000
0.46999999	-0.13287400	9.91480000
0.47999999	-0.13287400	9.48419000
0.48999999	-0.08858268	9.91480000
0.49999999	-0.13287400	9.91480000
0.50999999	-0.13287400	9.91480000
0.51999999	-0.08858268	9.91480000
0.52999999	-0.08858268	9.91480000
0.53999999	-0.13287400	9.91480000
0.54999999	-0.08858268	9.48419000
0.55999999	-0.04429134	9.91480000
0.56999999	-0.08858268	9.48419000
0.57999999	-0.08858268	9.91480000
0.58999999	-0.08858268	9.91480000
0.59999998	-0.08858268	9.48419000
0.60999998	-0.08858268	9.91480000
0.61999998	-0.04429134	9.91480000
0.62999998	-0.04429134	9.91480000
0.63999998	-0.04429134	9.48419000
0.64999998	0.00000000	9.91480000
0.65999998	0.00000000	9.48419000
0.66999998	0.04429134	9.91480000
0.67999998	0.00000000	9.91480000
0.68999998	0.04429134	9.48419000
0.69999998	0.00000000	9.48419000
0.70999998	0.04429134	9.48419000
0.71999998	0.04429134	9.48419000
0.72999998	0.04429134	9.48419000
0.73999998	0.04429134	9.48419000
0.74999998	0.08858268	9.48419000
0.75999998	0.08858268	9.48419000
0.76999998	0.08858268	9.48419000
0.77999998	0.08858268	9.48419000
0.78999998	0.08858268	9.05204100
0.79999998	0.08858268	9.05204100
0.80999998	0.08858268	9.05204100
0.81999998	0.08858268	9.05204100
0.82999998	0.08858268	9.05204100
0.83999998	0.13287400	9.05204100
0.84999998	0.13287400	8.62143100
0.85999998	0.13287400	9.05204100
0.86999998	0.08858268	8.62143100
0.87999998	0.13287400	8.19082200
0.88999998	0.17716540	8.19082200
0.89999998	0.17716540	8.19082200
0.90999998	0.17716540	8.19082200
0.91999998	0.17716540	8.19082200
0.92999998	0.17716540	8.19082200
0.93999998	0.17716540	7.75867300
0.94999998	0.22145670	7.32806300
0.95999998	0.22145670	7.32806300
0.96999998	0.17716540	7.32806300
0.97999998	0.26574800	7.32806300
0.98999997	0.22145670	6.89745300
0.99999997	0.22145670	6.89745300
1.00999997	0.26574800	6.46530500
1.01999997	0.26574800	6.46530500
1.02999997	0.26574800	6.46530500
1.03999997	0.26574800	6.03469500
1.04999997	0.26574800	6.03469500
1.05999997	0.31003940	6.03469500
1.06999997	0.26574800	5.60408400
1.07999997	0.31003940	5.60408400
1.08999997	0.31003940	5.17193600
1.09999997	0.31003940	5.17193600
1.10999997	0.31003940	5.17193600
1.11999997	0.31003940	4.74132600
1.12999997	0.35433070	4.74132600
1.13999997	0.35433070	4.31071600
1.14999997	0.35433070	4.31071600
1.15999997	0.35433070	3.87856800
1.16999997	0.35433070	3.87856800
1.17999997	0.35433070	3.44795700
1.18999997	0.35433070	3.01734700
1.19999997	0.35433070	2.58519900
1.20999997	0.39862200	2.58519900
1.21999997	0.39862200	2.58519900
1.22999997	0.39862200	2.15458900
1.23999997	0.39862200	1.72397900
1.24999997	0.39862200	1.72397900
1.25999997	0.44291340	1.29183100
1.26999997	0.44291340	0.86122040
1.27999997	0.44291340	0.86122040
1.28999997	0.44291340	0.43061020
1.29999997	0.48720470	0.00000000
1.30999997	0.44291340	-0.43061020
1.31999997	0.44291340	-0.43061020
1.32999997	0.48720470	-1.29183100
1.33999997	0.48720470	-0.86122040
1.34999997	0.48720470	-1.72397900
1.35999997	0.48720470	-2.15458900
1.36999997	0.48720470	-2.15458900
1.37999997	0.53164980	-2.58519900
1.38999996	0.48720470	-3.01734700
1.39999996	0.48720470	-3.44795700
1.40999996	0.53164980	-3.44795700
1.41999996	0.53164980	-3.87856800
1.42999996	0.53164980	-4.31071600
1.43999996	0.53164980	-4.74132600
1.44999996	0.53164980	-5.17193600
1.45999996	0.53164980	-5.60408400
1.46999996	0.53164980	-6.03469500
1.47999996	0.57594120	-6.46530500
1.48999996	0.62023250	-6.89745300
1.49999996	0.62023250	-7.32806300
1.50999996	0.62023250	-7.32806300
1.51999996	0.62023250	-8.19082200
1.52999996	0.62023250	-8.62143100
1.53999996	0.62023250	-9.05204100
1.54999996	0.62023250	-9.48419000
1.55999996	0.62023250	-9.91480000
1.56999996	0.66452380	-10.34541000
1.57999996	0.66452380	-10.77756000
1.58999996	0.66452380	-11.20817000
1.59999996	0.66452380	-11.63878000
1.60999996	0.66452380	-12.50154000
1.61999996	0.66452380	-12.93215000
1.62999996	0.70881520	-13.36276000
1.63999996	0.70881520	-13.79491000
1.64999996	0.70881520	-14.22552000
1.65999996	0.66452380	-14.65613000
1.66999996	0.70881520	-15.08827000
1.67999996	0.70881520	-15.51888000
1.68999996	0.70881520	-16.38164000
1.69999996	0.75310650	-16.38164000
1.70999996	0.75310650	-17.24286000
1.71999996	0.75310650	-17.67501000
1.72999996	0.75310650	-18.10562000
1.73999996	0.79739790	-18.96838000
1.74999996	0.79739790	-19.39899000
1.75999996	0.75310650	-19.82960000
1.76999996	0.79739790	-20.26175000
1.77999996	0.79739790	-20.69236000
1.78999995	0.75310650	-21.12297000
1.79999995	0.79739790	-21.55512000
1.80999995	0.79739790	-22.41634000
1.81999995	0.79739790	-22.84695000
1.82999995	0.84168920	-23.27909000
1.83999995	0.84168920	-23.70971000
1.84999995	0.84168920	-24.57246000
1.85999995	0.88598050	-24.57246000
1.86999995	0.84168920	-25.43368000
1.87999995	0.84168920	-25.86583000
1.88999995	0.88598050	-26.29644000
1.89999995	0.88598050	-26.72705000
1.90999995	0.88598050	-27.15920000
1.91999995	0.88598050	-27.58981000
1.92999995	0.88598050	-28.02042000
1.93999995	0.88598050	-28.45257000
1.94999995	0.93027190	-28.88318000
1.95999995	0.93027190	-29.31379000
1.96999995	0.93027190	-30.17655000
1.97999995	0.93027190	-30.17655000
1.98999995	0.97456320	-31.03931000
1.99999995	0.93027190	-31.03931000
2.00999995	0.93027190	-31.46992000
2.01999995	0.97456320	-31.46992000
2.02999995	0.97456320	-31.90053000
2.03999995	0.97456320	-32.33268000
2.04999995	0.97456320	-32.76329000
2.05999995	0.97456320	-32.76329000
2.06999995	0.97456320	-33.19390000
2.07999995	1.01885500	-33.62450000
2.08999995	1.01885500	-33.62450000
2.09999995	1.01885500	-33.62450000
2.10999995	1.01885500	-34.05666000
2.11999995	1.01885500	-34.48726000
2.12999995	1.06330000	-34.48726000
2.13999995	1.01885500	-34.05666000
2.14999995	1.06330000	-34.48726000
2.15999995	1.06330000	-34.48726000
2.16999995	1.06330000	-34.48726000
2.17999994	1.06330000	-34.48726000
2.18999994	1.06330000	-34.48726000
2.19999994	1.10759100	-34.48726000
2.20999994	1.06330000	-34.48726000
2.21999994	1.15188200	-34.05666000
2.22999994	1.15188200	-34.05666000
2.23999994	1.10759100	-34.05666000
2.24999994	1.10759100	-33.62450000
2.25999994	1.15188200	-33.62450000
2.26999994	1.15188200	-33.62450000
2.27999994	1.15188200	-33.19390000
2.28999994	1.15188200	-32.76329000
2.29999994	1.15188200	-32.33268000
2.30999994	1.19617400	-32.33268000
2.31999994	1.15188200	-32.33268000
2.32999994	1.19617400	-31.90053000
2.33999994	1.15188200	-31.46992000
2.34999994	1.19617400	-31.03931000
2.35999994	1.19617400	-31.03931000
2.36999994	1.19617400	-30.17655000
2.37999994	1.19617400	-29.74594000
2.38999994	1.24046500	-29.31379000
2.39999994	1.24046500	-28.88318000
2.40999994	1.19617400	-28.45257000
2.41999994	1.28475600	-28.02042000
2.42999994	1.24046500	-27.58981000
2.43999994	1.28475600	-27.58981000
2.44999994	1.24046500	-26.72705000
2.45999994	1.28475600	-26.29644000
2.46999994	1.28475600	-25.86583000
2.47999994	1.28475600	-25.00307000
2.48999994	1.28475600	-24.57246000
2.49999994	1.28475600	-24.57246000
2.50999994	1.28475600	-23.70971000
2.51999994	1.32904800	-22.84695000
2.52999994	1.32904800	-22.41634000
2.53999994	1.32904800	-22.41634000
2.54999994	1.32904800	-21.55512000
2.55999994	1.32904800	-21.12297000
2.56999994	1.37333900	-20.26175000
2.57999993	1.41763000	-19.82960000
2.58999993	1.37333900	-19.39899000
2.59999993	1.37333900	-18.96838000
2.60999993	1.37333900	-18.10562000
2.61999993	1.37333900	-17.24286000
2.62999993	1.41763000	-17.24286000
2.63999993	1.41763000	-16.38164000
2.64999993	1.37333900	-15.94949000
2.65999993	1.41763000	-15.51888000
2.66999993	1.41763000	-14.65613000
2.67999993	1.41763000	-14.22552000
2.68999993	1.46192200	-13.79491000
2.69999993	1.46192200	-13.36276000
2.70999993	1.46192200	-12.50154000
2.71999993	1.46192200	-12.06939000
2.72999993	1.46192200	-11.63878000
2.73999993	1.46192200	-10.77756000
2.74999993	1.50621300	-10.34541000
2.75999993	1.50621300	-10.34541000
2.76999993	1.50621300	-9.91480000
2.77999993	1.50621300	-9.48419000
2.78999993	1.50621300	-8.62143100
2.79999993	1.50621300	-8.19082200
2.80999993	1.55065800	-7.75867300
2.81999993	1.50621300	-7.32806300
2.82999993	1.50621300	-6.89745300
2.83999993	1.55065800	-6.46530500
2.84999993	1.55065800	-6.03469500
2.85999993	1.55065800	-5.60408400
2.86999993	1.55065800	-4.74132600
2.87999993	1.55065800	-4.74132600
2.88999993	1.59495000	-4.31071600
2.89999993	1.59495000	-3.44795700
2.90999993	1.59495000	-3.44795700
2.91999993	1.59495000	-3.01734700
2.92999993	1.59495000	-2.58519900
2.93999993	1.59495000	-2.15458900
2.94999993	1.59495000	-1.29183100
2.95999993	1.59495000	-1.29183100
2.96999992	1.63924100	-0.86122040
2.97999992	1.63924100	-0.43061020
2.98999992	1.63924100	0.00000000
2.99999992	1.63924100	0.00000000
3.00999992	1.68353200	0.43061020
3.01999992	1.68353200	1.29183100
3.02999992	1.68353200	1.29183100
3.03999992	1.63924100	1.72397900
3.04999992	1.68353200	1.72397900
3.05999992	1.72782400	2.15458900
3.06999992	1.68353200	2.58519900
3.07999992	1.72782400	2.58519900
3.08999992	1.72782400	3.01734700
3.09999992	1.72782400	3.44795700
3.10999992	1.72782400	3.44795700
3.11999992	1.77211500	3.44795700
3.12999992	1.72782400	4.31071600
3.13999992	1.72782400	4.31071600
3.14999992	1.72782400	4.74132600
3.15999992	1.77211500	5.17193600
3.16999992	1.77211500	5.17193600
3.17999992	1.77211500	5.17193600
3.18999992	1.77211500	5.60408400
3.19999992	1.81640600	6.03469500
3.20999992	1.81640600	6.03469500
3.21999992	1.81640600	6.46530500
3.22999992	1.81640600	6.46530500
3.23999992	1.81640600	6.46530500
3.24999992	1.81640600	6.89745300
3.25999992	1.86069800	6.89745300
3.26999992	1.81640600	7.32806300
3.27999992	1.86069800	7.32806300
3.28999992	1.81640600	7.32806300
3.29999992	1.86069800	7.75867300
3.30999992	1.86069800	7.75867300
3.31999992	1.86069800	7.75867300
3.32999992	1.90498900	7.75867300
3.33999992	1.90498900	7.75867300
3.34999992	1.90498900	8.19082200
3.35999992	1.90498900	8.19082200
3.36999991	1.90498900	8.19082200
3.37999991	1.94928000	8.19082200
3.38999991	1.90498900	8.62143100
3.39999991	1.90498900	8.19082200
3.40999991	1.94928000	8.62143100
3.41999991	1.94928000	8.62143100
3.42999991	1.90498900	8.62143100
3.43999991	1.90498900	8.62143100
3.44999991	1.90498900	9.05204100
3.45999991	1.94928000	9.05204100
3.46999991	1.90498900	9.05204100
3.47999991	1.94928000	9.05204100
3.48999991	1.90498900	9.05204100
3.49999991	1.86069800	9.05204100
3.50999991	1.90498900	9.05204100
3.51999991	1.86069800	9.05204100
3.52999991	1.86069800	9.05204100
3.53999991	1.81640600	9.05204100
3.54999991	1.86069800	9.48419000
3.55999991	1.81640600	9.48419000
3.56999991	1.81640600	9.05204100
3.57999991	1.81640600	9.48419000
3.58999991	1.81640600	9.48419000
3.59999991	1.81640600	9.48419000
3.60999991	1.81640600	9.48419000
3.61999991	1.81640600	9.48419000
3.62999991	1.77211500	9.48419000
3.63999991	1.81640600	9.48419000
3.64999991	1.77211500	9.91480000
3.65999991	1.77211500	9.48419000
3.66999991	1.77211500	9.91480000
3.67999991	1.72782400	9.91480000
3.68999991	1.77211500	9.91480000
3.69999991	1.72782400	9.91480000
3.70999991	1.72782400	10.34541000
3.71999991	1.72782400	9.91480000
3.72999991	1.72782400	10.34541000
3.73999991	1.72782400	10.34541000
3.74999991	1.72782400	10.34541000
3.75999991	1.68353200	10.34541000
3.76999990	1.68353200	10.34541000
3.77999990	1.68353200	10.34541000
3.78999990	1.68353200	10.77756000
3.79999990	1.68353200	10.77756000
3.80999990	1.63924100	10.77756000
3.81999990	1.63924100	10.77756000
3.82999990	1.63924100	10.77756000
3.83999990	1.63924100	10.77756000
3.84999990	1.59495000	11.20817000
3.85999990	1.63924100	11.20817000
3.86999990	1.59495000	11.20817000
3.87999990	1.59495000	11.63878000
3.88999990	1.59495000	11.20817000
3.89999990	1.59495000	11.63878000
3.90999990	1.59495000	11.63878000
3.91999990	1.55065800	11.63878000
3.92999990	1.59495000	11.20817000
3.93999990	1.55065800	11.63878000
3.94999990	1.55065800	11.63878000
3.95999990	1.55065800	12.06939000
3.96999990	1.55065800	12.06939000
3.97999990	1.55065800	12.06939000
3.98999990	1.55065800	12.06939000
3.99999990	1.50621300	12.06939000
4.00999990	1.55065800	12.50154000
4.01999990	1.50621300	12.06939000
4.02999990	1.50621300	12.06939000
4.03999990	1.50621300	12.50154000
4.04999990	1.50621300	12.50154000
4.05999990	1.50621300	12.50154000
4.06999990	1.46192200	12.93215000
4.07999990	1.46192200	12.93215000
4.08999990	1.46192200	12.93215000
4.09999990	1.41763000	12.93215000
4.10999990	1.46192200	12.93215000
4.11999990	1.46192200	12.93215000
4.12999990	1.41763000	12.93215000
4.13999990	1.41763000	12.93215000
4.14999990	1.41763000	12.93215000
4.15999989	1.41763000	12.93215000
4.16999989	1.41763000	12.93215000
4.17999989	1.41763000	12.93215000
4.18999989	1.37333900	12.93215000
4.19999989	1.37333900	12.93215000
4.20999989	1.37333900	13.36276000
4.21999989	1.37333900	13.36276000
4.22999989	1.32904800	13.36276000
4.23999989	1.37333900	13.36276000
4.24999989	1.32904800	13.36276000
4.25999989	1.32904800	13.36276000
4.26999989	1.32904800	13.36276000
4.27999989	1.32904800	13.36276000
4.28999989	1.32904800	13.36276000
4.29999989	1.28475600	12.93215000
4.30999989	1.28475600	13.36276000
4.31999989	1.28475600	13.36276000
4.32999989	1.28475600	13.79491000
4.33999989	1.28475600	13.36276000
4.34999989	1.28475600	13.36276000
4.35999989	1.28475600	13.79491000
4.36999989	1.24046500	13.79491000
4.37999989	1.24046500	13.36276000
4.38999989	1.24046500	13.79491000
4.39999989	1.24046500	13.36276000
4.40999989	1.19617400	13.36276000
4.41999989	1.24046500	13.36276000
4.42999989	1.24046500	13.36276000
4.43999989	1.19617400	12.93215000
4.44999989	1.19617400	12.93215000
4.45999989	1.19617400	12.93215000
4.46999989	1.19617400	12.93215000
4.47999989	1.19617400	12.50154000
4.48999989	1.15188200	12.93215000
4.49999989	1.15188200	12.50154000
4.50999989	1.19617400	12.93215000
4.51999989	1.15188200	12.50154000
4.52999989	1.15188200	12.50154000
4.53999989	1.10759100	12.50154000
4.54999989	1.10759100	12.50154000
4.55999988	1.10759100	12.06939000
4.56999988	1.15188200	12.06939000
4.57999988	1.10759100	11.63878000
4.58999988	1.10759100	11.63878000
4.59999988	1.06330000	11.63878000
4.60999988	1.06330000	11.63878000
4.61999988	1.06330000	11.63878000
4.62999988	1.06330000	11.20817000
4.63999988	1.06330000	11.20817000
4.64999988	1.06330000	10.77756000
4.65999988	1.01885500	10.77756000
4.66999988	1.06330000	10.77756000
4.67999988	1.01885500	10.34541000
4.68999988	1.06330000	10.34541000
4.69999988	1.06330000	10.34541000
4.70999988	1.01885500	9.91480000
4.71999988	1.01885500	9.91480000
4.72999988	0.97456320	9.48419000
4.73999988	0.97456320	9.05204100
4.74999988	0.97456320	9.05204100
4.75999988	0.97456320	9.05204100
4.76999988	0.97456320	9.05204100
4.77999988	0.97456320	8.62143100
4.78999988	0.97456320	8.19082200
4.79999988	0.93027190	7.75867300
4.80999988	0.93027190	7.32806300
4.81999988	0.93027190	7.32806300
4.82999988	0.93027190	7.32806300
4.83999988	0.88598050	6.89745300
4.84999988	0.93027190	6.46530500
4.85999988	0.93027190	6.46530500
4.86999988	0.88598050	6.03469500
4.87999988	0.88598050	5.60408400
4.88999988	0.88598050	5.17193600
4.89999988	0.84168920	5.17193600
4.90999988	0.88598050	5.17193600
4.91999988	0.84168920	4.74132600
4.92999988	0.84168920	4.31071600
4.93999988	0.79739790	3.87856800
4.94999987	0.79739790	3.44795700
4.95999987	0.84168920	3.44795700
4.96999987	0.75310650	3.01734700
4.97999987	0.79739790	2.58519900
4.98999987	0.79739790	2.15458900
4.99999987	0.79739790	1.72397900
5.00999987	0.79739790	1.72397900
5.01999987	0.75310650	1.29183100
5.02999987	0.79739790	0.86122040
5.03999987	0.75310650	0.43061020
5.04999987	0.75310650	0.00000000
5.05999987	0.75310650	-0.43061020
5.06999987	0.75310650	-0.86122040
5.07999987	0.75310650	-1.29183100
5.08999987	0.70881520	-1.72397900
5.09999987	0.75310650	-2.15458900
5.10999987	0.70881520	-2.58519900
5.11999987	0.70881520	-3.01734700
5.12999987	0.70881520	-3.44795700
5.13999987	0.66452380	-3.87856800
5.14999987	0.66452380	-4.31071600
5.15999987	0.70881520	-4.74132600
5.16999987	0.66452380	-5.60408400
5.17999987	0.66452380	-5.60408400
5.18999987	0.66452380	-6.03469500
5.19999987	0.66452380	-6.46530500
5.20999987	0.62023250	-7.32806300
5.21999987	0.62023250	-7.32806300
5.22999987	0.62023250	-7.75867300
5.23999987	0.62023250	-8.19082200
5.24999987	0.62023250	-9.05204100
5.25999987	0.62023250	-9.48419000
5.26999987	0.62023250	-9.91480000
5.27999987	0.62023250	-10.34541000
5.28999987	0.62023250	-10.77756000
5.29999987	0.57594120	-11.20817000
5.30999987	0.57594120	-11.63878000
5.31999987	0.53164980	-12.06939000
5.32999987	0.53164980	-12.93215000
5.33999987	0.57594120	-13.36276000
5.34999986	0.53164980	-13.79491000
5.35999986	0.53164980	-14.65613000
5.36999986	0.53164980	-15.08827000
5.37999986	0.53164980	-15.51888000
5.38999986	0.53164980	-15.94949000
5.39999986	0.53164980	-16.81225000
5.40999986	0.48720470	-17.24286000
5.41999986	0.53164980	-17.24286000
5.42999986	0.48720470	-18.10562000
5.43999986	0.48720470	-18.53623000
5.44999986	0.48720470	-19.39899000
5.45999986	0.48720470	-19.82960000
5.46999986	0.44291340	-20.26175000
5.47999986	0.44291340	-20.69236000
5.48999986	0.44291340	-21.12297000
5.49999986	0.44291340	-21.98573000
5.50999986	0.44291340	-22.41634000
5.51999986	0.39862200	-22.41634000
5.52999986	0.44291340	-23.27909000
5.53999986	0.39862200	-23.70971000
5.54999986	0.39862200	-24.14032000
5.55999986	0.39862200	-24.57246000
5.56999986	0.39862200	-25.00307000
5.57999986	0.39862200	-25.43368000
5.58999986	0.39862200	-25.86583000
5.59999986	0.35433070	-26.29644000
5.60999986	0.35433070	-26.72705000
5.61999986	0.35433070	-26.72705000
5.62999986	0.35433070	-27.58981000
5.63999986	0.31003940	-27.58981000
5.64999986	0.35433070	-28.02042000
5.65999986	0.31003940	-28.45257000
5.66999986	0.31003940	-28.88318000
5.67999986	0.31003940	-28.88318000
5.68999986	0.26574800	-29.31379000
5.69999986	0.31003940	-29.74594000
5.70999986	0.26574800	-29.74594000
5.71999986	0.26574800	-29.74594000
5.72999986	0.26574800	-30.17655000
5.73999985	0.31003940	-30.60716000
5.74999985	0.26574800	-30.17655000
5.75999985	0.22145670	-30.60716000
5.76999985	0.26574800	-30.60716000
5.77999985	0.22145670	-31.03931000
5.78999985	0.26574800	-30.60716000
5.79999985	0.17716540	-30.60716000
5.80999985	0.22145670	-30.60716000
5.81999985	0.22145670	-31.03931000
5.82999985	0.17716540	-30.60716000
5.83999985	0.17716540	-30.60716000
5.84999985	0.17716540	-30.60716000
5.85999985	0.17716540	-30.17655000
5.86999985	0.17716540	-30.17655000
5.87999985	0.17716540	-30.17655000
5.88999985	0.17716540	-29.74594000
5.89999985	0.13287400	-29.74594000
5.90999985	0.13287400	-29.74594000
5.91999985	0.17716540	-29.31379000
5.92999985	0.13287400	-28.88318000
5.93999985	0.13287400	-28.88318000
5.94999985	0.13287400	-28.45257000
5.95999985	0.08858268	-28.45257000
5.96999985	0.08858268	-28.02042000
5.97999985	0.08858268	-27.15920000
5.98999985	0.04429134	-27.15920000
5.99999985	0.08858268	-27.15920000
6.00999985	0.08858268	-26.29644000
6.01999985	0.08858268	-25.86583000
6.02999985	0.04429134	-25.86583000
6.03999985	0.04429134	-25.43368000
6.04999985	0.04429134	-24.57246000
6.05999985	0.04429134	-24.57246000
6.06999985	0.00000000	-24.14032000
6.07999985	0.04429134	-23.27909000
6.08999985	0.00000000	-22.84695000
6.09999985	0.00000000	-22.41634000
6.10999985	0.04429134	-21.98573000
6.11999985	0.00000000	-21.12297000
6.12999985	-0.04429134	-21.12297000
6.13999984	-0.04429134	-20.26175000
6.14999984	0.00000000	-20.26175000
6.15999984	-0.04429134	-19.82960000
6.16999984	-0.04429134	-18.96838000
6.17999984	-0.04429134	-18.53623000
6.18999984	-0.04429134	-18.10562000
6.19999984	-0.08858268	-17.67501000
6.20999984	-0.08858268	-16.81225000
6.21999984	-0.08858268	-16.38164000
6.22999984	-0.08858268	-15.94949000
6.23999984	-0.13287400	-15.51888000
6.24999984	-0.08858268	-15.08827000
6.25999984	-0.08858268	-14.65613000
6.26999984	-0.13287400	-14.22552000
6.27999984	-0.13287400	-13.79491000
6.28999984	-0.13287400	-12.93215000
6.29999984	-0.13287400	-12.93215000
6.30999984	-0.13287400	-12.50154000
6.31999984	-0.13287400	-12.06939000
6.32999984	-0.13287400	-11.63878000
6.33999984	-0.17716540	-11.20817000
6.34999984	-0.17716540	-10.77756000
6.35999984	-0.17716540	-10.34541000
6.36999984	-0.17716540	-9.91480000
6.37999984	-0.17716540	-9.48419000
6.38999984	-0.22145670	-9.05204100
6.39999984	-0.22145670	-9.05204100
6.40999984	-0.22145670	-8.62143100
6.41999984	-0.17716540	-8.19082200
6.42999984	-0.22145670	-7.75867300
6.43999984	-0.26574800	-7.32806300
6.44999984	-0.22145670	-6.89745300
6.45999984	-0.26574800	-6.89745300
6.46999984	-0.26574800	-6.46530500
6.47999984	-0.26574800	-6.46530500
6.48999984	-0.26574800	-6.03469500
6.49999984	-0.26574800	-5.60408400
6.50999984	-0.26574800	-5.60408400
6.51999984	-0.26574800	-5.17193600
6.52999984	-0.26574800	-5.17193600
6.53999983	-0.31003940	-4.74132600
6.54999983	-0.31003940	-4.31071600
6.55999983	-0.31003940	-3.87856800
6.56999983	-0.31003940	-3.87856800
6.57999983	-0.35433070	-3.44795700
6.58999983	-0.31003940	-3.87856800
6.59999983	-0.35433070	-3.01734700
6.60999983	-0.31003940	-3.01734700
6.61999983	-0.31003940	-3.01734700
6.62999983	-0.35433070	-2.15458900
6.63999983	-0.35433070	-2.58519900
6.64999983	-0.35433070	-2.15458900
6.65999983	-0.35433070	-1.72397900
6.66999983	-0.35433070	-1.72397900
6.67999983	-0.39862200	-1.29183100
6.68999983	-0.39862200	-1.29183100
6.69999983	-0.39862200	-0.86122040
6.70999983	-0.39862200	-0.86122040
6.71999983	-0.39862200	-0.86122040
6.72999983	-0.39862200	-0.43061020
6.73999983	-0.39862200	-0.43061020
6.74999983	-0.39862200	0.00000000
6.75999983	-0.44291340	0.00000000
6.76999983	-0.44291340	0.43061020
6.77999983	-0.39862200	0.43061020
6.78999983	-0.44291340	0.43061020
6.79999983	-0.44291340	0.86122040
6.80999983	-0.44291340	1.29183100
6.81999983	-0.48720470	0.86122040
6.82999983	-0.44291340	1.29183100
6.83999983	-0.48720470	1.72397900
6.84999983	-0.48720470	1.72397900
6.85999983	-0.44291340	1.29183100
6.86999983	-0.48720470	1.72397900
6.87999983	-0.48720470	2.15458900
6.88999983	-0.53164980	2.15458900
6.89999983	-0.53164980	2.15458900
6.90999983	-0.48720470	2.58519900
6.91999983	-0.53164980	2.58519900
6.92999982	-0.53164980	2.58519900
6.93999982	-0.57594120	2.58519900
6.94999982	-0.53164980	2.58519900
6.95999982	-0.57594120	3.01734700
6.96999982	-0.57594120	3.01734700
6.97999982	-0.57594120	3.44795700
6.98999982	-0.53164980	3.01734700
6.99999982	-0.57594120	3.44795700
7.00999982	-0.57594120	3.44795700
7.01999982	-0.57594120	3.44795700
7.02999982	-0.57594120	3.87856800
7.03999982	-0.62023250	3.87856800
7.04999982	-0.57594120	3.87856800
7.05999982	-0.57594120	4.31071600
7.06999982	-0.62023250	3.87856800
7.07999982	-0.62023250	4.31071600
7.08999982	-0.62023250	4.31071600
7.09999982	-0.62023250	4.31071600
7.10999982	-0.62023250	4.31071600
7.11999982	-0.66452380	4.74132600
7.12999982	-0.66452380	4.31071600
7.13999982	-0.66452380	4.74132600
7.14999982	-0.66452380	4.74132600
7.15999982	-0.66452380	5.17193600
7.16999982	-0.66452380	4.74132600
7.17999982	-0.66452380	5.17193600
7.18999982	-0.66452380	4.74132600
7.19999982	-0.70881520	5.17193600
7.20999982	-0.70881520	5.17193600
7.21999982	-0.70881520	5.17193600
7.22999982	-0.70881520	5.17193600
7.23999982	-0.70881520	5.17193600
7.24999982	-0.70881520	5.60408400
7.25999982	-0.70881520	5.60408400
7.26999982	-0.75310650	5.60408400
7.27999982	-0.75310650	5.60408400
7.28999982	-0.75310650	5.60408400
7.29999982	-0.79739790	5.60408400
7.30999982	-0.75310650	5.60408400
7.31999982	-0.75310650	5.60408400
7.32999981	-0.75310650	6.03469500
7.33999981	-0.75310650	6.03469500
7.34999981	-0.79739790	6.03469500
7.35999981	-0.79739790	6.03469500
7.36999981	-0.79739790	6.03469500
7.37999981	-0.84168920	6.03469500
7.38999981	-0.84168920	6.03469500
7.39999981	-0.84168920	6.03469500
7.40999981	-0.84168920	6.03469500
7.41999981	-0.84168920	6.46530500
7.42999981	-0.84168920	6.03469500
7.43999981	-0.84168920	6.46530500
7.44999981	-0.84168920	6.46530500
7.45999981	-0.84168920	6.46530500
7.46999981	-0.84168920	6.46530500
7.47999981	-0.84168920	6.46530500
7.48999981	-0.84168920	6.03469500
7.49999981	-0.88598050	6.46530500
7.50999981	-0.88598050	6.46530500
7.51999981	-0.88598050	6.46530500
7.52999981	-0.88598050	6.46530500
7.53999981	-0.88598050	6.46530500
7.54999981	-0.88598050	6.46530500
7.55999981	-0.93027190	6.89745300
7.56999981	-0.93027190	6.89745300
7.57999981	-0.93027190	6.46530500
7.58999981	-0.93027190	6.46530500
7.59999981	-0.93027190	6.46530500
7.60999981	-0.93027190	6.46530500
7.61999981	-0.97456320	6.89745300
7.62999981	-0.93027190	6.89745300
7.63999981	-0.97456320	6.46530500
7.64999981	-0.97456320	6.89745300
7.65999981	-0.97456320	6.89745300
7.66999981	-1.01885500	6.46530500
7.67999981	-0.97456320	6.89745300
7.68999981	-0.97456320	6.89745300
7.69999981	-0.97456320	6.89745300
7.70999981	-1.01885500	6.89745300
7.71999980	-1.01885500	6.89745300
7.72999980	-1.01885500	6.89745300
7.73999980	-1.01885500	6.89745300
7.74999980	-1.06330000	6.89745300
7.75999980	-1.06330000	6.89745300
7.76999980	-1.01885500	7.32806300
7.77999980	-1.01885500	6.89745300
7.78999980	-1.06330000	6.46530500
7.79999980	-1.06330000	7.32806300
7.80999980	-1.06330000	7.32806300
7.81999980	-1.06330000	6.89745300
7.82999980	-1.06330000	6.89745300
7.83999980	-1.06330000	7.32806300
7.84999980	-1.10759100	7.32806300
7.85999980	-1.06330000	7.32806300
7.86999980	-1.10759100	7.32806300
7.87999980	-1.10759100	7.32806300
7.88999980	-1.10759100	7.32806300
7.89999980	-1.15188200	7.32806300
7.90999980	-1.10759100	7.32806300
7.91999980	-1.15188200	7.32806300
7.92999980	-1.10759100	7.32806300
7.93999980	-1.15188200	7.32806300
7.94999980	-1.15188200	7.32806300
7.95999980	-1.15188200	7.32806300
7.96999980	-1.19617400	7.32806300
7.97999980	-1.15188200	7.32806300
7.98999980	-1.15188200	7.32806300
7.99999980	-1.19617400	7.32806300
8.00999980	-1.15188200	7.32806300
8.01999980	-1.19617400	7.32806300
8.02999980	-1.19617400	7.32806300
8.03999980	-1.19617400	7.32806300
8.04999980	-1.19617400	7.75867300
8.05999980	-1.19617400	7.32806300
8.06999980	-1.19617400	7.32806300
8.07999980	-1.19617400	7.32806300
8.08999980	-1.19617400	7.32806300
8.09999980	-1.24046500	7.32806300
8.10999980	-1.28475600	7.32806300
8.11999979	-1.24046500	7.32806300
8.12999979	-1.24046500	7.32806300
8.13999979	-1.24046500	7.32806300
8.14999979	-1.24046500	7.75867300
8.15999979	-1.24046500	7.32806300
8.16999979	-1.28475600	7.32806300
8.17999979	-1.28475600	7.32806300
8.18999979	-1.32904800	7.32806300
8.19999979	-1.28475600	7.32806300
8.20999979	-1.32904800	7.32806300
8.21999979	-1.32904800	7.32806300
8.22999979	-1.32904800	7.75867300
8.23999979	-1.32904800	7.75867300
8.24999979	-1.32904800	7.75867300
8.25999979	-1.37333900	7.75867300
8.26999979	-1.32904800	7.75867300
8.27999979	-1.32904800	7.32806300
8.28999979	-1.32904800	7.32806300
8.29999979	-1.37333900	7.75867300
8.30999979	-1.37333900	7.75867300
8.31999979	-1.37333900	7.75867300
8.32999979	-1.37333900	7.32806300
8.33999979	-1.37333900	7.75867300
8.34999979	-1.41763000	8.19082200
8.35999979	-1.37333900	7.75867300
8.36999979	-1.41763000	7.32806300
8.37999979	-1.41763000	7.75867300
8.38999979	-1.41763000	7.75867300
8.39999979	-1.41763000	7.75867300
8.40999979	-1.41763000	7.75867300
8.41999979	-1.41763000	8.19082200
8.42999979	-1.41763000	7.75867300
8.43999979	-1.46192200	7.75867300
8.44999979	-1.46192200	7.75867300
8.45999979	-1.46192200	7.75867300
8.46999979	-1.46192200	8.19082200
8.47999979	-1.46192200	7.75867300
8.48999979	-1.46192200	7.75867300
8.49999979	-1.46192200	8.19082200
8.50999979	-1.46192200	7.75867300
8.51999978	-1.50621300	7.75867300
8.52999978	-1.50621300	7.75867300
8.53999978	-1.50621300	7.75867300
8.54999978	-1.50621300	8.19082200
8.55999978	-1.50621300	8.19082200
8.56999978	-1.50621300	8.19082200
8.57999978	-1.50621300	8.19082200
8.58999978	-1.50621300	7.75867300
8.59999978	-1.55065800	8.19082200
8.60999978	-1.50621300	8.19082200
8.61999978	-1.55065800	8.19082200
8.62999978	-1.55065800	8.19082200
8.63999978	-1.55065800	8.19082200
8.64999978	-1.55065800	8.19082200
8.65999978	-1.55065800	8.19082200
8.66999978	-1.59495000	8.19082200
8.67999978	-1.59495000	8.19082200
8.68999978	-1.59495000	8.62143100
8.69999978	-1.59495000	8.19082200
8.70999978	-1.63924100	8.19082200
8.71999978	-1.63924100	8.19082200
8.72999978	-1.59495000	8.19082200
8.73999978	-1.63924100	8.19082200
8.74999978	-1.59495000	8.19082200
8.75999978	-1.63924100	8.62143100
8.76999978	-1.63924100	8.62143100
8.77999978	-1.63924100	8.62143100
8.78999978	-1.63924100	8.62143100
8.79999978	-1.63924100	8.62143100
8.80999978	-1.59495000	8.62143100
8.81999978	-1.59495000	8.62143100
8.82999978	-1.59495000	8.62143100
8.83999978	-1.63924100	8.62143100
8.84999978	-1.59495000	8.62143100
8.85999978	-1.59495000	8.62143100
8.86999978	-1.59495000	8.62143100
8.87999978	-1.55065800	8.62143100
8.88999978	-1.59495000	8.19082200
8.89999978	-1.59495000	8.62143100
8.90999977	-1.55065800	8.62143100
8.91999977	-1.55065800	8.62143100
8.92999977	-1.55065800	8.62143100
8.93999977	-1.55065800	8.62143100
8.94999977	-1.55065800	8.62143100
8.95999977	-1.55065800	9.05204100
8.96999977	-1.55065800	8.19082200
8.97999977	-1.55065800	8.62143100
8.98999977	-1.50621300	8.62143100
8.99999977	-1.50621300	8.62143100
9.00999977	-1.50621300	8.62143100
9.01999977	-1.50621300	8.62143100
9.02999977	-1.46192200	8.62143100
9.03999977	-1.50621300	8.62143100
9.04999977	-1.46192200	8.62143100
9.05999977	-1.46192200	9.05204100
9.06999977	-1.46192200	8.62143100
9.07999977	-1.46192200	8.62143100
9.08999977	-1.46192200	9.05204100
9.09999977	-1.41763000	8.62143100
9.10999977	-1.41763000	9.05204100
9.11999977	-1.46192200	8.62143100
9.12999977	-1.41763000	8.62143100
9.13999977	-1.41763000	8.62143100
9.14999977	-1.41763000	9.05204100
9.15999977	-1.37333900	8.62143100
9.16999977	-1.41763000	8.62143100
9.17999977	-1.41763000	8.62143100
9.18999977	-1.37333900	8.62143100
9.19999977	-1.41763000	8.62143100
9.20999977	-1.37333900	8.62143100
9.21999977	-1.37333900	9.05204100
9.22999977	-1.37333900	9.05204100
9.23999977	-1.32904800	9.05204100
9.24999977	-1.32904800	9.05204100
9.25999977	-1.32904800	9.05204100
9.26999977	-1.32904800	9.05204100
9.27999977	-1.37333900	9.05204100
9.28999977	-1.32904800	9.05204100
9.29999977	-1.32904800	9.05204100
9.30999976	-1.32904800	9.05204100
9.31999976	-1.32904800	9.05204100
9.32999976	-1.28475600	8.62143100
9.33999976	-1.28475600	9.05204100
9.34999976	-1.28475600	9.05204100
9.35999976	-1.28475600	9.05204100
9.36999976	-1.28475600	9.05204100
9.37999976	-1.28475600	9.05204100
9.38999976	-1.28475600	9.05204100
9.39999976	-1.24046500	9.05204100
9.40999976	-1.28475600	9.05204100
9.41999976	-1.19617400	9.05204100
9.42999976	-1.24046500	9.05204100
9.43999976	-1.24046500	9.05204100
9.44999976	-1.24046500	9.05204100
9.45999976	-1.24046500	9.05204100
9.46999976	-1.19617400	9.05204100
9.47999976	-1.19617400	9.05204100
9.48999976	-1.19617400	9.05204100
9.49999976	-1.19617400	9.05204100
9.50999976	-1.19617400	9.05204100
9.51999976	-1.15188200	8.62143100
9.52999976	-1.15188200	9.05204100
9.53999976	-1.19617400	9.05204100
9.54999976	-1.19617400	9.05204100
9.55999976	-1.19617400	9.05204100
9.56999976	-1.19617400	9.05204100
9.57999976	-1.15188200	9.05204100
9.58999976	-1.15188200	9.05204100
9.59999976	-1.15188200	9.05204100
9.60999976	-1.10759100	9.05204100
9.61999976	-1.10759100	9.05204100
9.62999976	-1.15188200	9.05204100
9.63999976	-1.10759100	9.05204100
9.64999976	-1.10759100	9.05204100
9.65999976	-1.10759100	9.05204100
9.66999976	-1.06330000	9.05204100
9.67999976	-1.06330000	9.05204100
9.68999976	-1.06330000	9.05204100
9.69999975	-1.06330000	9.05204100
9.70999975	-1.06330000	9.05204100
9.71999975	-1.06330000	9.05204100
9.72999975	-1.06330000	9.05204100
9.73999975	-1.01885500	9.48419000
9.74999975	-1.01885500	9.05204100
9.75999975	-1.06330000	9.05204100
9.76999975	-1.01885500	9.05204100
9.77999975	-1.01885500	9.05204100
9.78999975	-1.01885500	9.05204100
9.79999975	-1.01885500	9.05204100
9.80999975	-1.01885500	9.05204100
9.81999975	-1.01885500	9.48419000
9.82999975	-1.01885500	9.05204100
9.83999975	-1.01885500	9.05204100
9.84999975	-0.97456320	9.48419000
9.85999975	-1.01885500	9.48419000
9.86999975	-0.93027190	9.05204100
9.87999975	-0.97456320	9.48419000
9.88999975	-0.97456320	9.05204100
9.89999975	-0.97456320	9.05204100
9.90999975	-0.97456320	9.05204100
9.91999975	-0.97456320	9.05204100
9.92999975	-0.93027190	9.05204100
9.93999975	-0.93027190	9.05204100
9.94999975	-0.88598050	9.05204100
9.95999975	-0.93027190	9.48419000
9.96999975	-0.93027190	9.05204100
9.97999975	-0.97456320	9.05204100
9.98999975	-0.88598050	9.05204100
9.99999975	-0.88598050	9.05204100
10.00999975	-0.88598050	9.05204100
10.01999975	-0.88598050	8.62143100
10.02999975	-0.88598050	9.05204100
