Time	Channel A	Channel B
(ms)	(V)	(V)

0.00000000	2.12659900	-1.21801200
0.02000000	2.17089100	-1.21801200
0.04000000	2.17089100	-1.21801200
0.06000000	2.17089100	-1.30505700
0.08000000	2.12659900	-1.30505700
0.10000000	2.17089100	-1.30505700
0.12000000	2.17089100	-1.30505700
0.14000000	2.17089100	-1.30505700
0.16000000	2.12659900	-1.39210100
0.18000000	2.12659900	-1.39210100
0.19999999	2.12659900	-1.39210100
0.21999999	2.12659900	-1.39210100
0.23999999	2.12659900	-1.39210100
0.25999999	2.08230800	-1.47914600
0.27999999	2.12659900	-1.47914600
0.29999999	2.08230800	-1.47914600
0.31999999	2.03786300	-1.47914600
0.33999999	2.08230800	-1.56619100
0.35999999	2.08230800	-1.56619100
0.37999999	2.08230800	-1.56619100
0.39999999	2.03786300	-1.56619100
0.41999999	2.03786300	-1.56619100
0.43999999	2.03786300	-1.65323600
0.45999999	2.03786300	-1.65323600
0.47999999	2.03786300	-1.65323600
0.49999999	1.99357200	-1.65323600
0.51999999	1.99357200	-1.65323600
0.53999999	1.99357200	-1.73997300
0.55999999	1.99357200	-1.73997300
0.57999999	1.99357200	-1.73997300
0.59999998	1.99357200	-1.73997300
0.61999998	1.94928000	-1.73997300
0.63999998	1.99357200	-1.82701800
0.65999998	1.94928000	-1.82701800
0.67999998	1.94928000	-1.82701800
0.69999998	1.94928000	-1.82701800
0.71999998	1.94928000	-1.82701800
0.73999998	1.90498900	-1.82701800
0.75999998	1.90498900	-1.91406300
0.77999998	1.90498900	-1.91406300
0.79999998	1.90498900	-1.91406300
0.81999998	1.90498900	-1.91406300
0.83999998	1.90498900	-2.00110700
0.85999998	1.86069800	-2.00110700
0.87999998	1.86069800	-2.00110700
0.89999998	1.90498900	-2.00110700
0.91999998	1.86069800	-2.08815200
0.93999998	1.86069800	-2.08815200
0.95999998	1.86069800	-2.08815200
0.97999998	1.86069800	-2.08815200
0.99999997	1.86069800	-2.08815200
1.01999997	1.86069800	-2.08815200
1.03999997	1.81640600	-2.17519700
1.05999997	1.81640600	-2.17519700
1.07999997	1.86069800	-2.08815200
1.09999997	1.86069800	-2.17519700
1.11999997	1.86069800	-2.17519700
1.13999997	1.81640600	-2.17519700
1.15999997	1.86069800	-2.26224200
1.17999997	1.81640600	-2.26224200
1.19999997	1.81640600	-2.26224200
1.21999997	1.81640600	-2.26224200
1.23999997	1.81640600	-2.26224200
1.25999997	1.81640600	-2.34928600
1.27999997	1.81640600	-2.34928600
1.29999997	1.81640600	-2.34928600
1.31999997	1.81640600	-2.43633100
1.33999997	1.81640600	-2.43633100
1.35999997	1.86069800	-2.43633100
1.37999997	1.86069800	-2.43633100
1.39999996	1.86069800	-2.43633100
1.41999996	1.81640600	-2.43633100
1.43999996	1.81640600	-2.43633100
1.45999996	1.81640600	-2.52337600
1.47999996	1.81640600	-2.52337600
1.49999996	1.81640600	-2.52337600
1.51999996	1.81640600	-2.52337600
1.53999996	1.81640600	-2.61011300
1.55999996	1.86069800	-2.52337600
1.57999996	1.81640600	-2.61011300
1.59999996	1.86069800	-2.61011300
1.61999996	1.86069800	-2.61011300
1.63999996	1.81640600	-2.61011300
1.65999996	1.81640600	-2.69715800
1.67999996	1.86069800	-2.69715800
1.69999996	1.81640600	-2.69715800
1.71999996	1.81640600	-2.78420300
1.73999996	1.86069800	-2.69715800
1.75999996	1.86069800	-2.78420300
1.77999996	1.86069800	-2.78420300
1.79999995	1.90498900	-2.78420300
1.81999995	1.86069800	-2.78420300
1.83999995	1.86069800	-2.78420300
1.85999995	1.86069800	-2.87124800
1.87999995	1.86069800	-2.87124800
1.89999995	1.86069800	-2.87124800
1.91999995	1.86069800	-2.87124800
1.93999995	1.86069800	-2.87124800
1.95999995	1.86069800	-2.87124800
1.97999995	1.86069800	-2.95829200
1.99999995	1.86069800	-2.95829200
2.01999995	1.86069800	-2.95829200
2.03999995	1.90498900	-3.04533700
2.05999995	1.90498900	-2.95829200
2.07999995	1.86069800	-3.04533700
2.09999995	1.90498900	-3.04533700
2.11999995	1.86069800	-3.04533700
2.13999995	1.90498900	-3.04533700
2.15999995	1.86069800	-3.04533700
2.17999994	1.86069800	-3.13238200
2.19999994	1.90498900	-3.13238200
2.21999994	1.86069800	-3.13238200
2.23999994	1.86069800	-3.13238200
2.25999994	1.86069800	-3.21942700
2.27999994	1.86069800	-3.21942700
2.29999994	1.90498900	-3.21942700
2.31999994	1.86069800	-3.21942700
2.33999994	1.86069800	-3.21942700
2.35999994	1.86069800	-3.21942700
2.37999994	1.90498900	-3.30647100
2.39999994	1.86069800	-3.30647100
2.41999994	1.90498900	-3.30647100
2.43999994	1.86069800	-3.30647100
2.45999994	1.86069800	-3.39351600
2.47999994	1.86069800	-3.39351600
2.49999994	1.86069800	-3.39351600
2.51999994	1.90498900	-3.39351600
2.53999994	1.86069800	-3.39351600
2.55999994	1.90498900	-3.39351600
2.57999993	1.86069800	-3.48025300
2.59999993	1.90498900	-3.48025300
2.61999993	1.86069800	-3.48025300
2.63999993	1.86069800	-3.56729800
2.65999993	1.86069800	-3.48025300
2.67999993	1.86069800	-3.56729800
2.69999993	1.86069800	-3.56729800
2.71999993	1.86069800	-3.56729800
2.73999993	1.86069800	-3.56729800
2.75999993	1.86069800	-3.56729800
2.77999993	1.90498900	-3.56729800
2.79999993	1.86069800	-3.65434300
2.81999993	1.90498900	-3.65434300
2.83999993	1.86069800	-3.65434300
2.85999993	1.86069800	-3.65434300
2.87999993	1.86069800	-3.74138800
2.89999993	1.86069800	-3.74138800
2.91999993	1.86069800	-3.74138800
2.93999993	1.86069800	-3.74138800
2.95999993	1.86069800	-3.74138800
2.97999992	1.86069800	-3.82843300
2.99999992	1.90498900	-3.82843300
3.01999992	1.86069800	-3.82843300
3.03999992	1.86069800	-3.82843300
3.05999992	1.86069800	-3.82843300
3.07999992	1.86069800	-3.82843300
3.09999992	1.86069800	-3.91547700
3.11999992	1.86069800	-3.91547700
3.13999992	1.86069800	-3.91547700
3.15999992	1.86069800	-3.91547700
3.17999992	1.81640600	-4.00252200
3.19999992	1.86069800	-4.00252200
3.21999992	1.86069800	-4.00252200
3.23999992	1.86069800	-4.00252200
3.25999992	1.86069800	-4.00252200
3.27999992	1.86069800	-4.08956700
3.29999992	1.86069800	-4.08956700
3.31999992	1.81640600	-4.08956700
3.33999992	1.86069800	-4.08956700
3.35999992	1.81640600	-4.08956700
3.37999991	1.86069800	-4.17661200
3.39999991	1.86069800	-4.17661200
3.41999991	1.81640600	-4.17661200
3.43999991	1.81640600	-4.17661200
3.45999991	1.81640600	-4.17661200
3.47999991	1.81640600	-4.17661200
3.49999991	1.81640600	-4.17661200
3.51999991	1.81640600	-4.08956700
3.53999991	1.81640600	-4.08956700
3.55999991	1.81640600	-4.08956700
3.57999991	1.81640600	-4.08956700
3.59999991	1.81640600	-4.00252200
3.61999991	1.81640600	-4.08956700
3.63999991	1.81640600	-4.00252200
3.65999991	1.81640600	-4.00252200
3.67999991	1.81640600	-4.00252200
3.69999991	1.77211500	-3.91547700
3.71999991	1.81640600	-3.91547700
3.73999991	1.81640600	-3.91547700
3.75999991	1.81640600	-3.91547700
3.77999990	1.81640600	-3.91547700
3.79999990	1.77211500	-3.82843300
3.81999990	1.77211500	-3.82843300
3.83999990	1.77211500	-3.82843300
3.85999990	1.81640600	-3.82843300
3.87999990	1.77211500	-3.82843300
3.89999990	1.77211500	-3.74138800
3.91999990	1.77211500	-3.74138800
3.93999990	1.77211500	-3.74138800
3.95999990	1.77211500	-3.74138800
3.97999990	1.77211500	-3.74138800
3.99999990	1.77211500	-3.65434300
4.01999990	1.77211500	-3.74138800
4.03999990	1.77211500	-3.65434300
4.05999990	1.77211500	-3.65434300
4.07999990	1.77211500	-3.65434300
4.09999990	1.77211500	-3.56729800
4.11999990	1.81640600	-3.56729800
4.13999990	1.77211500	-3.56729800
4.15999989	1.77211500	-3.56729800
4.17999989	1.77211500	-3.56729800
4.19999989	1.77211500	-3.48025300
4.21999989	1.77211500	-3.48025300
4.23999989	1.77211500	-3.48025300
4.25999989	1.77211500	-3.48025300
4.27999989	1.77211500	-3.48025300
4.29999989	1.77211500	-3.39351600
4.31999989	1.77211500	-3.39351600
4.33999989	1.72782400	-3.39351600
4.35999989	1.72782400	-3.39351600
4.37999989	1.77211500	-3.39351600
4.39999989	1.77211500	-3.30647100
4.41999989	1.77211500	-3.30647100
4.43999989	1.77211500	-3.30647100
4.45999989	1.77211500	-3.30647100
4.47999989	1.77211500	-3.30647100
4.49999989	1.72782400	-3.21942700
4.51999989	1.72782400	-3.21942700
4.53999989	1.77211500	-3.21942700
4.55999988	1.77211500	-3.21942700
4.57999988	1.77211500	-3.13238200
4.59999988	1.77211500	-3.13238200
4.61999988	1.77211500	-3.13238200
4.63999988	1.72782400	-3.13238200
4.65999988	1.72782400	-3.13238200
4.67999988	1.72782400	-3.13238200
4.69999988	1.72782400	-3.04533700
4.71999988	1.72782400	-3.04533700
4.73999988	1.72782400	-3.04533700
4.75999988	1.77211500	-3.04533700
4.77999988	1.72782400	-3.04533700
4.79999988	1.72782400	-3.04533700
4.81999988	1.72782400	-2.95829200
4.83999988	1.72782400	-2.95829200
4.85999988	1.72782400	-2.95829200
4.87999988	1.72782400	-2.95829200
4.89999988	1.72782400	-2.95829200
4.91999988	1.72782400	-2.87124800
4.93999988	1.77211500	-2.87124800
4.95999987	1.72782400	-2.87124800
4.97999987	1.72782400	-2.78420300
4.99999987	1.77211500	-2.78420300
5.01999987	1.77211500	-2.78420300
5.03999987	1.72782400	-2.78420300
5.05999987	1.77211500	-2.78420300
5.07999987	1.72782400	-2.78420300
5.09999987	1.72782400	-2.69715800
5.11999987	1.77211500	-2.69715800
5.13999987	1.77211500	-2.69715800
5.15999987	1.72782400	-2.69715800
5.17999987	1.77211500	-2.69715800
5.19999987	1.77211500	-2.69715800
5.21999987	1.77211500	-2.61011300
5.23999987	1.77211500	-2.61011300
5.25999987	1.77211500	-2.61011300
5.27999987	1.81640600	-2.61011300
5.29999987	1.77211500	-2.52337600
5.31999987	1.77211500	-2.52337600
5.33999987	1.77211500	-2.52337600
5.35999986	1.77211500	-2.52337600
5.37999986	1.81640600	-2.43633100
5.39999986	1.81640600	-2.43633100
5.41999986	1.77211500	-2.43633100
5.43999986	1.81640600	-2.43633100
5.45999986	1.81640600	-2.43633100
5.47999986	1.81640600	-2.43633100
5.49999986	1.81640600	-2.34928600
5.51999986	1.81640600	-2.34928600
5.53999986	1.81640600	-2.34928600
5.55999986	1.81640600	-2.34928600
5.57999986	1.81640600	-2.34928600
5.59999986	1.81640600	-2.26224200
5.61999986	1.81640600	-2.26224200
5.63999986	1.86069800	-2.26224200
5.65999986	1.86069800	-2.26224200
5.67999986	1.86069800	-2.26224200
5.69999986	1.86069800	-2.17519700
5.71999986	1.86069800	-2.17519700
5.73999985	1.86069800	-2.17519700
5.75999985	1.86069800	-2.17519700
5.77999985	1.86069800	-2.08815200
5.79999985	1.86069800	-2.08815200
5.81999985	1.86069800	-2.08815200
5.83999985	1.86069800	-2.08815200
5.85999985	1.86069800	-2.08815200
5.87999985	1.90498900	-2.08815200
5.89999985	1.86069800	-2.00110700
5.91999985	1.90498900	-2.00110700
5.93999985	1.90498900	-2.00110700
5.95999985	1.86069800	-2.00110700
5.97999985	1.90498900	-2.00110700
5.99999985	1.90498900	-1.91406300
6.01999985	1.90498900	-1.91406300
6.03999985	1.94928000	-1.91406300
6.05999985	1.90498900	-1.91406300
6.07999985	1.90498900	-1.91406300
6.09999985	1.90498900	-1.82701800
6.11999985	1.90498900	-1.82701800
6.13999984	1.90498900	-1.82701800
6.15999984	1.90498900	-1.82701800
6.17999984	1.90498900	-1.82701800
6.19999984	1.90498900	-1.82701800
6.21999984	1.94928000	-1.73997300
6.23999984	1.94928000	-1.73997300
6.25999984	1.90498900	-1.73997300
6.27999984	1.90498900	-1.73997300
6.29999984	1.90498900	-1.65323600
6.31999984	1.94928000	-1.65323600
6.33999984	1.90498900	-1.65323600
6.35999984	1.90498900	-1.65323600
6.37999984	1.90498900	-1.65323600
6.39999984	1.90498900	-1.56619100
6.41999984	1.90498900	-1.56619100
6.43999984	1.90498900	-1.56619100
6.45999984	1.90498900	-1.56619100
6.47999984	1.90498900	-1.47914600
6.49999984	1.90498900	-1.47914600
6.51999984	1.90498900	-1.47914600
6.53999983	1.90498900	-1.47914600
6.55999983	1.90498900	-1.39210100
6.57999983	1.90498900	-1.47914600
6.59999983	1.90498900	-1.39210100
6.61999983	1.90498900	-1.39210100
6.63999983	1.90498900	-1.39210100
6.65999983	1.86069800	-1.39210100
6.67999983	1.90498900	-1.39210100
6.69999983	1.90498900	-1.39210100
6.71999983	1.90498900	-1.30505700
6.73999983	1.90498900	-1.30505700
6.75999983	1.90498900	-1.30505700
6.77999983	1.90498900	-1.30505700
6.79999983	1.90498900	-1.21801200
6.81999983	1.90498900	-1.21801200
6.83999983	1.90498900	-1.21801200
6.85999983	1.90498900	-1.21801200
6.87999983	1.86069800	-1.21801200
6.89999983	1.90498900	-1.21801200
6.91999983	1.90498900	-1.13096700
6.93999982	1.90498900	-1.13096700
6.95999982	1.90498900	-1.13096700
6.97999982	1.86069800	-1.13096700
6.99999982	1.86069800	-1.04392200
7.01999982	1.86069800	-1.04392200
7.03999982	1.86069800	-1.04392200
7.05999982	1.86069800	-1.04392200
7.07999982	1.90498900	-1.04392200
7.09999982	1.90498900	-1.04392200
7.11999982	1.86069800	-0.95687750
7.13999982	1.86069800	-0.95687750
7.15999982	1.86069800	-0.95687750
7.17999982	1.86069800	-0.86983270
7.19999982	1.86069800	-0.86983270
7.21999982	1.86069800	-0.86983270
7.23999982	1.86069800	-0.86983270
7.25999982	1.86069800	-0.86983270
7.27999982	1.86069800	-0.78309550
7.29999982	1.86069800	-0.78309550
7.31999982	1.86069800	-0.78309550
7.33999981	1.86069800	-0.78309550
7.35999981	1.90498900	-0.78309550
7.37999981	1.86069800	-0.69605070
7.39999981	1.86069800	-0.69605070
7.41999981	1.86069800	-0.69605070
7.43999981	1.86069800	-0.69605070
7.45999981	1.86069800	-0.69605070
7.47999981	1.81640600	-0.69605070
7.49999981	1.86069800	-0.60900590
7.51999981	1.81640600	-0.60900590
7.53999981	1.86069800	-0.60900590
7.55999981	1.86069800	-0.60900590
7.57999981	1.86069800	-0.52196110
7.59999981	1.86069800	-0.52196110
7.61999981	1.86069800	-0.52196110
7.63999981	1.81640600	-0.52196110
7.65999981	1.86069800	-0.52196110
7.67999981	1.86069800	-0.43491630
7.69999981	1.81640600	-0.43491630
7.71999980	1.86069800	-0.43491630
7.73999980	1.86069800	-0.43491630
7.75999980	1.81640600	-0.43491630
7.77999980	1.86069800	-0.43491630
7.79999980	1.86069800	-0.34787150
7.81999980	1.81640600	-0.34787150
7.83999980	1.86069800	-0.34787150
7.85999980	1.81640600	-0.34787150
7.87999980	1.86069800	-0.26082680
7.89999980	1.86069800	-0.26082680
7.91999980	1.86069800	-0.26082680
7.93999980	1.86069800	-0.26082680
7.95999980	1.86069800	-0.17378200
7.97999980	1.86069800	-0.17378200
7.99999980	1.86069800	-0.17378200
8.01999980	1.81640600	-0.17378200
8.03999980	1.86069800	-0.17378200
8.05999980	1.86069800	-0.08673721
8.07999980	1.86069800	-0.08673721
8.09999980	1.86069800	-0.08673721
8.11999979	1.86069800	-0.08673721
8.13999979	1.90498900	0.00000000
8.15999979	1.86069800	0.00000000
8.17999979	1.86069800	0.00000000
8.19999979	1.86069800	0.00000000
8.21999979	1.90498900	0.00000000
8.23999979	1.90498900	0.08673721
8.25999979	1.94928000	0.08673721
8.27999979	1.90498900	0.08673721
8.29999979	1.90498900	0.08673721
8.31999979	1.94928000	0.17378200
8.33999979	1.94928000	0.17378200
8.35999979	1.99357200	0.17378200
8.37999979	1.99357200	0.17378200
8.39999979	2.03786300	0.17378200
8.41999979	1.99357200	0.26082680
8.43999979	2.03786300	0.26082680
8.45999979	2.12659900	0.26082680
8.47999979	2.12659900	0.26082680
8.49999979	2.12659900	0.34787150
8.51999978	2.12659900	0.34787150
8.53999978	2.12659900	0.34787150
8.55999978	2.21518200	0.34787150
8.57999978	2.21518200	0.43491630
8.59999978	2.21518200	0.34787150
8.61999978	2.25947300	0.43491630
8.63999978	2.25947300	0.43491630
8.65999978	2.30376500	0.52196110
8.67999978	2.30376500	0.52196110
8.69999978	2.34805600	0.52196110
8.71999978	2.39234700	0.52196110
8.73999978	2.39234700	0.52196110
8.75999978	2.43663900	0.60900590
8.77999978	2.48093000	0.60900590
8.79999978	2.48093000	0.60900590
8.81999978	2.52522100	0.69605070
8.83999978	2.56951300	0.69605070
8.85999978	2.56951300	0.69605070
8.87999978	2.56951300	0.78309550
8.89999978	2.56951300	0.69605070
8.91999977	2.65824900	0.78309550
8.93999977	2.65824900	0.78309550
8.95999977	2.65824900	0.78309550
8.97999977	2.70254100	0.78309550
8.99999977	2.74683200	0.86983270
9.01999977	2.74683200	0.86983270
9.03999977	2.79112300	0.86983270
9.05999977	2.79112300	0.86983270
9.07999977	2.83541500	0.95687750
9.09999977	2.83541500	0.95687750
9.11999977	2.87970600	0.95687750
9.13999977	2.87970600	0.95687750
9.15999977	2.92399700	0.95687750
9.17999977	2.92399700	1.04392200
9.19999977	2.92399700	1.04392200
9.21999977	2.96828900	1.04392200
9.23999977	2.96828900	1.13096700
9.25999977	2.92399700	1.13096700
9.27999977	3.01258000	1.13096700
9.29999977	3.01258000	1.13096700
9.31999976	3.01258000	1.13096700
9.33999976	3.01258000	1.21801200
9.35999976	3.01258000	1.21801200
9.37999976	3.01258000	1.21801200
9.39999976	3.01258000	1.30505700
9.41999976	3.05687100	1.21801200
9.43999976	3.05687100	1.30505700
9.45999976	3.01258000	1.30505700
9.47999976	3.01258000	1.30505700
9.49999976	3.05687100	1.39210100
9.51999976	3.05687100	1.39210100
9.53999976	3.05687100	1.39210100
9.55999976	3.01258000	1.39210100
9.57999976	3.01258000	1.39210100
9.59999976	3.01258000	1.47914600
9.61999976	2.96828900	1.47914600
9.63999976	3.01258000	1.47914600
9.65999976	2.96828900	1.56619100
9.67999976	2.92399700	1.56619100
9.69999975	2.96828900	1.56619100
9.71999975	2.92399700	1.56619100
9.73999975	2.87970600	1.65323600
9.75999975	2.87970600	1.65323600
9.77999975	2.83541500	1.65323600
9.79999975	2.79112300	1.65323600
9.81999975	2.79112300	1.73997300
9.83999975	2.74683200	1.73997300
9.85999975	2.70254100	1.73997300
9.87999975	2.70254100	1.73997300
9.89999975	2.65824900	1.73997300
9.91999975	2.65824900	1.82701800
9.93999975	2.61395800	1.82701800
9.95999975	2.56951300	1.82701800
9.97999975	2.52522100	1.82701800
9.99999975	2.48093000	1.91406300
10.01999975	2.43663900	1.91406300
10.03999975	2.39234700	1.91406300
10.05999975	2.39234700	1.91406300
10.07999975	2.34805600	1.91406300
10.09999974	2.30376500	2.00110700
10.11999974	2.25947300	2.00110700
10.13999974	2.21518200	2.00110700
10.15999974	2.17089100	2.08815200
10.17999974	2.12659900	2.08815200
10.19999974	2.08230800	2.08815200
10.21999974	2.03786300	2.08815200
10.23999974	1.99357200	2.08815200
10.25999974	1.99357200	2.17519700
10.27999974	1.90498900	2.17519700
10.29999974	1.86069800	2.17519700
10.31999974	1.81640600	2.17519700
10.33999974	1.77211500	2.17519700
10.35999974	1.72782400	2.26224200
10.37999974	1.72782400	2.26224200
10.39999974	1.68353200	2.26224200
10.41999974	1.63924100	2.34928600
10.43999974	1.59495000	2.34928600
10.45999974	1.59495000	2.34928600
10.47999974	1.55065800	2.34928600
10.49999973	1.55065800	2.34928600
10.51999973	1.50621300	2.43633100
10.53999973	1.46192200	2.43633100
10.55999973	1.41763000	2.43633100
10.57999973	1.46192200	2.43633100
10.59999973	1.41763000	2.52337600
10.61999973	1.41763000	2.52337600
10.63999973	1.37333900	2.52337600
10.65999973	1.32904800	2.52337600
10.67999973	1.37333900	2.61011300
10.69999973	1.32904800	2.61011300
10.71999973	1.32904800	2.61011300
10.73999973	1.28475600	2.61011300
10.75999973	1.32904800	2.69715800
10.77999973	1.28475600	2.69715800
10.79999973	1.32904800	2.69715800
10.81999973	1.32904800	2.69715800
10.83999973	1.32904800	2.69715800
10.85999973	1.32904800	2.78420300
10.87999973	1.32904800	2.78420300
10.89999972	1.37333900	2.78420300
10.91999972	1.37333900	2.78420300
10.93999972	1.41763000	2.87124800
10.95999972	1.37333900	2.87124800
10.97999972	1.41763000	2.87124800
10.99999972	1.46192200	2.87124800
11.01999972	1.50621300	2.95829200
11.03999972	1.55065800	2.95829200
11.05999972	1.55065800	3.04533700
11.07999972	1.55065800	2.95829200
11.09999972	1.59495000	2.95829200
11.11999972	1.63924100	3.04533700
11.13999972	1.68353200	3.04533700
11.15999972	1.72782400	3.04533700
11.17999972	1.72782400	3.04533700
11.19999972	1.77211500	3.13238200
11.21999972	1.81640600	3.13238200
11.23999972	1.90498900	3.13238200
11.25999972	1.86069800	3.13238200
11.27999972	1.94928000	3.21942700
11.29999971	1.99357200	3.21942700
11.31999971	2.03786300	3.21942700
11.33999971	2.03786300	3.30647100
11.35999971	2.08230800	3.30647100
11.37999971	2.12659900	3.30647100
11.39999971	2.17089100	3.30647100
11.41999971	2.25947300	3.30647100
11.43999971	2.25947300	3.39351600
11.45999971	2.30376500	3.39351600
11.47999971	2.34805600	3.39351600
11.49999971	2.39234700	3.39351600
11.51999971	2.39234700	3.48025300
11.53999971	2.48093000	3.48025300
11.55999971	2.48093000	3.48025300
11.57999971	2.52522100	3.48025300
11.59999971	2.56951300	3.56729800
11.61999971	2.61395800	3.56729800
11.63999971	2.61395800	3.56729800
11.65999971	2.65824900	3.56729800
11.67999970	2.65824900	3.65434300
11.69999970	2.70254100	3.56729800
11.71999970	2.70254100	3.65434300
11.73999970	2.74683200	3.65434300
11.75999970	2.74683200	3.65434300
11.77999970	2.74683200	3.65434300
11.79999970	2.79112300	3.74138800
11.81999970	2.79112300	3.74138800
11.83999970	2.83541500	3.74138800
11.85999970	2.87970600	3.82843300
11.87999970	2.83541500	3.82843300
11.89999970	2.83541500	3.82843300
11.91999970	2.83541500	3.82843300
11.93999970	2.83541500	3.82843300
11.95999970	2.83541500	3.91547700
11.97999970	2.83541500	3.91547700
11.99999970	2.83541500	3.91547700
12.01999970	2.83541500	3.91547700
12.03999970	2.83541500	3.91547700
12.05999970	2.83541500	4.00252200
12.07999969	2.79112300	4.00252200
12.09999969	2.79112300	4.00252200
12.11999969	2.79112300	4.08956700
12.13999969	2.74683200	4.08956700
12.15999969	2.70254100	4.08956700
12.17999969	2.70254100	4.08956700
12.19999969	2.70254100	4.17661200
12.21999969	2.65824900	4.17661200
12.23999969	2.61395800	4.17661200
12.25999969	2.61395800	4.17661200
12.27999969	2.56951300	4.17661200
12.29999969	2.52522100	4.26365700
12.31999969	2.52522100	4.26365700
12.33999969	2.48093000	4.26365700
12.35999969	2.43663900	4.26365700
12.37999969	2.39234700	4.26365700
12.39999969	2.34805600	4.35039400
12.41999969	2.30376500	4.35039400
12.43999969	2.25947300	4.35039400
12.45999969	2.25947300	4.43743800
12.47999968	2.17089100	4.43743800
12.49999968	2.12659900	4.52448300
12.51999968	2.12659900	4.43743800
12.53999968	2.08230800	4.43743800
12.55999968	2.03786300	4.43743800
12.57999968	1.99357200	4.52448300
12.59999968	1.94928000	4.52448300
12.61999968	1.90498900	4.52448300
12.63999968	1.86069800	4.52448300
12.65999968	1.86069800	4.61152800
12.67999968	1.81640600	4.61152800
12.69999968	1.77211500	4.61152800
12.71999968	1.68353200	4.69857300
12.73999968	1.68353200	4.69857300
12.75999968	1.68353200	4.69857300
12.77999968	1.63924100	4.69857300
12.79999968	1.55065800	4.69857300
12.81999968	1.55065800	4.78561800
12.83999968	1.50621300	4.78561800
12.85999968	1.50621300	4.78561800
12.87999967	1.50621300	4.78561800
12.89999967	1.41763000	4.87266300
12.91999967	1.41763000	4.87266300
12.93999967	1.37333900	4.87266300
12.95999967	1.32904800	4.87266300
12.97999967	1.37333900	4.95970700
12.99999967	1.37333900	4.95970700
13.01999967	1.32904800	4.87266300
13.03999967	1.28475600	4.87266300
13.05999967	1.28475600	4.87266300
13.07999967	1.24046500	4.87266300
13.09999967	1.24046500	4.87266300
13.11999967	1.24046500	4.78561800
13.13999967	1.24046500	4.78561800
13.15999967	1.19617400	4.78561800
13.17999967	1.24046500	4.69857300
13.19999967	1.19617400	4.69857300
13.21999967	1.15188200	4.69857300
13.23999967	1.19617400	4.69857300
13.25999967	1.15188200	4.69857300
13.27999966	1.15188200	4.61152800
13.29999966	1.10759100	4.61152800
13.31999966	1.10759100	4.61152800
13.33999966	1.10759100	4.52448300
13.35999966	1.15188200	4.52448300
13.37999966	1.06330000	4.52448300
13.39999966	1.06330000	4.52448300
13.41999966	1.06330000	4.52448300
13.43999966	1.06330000	4.43743800
13.45999966	1.01885500	4.43743800
13.47999966	0.97456320	4.43743800
13.49999966	1.01885500	4.43743800
13.51999966	1.01885500	4.43743800
13.53999966	1.01885500	4.35039400
13.55999966	1.01885500	4.35039400
13.57999966	1.01885500	4.26365700
13.59999966	0.97456320	4.26365700
13.61999966	0.97456320	4.26365700
13.63999966	0.97456320	4.26365700
13.65999965	0.97456320	4.26365700
13.67999965	0.97456320	4.17661200
13.69999965	0.97456320	4.17661200
13.71999965	0.97456320	4.17661200
13.73999965	0.97456320	4.17661200
13.75999965	0.97456320	4.17661200
13.77999965	1.01885500	4.08956700
13.79999965	1.01885500	4.08956700
13.81999965	1.01885500	4.08956700
13.83999965	1.01885500	4.08956700
13.85999965	1.01885500	4.00252200
13.87999965	1.01885500	4.00252200
13.89999965	1.01885500	4.00252200
13.91999965	1.01885500	4.00252200
13.93999965	1.06330000	3.91547700
13.95999965	1.06330000	3.91547700
13.97999965	1.06330000	3.91547700
13.99999965	1.10759100	3.91547700
14.01999965	1.10759100	3.82843300
14.03999965	1.15188200	3.82843300
14.05999964	1.15188200	3.82843300
14.07999964	1.15188200	3.82843300
14.09999964	1.19617400	3.74138800
14.11999964	1.24046500	3.82843300
14.13999964	1.24046500	3.74138800
14.15999964	1.24046500	3.74138800
14.17999964	1.28475600	3.74138800
14.19999964	1.32904800	3.65434300
14.21999964	1.32904800	3.65434300
14.23999964	1.32904800	3.65434300
14.25999964	1.37333900	3.65434300
14.27999964	1.37333900	3.56729800
14.29999964	1.41763000	3.56729800
14.31999964	1.46192200	3.56729800
14.33999964	1.46192200	3.56729800
14.35999964	1.55065800	3.56729800
14.37999964	1.55065800	3.48025300
14.39999964	1.59495000	3.48025300
14.41999964	1.59495000	3.48025300
14.43999964	1.63924100	3.48025300
14.45999963	1.63924100	3.39351600
14.47999963	1.72782400	3.39351600
14.49999963	1.72782400	3.39351600
14.51999963	1.72782400	3.39351600
14.53999963	1.81640600	3.39351600
14.55999963	1.86069800	3.30647100
14.57999963	1.86069800	3.30647100
14.59999963	1.90498900	3.30647100
14.61999963	1.90498900	3.21942700
14.63999963	1.94928000	3.21942700
14.65999963	1.99357200	3.21942700
14.67999963	2.03786300	3.21942700
14.69999963	2.08230800	3.13238200
14.71999963	2.08230800	3.13238200
14.73999963	2.12659900	3.13238200
14.75999963	2.12659900	3.13238200
14.77999963	2.21518200	3.13238200
14.79999963	2.21518200	3.04533700
14.81999963	2.25947300	3.04533700
14.83999963	2.30376500	3.04533700
14.85999962	2.34805600	3.04533700
14.87999962	2.39234700	3.04533700
14.89999962	2.39234700	2.95829200
14.91999962	2.43663900	2.95829200
14.93999962	2.48093000	2.87124800
14.95999962	2.48093000	2.87124800
14.97999962	2.52522100	2.87124800
14.99999962	2.56951300	2.87124800
15.01999962	2.56951300	2.87124800
15.03999962	2.61395800	2.78420300
15.05999962	2.61395800	2.78420300
15.07999962	2.65824900	2.78420300
15.09999962	2.70254100	2.78420300
15.11999962	2.74683200	2.69715800
15.13999962	2.74683200	2.69715800
15.15999962	2.74683200	2.69715800
15.17999962	2.79112300	2.69715800
15.19999962	2.83541500	2.69715800
15.21999962	2.83541500	2.61011300
15.23999962	2.83541500	2.61011300
15.25999961	2.87970600	2.61011300
15.27999961	2.87970600	2.61011300
15.29999961	2.87970600	2.52337600
15.31999961	2.92399700	2.52337600
15.33999961	2.92399700	2.52337600
15.35999961	2.92399700	2.52337600
15.37999961	2.96828900	2.43633100
15.39999961	2.96828900	2.43633100
15.41999961	2.96828900	2.43633100
15.43999961	2.96828900	2.43633100
15.45999961	2.92399700	2.34928600
15.47999961	2.96828900	2.34928600
15.49999961	2.96828900	2.34928600
15.51999961	2.96828900	2.34928600
15.53999961	2.96828900	2.34928600
15.55999961	2.87970600	2.26224200
15.57999961	2.92399700	2.26224200
15.59999961	2.92399700	2.26224200
15.61999961	2.87970600	2.17519700
15.63999960	2.87970600	2.17519700
15.65999960	2.87970600	2.17519700
15.67999960	2.87970600	2.17519700
15.69999960	2.83541500	2.08815200
15.71999960	2.79112300	2.08815200
15.73999960	2.79112300	2.08815200
15.75999960	2.74683200	2.08815200
15.77999960	2.74683200	2.08815200
15.79999960	2.70254100	2.00110700
15.81999960	2.65824900	2.00110700
15.83999960	2.61395800	2.00110700
15.85999960	2.56951300	2.00110700
15.87999960	2.56951300	1.91406300
15.89999960	2.56951300	1.91406300
15.91999960	2.52522100	1.91406300
15.93999960	2.48093000	1.91406300
15.95999960	2.43663900	1.82701800
15.97999960	2.39234700	1.82701800
15.99999960	2.34805600	1.82701800
16.01999960	2.30376500	1.82701800
16.03999959	2.30376500	1.73997300
16.05999959	2.25947300	1.82701800
16.07999959	2.21518200	1.73997300
16.09999959	2.17089100	1.73997300
16.11999959	2.12659900	1.73997300
16.13999959	2.08230800	1.65323600
16.15999959	2.03786300	1.65323600
16.17999959	2.03786300	1.65323600
16.19999959	1.94928000	1.65323600
16.21999959	1.90498900	1.56619100
16.23999959	1.86069800	1.56619100
16.25999959	1.81640600	1.56619100
16.27999959	1.81640600	1.56619100
16.29999959	1.77211500	1.47914600
16.31999959	1.72782400	1.47914600
16.33999959	1.68353200	1.47914600
16.35999959	1.68353200	1.47914600
16.37999959	1.59495000	1.47914600
16.39999959	1.59495000	1.39210100
16.41999959	1.55065800	1.39210100
16.43999958	1.55065800	1.39210100
16.45999958	1.50621300	1.39210100
16.47999958	1.46192200	1.30505700
16.49999958	1.46192200	1.30505700
16.51999958	1.41763000	1.30505700
16.53999958	1.41763000	1.30505700
16.55999958	1.37333900	1.21801200
16.57999958	1.37333900	1.21801200
16.59999958	1.37333900	1.21801200
16.61999958	1.32904800	1.21801200
16.63999958	1.32904800	1.13096700
16.65999958	1.28475600	1.13096700
16.67999958	1.32904800	1.13096700
16.69999958	1.28475600	1.13096700
16.71999958	1.28475600	1.04392200
16.73999958	1.32904800	1.04392200
16.75999958	1.32904800	1.04392200
16.77999958	1.32904800	1.04392200
16.79999958	1.32904800	0.95687750
16.81999958	1.37333900	0.95687750
16.83999957	1.32904800	0.95687750
16.85999957	1.37333900	0.95687750
16.87999957	1.37333900	0.86983270
16.89999957	1.41763000	0.86983270
16.91999957	1.46192200	0.86983270
16.93999957	1.46192200	0.86983270
16.95999957	1.46192200	0.86983270
16.97999957	1.55065800	0.78309550
16.99999957	1.55065800	0.78309550
17.01999957	1.59495000	0.78309550
17.03999957	1.59495000	0.78309550
17.05999957	1.68353200	0.78309550
17.07999957	1.68353200	0.69605070
17.09999957	1.68353200	0.69605070
17.11999957	1.77211500	0.69605070
17.13999957	1.81640600	0.69605070
17.15999957	1.81640600	0.60900590
17.17999957	1.90498900	0.60900590
17.19999957	1.94928000	0.60900590
17.21999956	1.94928000	0.52196110
17.23999956	2.03786300	0.52196110
17.25999956	2.08230800	0.52196110
17.27999956	2.12659900	0.52196110
17.29999956	2.12659900	0.43491630
17.31999956	2.21518200	0.43491630
17.33999956	2.21518200	0.43491630
17.35999956	2.25947300	0.34787150
17.37999956	2.30376500	0.34787150
17.39999956	2.34805600	0.34787150
17.41999956	2.34805600	0.34787150
17.43999956	2.39234700	0.34787150
17.45999956	2.43663900	0.34787150
17.47999956	2.48093000	0.26082680
17.49999956	2.52522100	0.26082680
17.51999956	2.52522100	0.26082680
17.53999956	2.61395800	0.26082680
17.55999956	2.61395800	0.17378200
17.57999956	2.61395800	0.17378200
17.59999956	2.70254100	0.17378200
17.61999955	2.70254100	0.17378200
17.63999955	2.70254100	0.17378200
17.65999955	2.70254100	0.08673721
17.67999955	2.74683200	0.08673721
17.69999955	2.79112300	0.08673721
17.71999955	2.79112300	0.08673721
17.73999955	2.79112300	0.00000000
17.75999955	2.83541500	0.00000000
17.77999955	2.83541500	0.00000000
17.79999955	2.79112300	-0.08673721
17.81999955	2.83541500	-0.08673721
17.83999955	2.83541500	-0.08673721
17.85999955	2.83541500	-0.08673721
17.87999955	2.83541500	-0.08673721
17.89999955	2.79112300	-0.17378200
17.91999955	2.83541500	-0.17378200
17.93999955	2.79112300	-0.17378200
17.95999955	2.79112300	-0.26082680
17.97999955	2.79112300	-0.26082680
17.99999955	2.74683200	-0.26082680
18.01999954	2.74683200	-0.26082680
18.03999954	2.74683200	-0.26082680
18.05999954	2.79112300	-0.34787150
18.07999954	2.74683200	-0.26082680
18.09999954	2.74683200	-0.34787150
18.11999954	2.74683200	-0.34787150
18.13999954	2.70254100	-0.34787150
18.15999954	2.74683200	-0.34787150
18.17999954	2.70254100	-0.43491630
18.19999954	2.70254100	-0.34787150
18.21999954	2.70254100	-0.43491630
18.23999954	2.65824900	-0.43491630
18.25999954	2.65824900	-0.52196110
18.27999954	2.70254100	-0.43491630
18.29999954	2.61395800	-0.52196110
18.31999954	2.65824900	-0.52196110
18.33999954	2.65824900	-0.52196110
18.35999954	2.61395800	-0.52196110
18.37999954	2.61395800	-0.60900590
18.39999954	2.61395800	-0.60900590
18.41999953	2.61395800	-0.60900590
18.43999953	2.61395800	-0.60900590
18.45999953	2.56951300	-0.69605070
18.47999953	2.56951300	-0.69605070
18.49999953	2.61395800	-0.69605070
18.51999953	2.52522100	-0.69605070
18.53999953	2.56951300	-0.69605070
18.55999953	2.56951300	-0.69605070
18.57999953	2.56951300	-0.69605070
18.59999953	2.52522100	-0.78309550
18.61999953	2.52522100	-0.78309550
18.63999953	2.52522100	-0.78309550
18.65999953	2.52522100	-0.86983270
18.67999953	2.52522100	-0.78309550
18.69999953	2.52522100	-0.86983270
18.71999953	2.52522100	-0.86983270
18.73999953	2.52522100	-0.86983270
18.75999953	2.52522100	-0.86983270
18.77999953	2.52522100	-0.95687750
18.79999953	2.52522100	-0.95687750
18.81999952	2.48093000	-0.95687750
18.83999952	2.48093000	-0.95687750
18.85999952	2.48093000	-0.95687750
18.87999952	2.48093000	-1.04392200
18.89999952	2.48093000	-1.04392200
18.91999952	2.48093000	-1.04392200
18.93999952	2.52522100	-1.04392200
18.95999952	2.52522100	-1.04392200
18.97999952	2.48093000	-1.04392200
18.99999952	2.48093000	-1.13096700
19.01999952	2.48093000	-1.13096700
19.03999952	2.48093000	-1.13096700
19.05999952	2.48093000	-1.13096700
19.07999952	2.48093000	-1.21801200
19.09999952	2.43663900	-1.21801200
19.11999952	2.48093000	-1.21801200
19.13999952	2.48093000	-1.21801200
19.15999952	2.43663900	-1.30505700
19.17999952	2.48093000	-1.21801200
19.19999951	2.48093000	-1.30505700
19.21999951	2.48093000	-1.30505700
19.23999951	2.43663900	-1.30505700
19.25999951	2.43663900	-1.30505700
19.27999951	2.43663900	-1.39210100
19.29999951	2.48093000	-1.39210100
19.31999951	2.43663900	-1.39210100
19.33999951	2.43663900	-1.39210100
19.35999951	2.43663900	-1.39210100
19.37999951	2.48093000	-1.39210100
19.39999951	2.43663900	-1.47914600
19.41999951	2.43663900	-1.47914600
19.43999951	2.43663900	-1.47914600
19.45999951	2.43663900	-1.56619100
19.47999951	2.43663900	-1.56619100
19.49999951	2.43663900	-1.56619100
19.51999951	2.43663900	-1.56619100
19.53999951	2.43663900	-1.56619100
19.55999951	2.43663900	-1.65323600
19.57999951	2.39234700	-1.65323600
19.59999950	2.43663900	-1.65323600
19.61999950	2.39234700	-1.65323600
19.63999950	2.39234700	-1.65323600
19.65999950	2.39234700	-1.65323600
19.67999950	2.39234700	-1.65323600
19.69999950	2.34805600	-1.73997300
19.71999950	2.39234700	-1.73997300
19.73999950	2.39234700	-1.73997300
19.75999950	2.39234700	-1.73997300
19.77999950	2.34805600	-1.82701800
19.79999950	2.34805600	-1.73997300
19.81999950	2.34805600	-1.82701800
19.83999950	2.34805600	-1.82701800
19.85999950	2.34805600	-1.82701800
19.87999950	2.30376500	-1.91406300
19.89999950	2.30376500	-1.91406300
19.91999950	2.34805600	-1.91406300
19.93999950	2.30376500	-1.91406300
19.95999950	2.30376500	-1.91406300
19.97999950	2.30376500	-1.91406300
19.99999949	2.30376500	-2.00110700
20.01999949	2.30376500	-2.00110700
20.03999949	2.30376500	-2.00110700
20.05999949	2.30376500	-2.00110700
