Time	Channel A	Channel B
(ms)	(V)	(V)

0.00000000	2.79112300	-2.00110700
0.02000000	2.79112300	-2.00110700
0.04000000	2.79112300	-2.00110700
0.06000000	2.74683200	-2.00110700
0.08000000	2.79112300	-2.00110700
0.10000000	2.79112300	-1.91406300
0.12000000	2.79112300	-1.91406300
0.14000000	2.74683200	-1.91406300
0.16000000	2.83541500	-1.91406300
0.18000000	2.79112300	-1.91406300
0.19999999	2.79112300	-1.82701800
0.21999999	2.79112300	-1.82701800
0.23999999	2.79112300	-1.82701800
0.25999999	2.79112300	-1.82701800
0.27999999	2.79112300	-1.82701800
0.29999999	2.79112300	-1.73997300
0.31999999	2.83541500	-1.73997300
0.33999999	2.83541500	-1.73997300
0.35999999	2.83541500	-1.73997300
0.37999999	2.79112300	-1.73997300
0.39999999	2.79112300	-1.65323600
0.41999999	2.83541500	-1.65323600
0.43999999	2.79112300	-1.65323600
0.45999999	2.83541500	-1.65323600
0.47999999	2.83541500	-1.65323600
0.49999999	2.79112300	-1.56619100
0.51999999	2.83541500	-1.56619100
0.53999999	2.83541500	-1.56619100
0.55999999	2.83541500	-1.56619100
0.57999999	2.79112300	-1.47914600
0.59999998	2.83541500	-1.47914600
0.61999998	2.83541500	-1.47914600
0.63999998	2.83541500	-1.47914600
0.65999998	2.83541500	-1.47914600
0.67999998	2.79112300	-1.39210100
0.69999998	2.83541500	-1.39210100
0.71999998	2.83541500	-1.39210100
0.73999998	2.83541500	-1.39210100
0.75999998	2.79112300	-1.39210100
0.77999998	2.83541500	-1.39210100
0.79999998	2.83541500	-1.30505700
0.81999998	2.79112300	-1.30505700
0.83999998	2.79112300	-1.30505700
0.85999998	2.83541500	-1.21801200
0.87999998	2.83541500	-1.21801200
0.89999998	2.79112300	-1.30505700
0.91999998	2.83541500	-1.21801200
0.93999998	2.83541500	-1.21801200
0.95999998	2.83541500	-1.21801200
0.97999998	2.79112300	-1.13096700
0.99999997	2.79112300	-1.13096700
1.01999997	2.79112300	-1.13096700
1.03999997	2.79112300	-1.04392200
1.05999997	2.83541500	-1.04392200
1.07999997	2.83541500	-1.04392200
1.09999997	2.79112300	-1.04392200
1.11999997	2.79112300	-1.04392200
1.13999997	2.79112300	-1.04392200
1.15999997	2.83541500	-1.04392200
1.17999997	2.79112300	-0.95687750
1.19999997	2.83541500	-0.95687750
1.21999997	2.79112300	-0.95687750
1.23999997	2.83541500	-0.95687750
1.25999997	2.79112300	-0.86983270
1.27999997	2.79112300	-0.86983270
1.29999997	2.83541500	-0.86983270
1.31999997	2.79112300	-0.86983270
1.33999997	2.83541500	-0.86983270
1.35999997	2.79112300	-0.78309550
1.37999997	2.79112300	-0.78309550
1.39999996	2.83541500	-0.78309550
1.41999996	2.83541500	-0.78309550
1.43999996	2.83541500	-0.78309550
1.45999996	2.83541500	-0.78309550
1.47999996	2.83541500	-0.78309550
1.49999996	2.79112300	-0.69605070
1.51999996	2.79112300	-0.69605070
1.53999996	2.83541500	-0.69605070
1.55999996	2.83541500	-0.69605070
1.57999996	2.83541500	-0.60900590
1.59999996	2.83541500	-0.60900590
1.61999996	2.83541500	-0.60900590
1.63999996	2.83541500	-0.60900590
1.65999996	2.83541500	-0.52196110
1.67999996	2.83541500	-0.60900590
1.69999996	2.83541500	-0.52196110
1.71999996	2.83541500	-0.52196110
1.73999996	2.87970600	-0.52196110
1.75999996	2.83541500	-0.52196110
1.77999996	2.83541500	-0.52196110
1.79999995	2.83541500	-0.43491630
1.81999995	2.83541500	-0.43491630
1.83999995	2.83541500	-0.43491630
1.85999995	2.83541500	-0.43491630
1.87999995	2.87970600	-0.34787150
1.89999995	2.87970600	-0.34787150
1.91999995	2.83541500	-0.34787150
1.93999995	2.87970600	-0.34787150
1.95999995	2.83541500	-0.34787150
1.97999995	2.87970600	-0.26082680
1.99999995	2.87970600	-0.26082680
2.01999995	2.87970600	-0.26082680
2.03999995	2.83541500	-0.26082680
2.05999995	2.87970600	-0.17378200
2.07999995	2.87970600	-0.17378200
2.09999995	2.87970600	-0.17378200
2.11999995	2.92399700	-0.17378200
2.13999995	2.87970600	-0.17378200
2.15999995	2.87970600	-0.08673721
2.17999994	2.87970600	-0.08673721
2.19999994	2.87970600	-0.08673721
2.21999994	2.87970600	-0.08673721
2.23999994	2.87970600	-0.08673721
2.25999994	2.87970600	0.00000000
2.27999994	2.87970600	0.00000000
2.29999994	2.87970600	0.08673721
2.31999994	2.87970600	0.00000000
2.33999994	2.83541500	0.08673721
2.35999994	2.87970600	0.08673721
2.37999994	2.83541500	0.08673721
2.39999994	2.83541500	0.17378200
2.41999994	2.87970600	0.17378200
2.43999994	2.87970600	0.17378200
2.45999994	2.83541500	0.17378200
2.47999994	2.83541500	0.17378200
2.49999994	2.83541500	0.17378200
2.51999994	2.83541500	0.26082680
2.53999994	2.79112300	0.26082680
2.55999994	2.79112300	0.26082680
2.57999993	2.74683200	0.34787150
2.59999993	2.79112300	0.34787150
2.61999993	2.74683200	0.34787150
2.63999993	2.74683200	0.34787150
2.65999993	2.70254100	0.43491630
2.67999993	2.70254100	0.43491630
2.69999993	2.70254100	0.43491630
2.71999993	2.65824900	0.43491630
2.73999993	2.65824900	0.43491630
2.75999993	2.61395800	0.52196110
2.77999993	2.61395800	0.52196110
2.79999993	2.61395800	0.52196110
2.81999993	2.56951300	0.52196110
2.83999993	2.56951300	0.60900590
2.85999993	2.52522100	0.60900590
2.87999993	2.52522100	0.60900590
2.89999993	2.48093000	0.60900590
2.91999993	2.48093000	0.69605070
2.93999993	2.43663900	0.69605070
2.95999993	2.39234700	0.69605070
2.97999992	2.39234700	0.69605070
2.99999992	2.34805600	0.78309550
3.01999992	2.34805600	0.78309550
3.03999992	2.30376500	0.78309550
3.05999992	2.25947300	0.78309550
3.07999992	2.25947300	0.78309550
3.09999992	2.21518200	0.86983270
3.11999992	2.21518200	0.86983270
3.13999992	2.17089100	0.86983270
3.15999992	2.12659900	0.86983270
3.17999992	2.12659900	0.95687750
3.19999992	2.08230800	0.95687750
3.21999992	2.08230800	0.95687750
3.23999992	1.99357200	0.95687750
3.25999992	1.99357200	1.04392200
3.27999992	1.99357200	1.04392200
3.29999992	1.94928000	1.04392200
3.31999992	1.90498900	1.04392200
3.33999992	1.86069800	1.04392200
3.35999992	1.86069800	1.13096700
3.37999991	1.81640600	1.13096700
3.39999991	1.81640600	1.21801200
3.41999991	1.77211500	1.21801200
3.43999991	1.77211500	1.21801200
3.45999991	1.72782400	1.21801200
3.47999991	1.68353200	1.21801200
3.49999991	1.63924100	1.30505700
3.51999991	1.68353200	1.30505700
3.53999991	1.63924100	1.30505700
3.55999991	1.63924100	1.30505700
3.57999991	1.59495000	1.30505700
3.59999991	1.55065800	1.39210100
3.61999991	1.55065800	1.39210100
3.63999991	1.50621300	1.47914600
3.65999991	1.55065800	1.47914600
3.67999991	1.55065800	1.47914600
3.69999991	1.50621300	1.47914600
3.71999991	1.50621300	1.47914600
3.73999991	1.46192200	1.47914600
3.75999991	1.50621300	1.56619100
3.77999990	1.46192200	1.56619100
3.79999990	1.46192200	1.56619100
3.81999990	1.50621300	1.56619100
3.83999990	1.46192200	1.65323600
3.85999990	1.46192200	1.65323600
3.87999990	1.46192200	1.65323600
3.89999990	1.46192200	1.65323600
3.91999990	1.50621300	1.73997300
3.93999990	1.46192200	1.73997300
3.95999990	1.46192200	1.73997300
3.97999990	1.46192200	1.82701800
3.99999990	1.50621300	1.73997300
4.01999990	1.50621300	1.82701800
4.03999990	1.55065800	1.82701800
4.05999990	1.50621300	1.82701800
4.07999990	1.59495000	1.91406300
4.09999990	1.55065800	1.91406300
4.11999990	1.59495000	1.91406300
4.13999990	1.59495000	1.91406300
4.15999989	1.63924100	2.00110700
4.17999989	1.68353200	2.00110700
4.19999989	1.68353200	2.00110700
4.21999989	1.72782400	2.00110700
4.23999989	1.72782400	2.00110700
4.25999989	1.72782400	2.00110700
4.27999989	1.81640600	2.08815200
4.29999989	1.81640600	2.08815200
4.31999989	1.86069800	2.08815200
4.33999989	1.86069800	2.08815200
4.35999989	1.94928000	2.17519700
4.37999989	1.94928000	2.17519700
4.39999989	1.99357200	2.17519700
4.41999989	2.03786300	2.17519700
4.43999989	2.03786300	2.26224200
4.45999989	2.08230800	2.26224200
4.47999989	2.08230800	2.26224200
4.49999989	2.12659900	2.34928600
4.51999989	2.17089100	2.34928600
4.53999989	2.21518200	2.34928600
4.55999988	2.25947300	2.34928600
4.57999988	2.30376500	2.34928600
4.59999988	2.34805600	2.43633100
4.61999988	2.34805600	2.43633100
4.63999988	2.39234700	2.43633100
4.65999988	2.43663900	2.43633100
4.67999988	2.43663900	2.52337600
4.69999988	2.48093000	2.52337600
4.71999988	2.52522100	2.52337600
4.73999988	2.52522100	2.52337600
4.75999988	2.56951300	2.52337600
4.77999988	2.61395800	2.61011300
4.79999988	2.61395800	2.61011300
4.81999988	2.65824900	2.61011300
4.83999988	2.70254100	2.61011300
4.85999988	2.70254100	2.69715800
4.87999988	2.70254100	2.69715800
4.89999988	2.74683200	2.69715800
4.91999988	2.74683200	2.69715800
4.93999988	2.79112300	2.78420300
4.95999987	2.79112300	2.78420300
4.97999987	2.83541500	2.78420300
4.99999987	2.83541500	2.78420300
5.01999987	2.83541500	2.87124800
5.03999987	2.83541500	2.87124800
5.05999987	2.87970600	2.87124800
5.07999987	2.87970600	2.87124800
5.09999987	2.92399700	2.95829200
5.11999987	2.87970600	2.95829200
5.13999987	2.87970600	2.95829200
5.15999987	2.87970600	2.95829200
5.17999987	2.87970600	2.95829200
5.19999987	2.87970600	3.04533700
5.21999987	2.87970600	3.04533700
5.23999987	2.87970600	3.04533700
5.25999987	2.83541500	3.13238200
5.27999987	2.83541500	3.13238200
5.29999987	2.79112300	3.13238200
5.31999987	2.79112300	3.13238200
5.33999987	2.79112300	3.13238200
5.35999986	2.79112300	3.21942700
5.37999986	2.74683200	3.21942700
5.39999986	2.74683200	3.21942700
5.41999986	2.70254100	3.21942700
5.43999986	2.65824900	3.30647100
5.45999986	2.65824900	3.30647100
5.47999986	2.65824900	3.30647100
5.49999986	2.61395800	3.30647100
5.51999986	2.56951300	3.30647100
5.53999986	2.56951300	3.39351600
5.55999986	2.52522100	3.39351600
5.57999986	2.48093000	3.39351600
5.59999986	2.43663900	3.39351600
5.61999986	2.39234700	3.48025300
5.63999986	2.39234700	3.48025300
5.65999986	2.39234700	3.48025300
5.67999986	2.30376500	3.48025300
5.69999986	2.30376500	3.56729800
5.71999986	2.25947300	3.56729800
5.73999985	2.21518200	3.56729800
5.75999985	2.21518200	3.56729800
5.77999985	2.17089100	3.56729800
5.79999985	2.12659900	3.65434300
5.81999985	2.08230800	3.65434300
5.83999985	2.08230800	3.65434300
5.85999985	2.03786300	3.74138800
5.87999985	1.99357200	3.74138800
5.89999985	1.94928000	3.74138800
5.91999985	1.90498900	3.74138800
5.93999985	1.86069800	3.74138800
5.95999985	1.86069800	3.82843300
5.97999985	1.81640600	3.82843300
5.99999985	1.81640600	3.82843300
6.01999985	1.81640600	3.82843300
6.03999985	1.77211500	3.82843300
6.05999985	1.72782400	3.91547700
6.07999985	1.72782400	3.91547700
6.09999985	1.63924100	3.91547700
6.11999985	1.68353200	4.00252200
6.13999984	1.63924100	4.00252200
6.15999984	1.63924100	4.00252200
6.17999984	1.59495000	4.00252200
6.19999984	1.59495000	4.00252200
6.21999984	1.59495000	4.00252200
6.23999984	1.55065800	4.08956700
6.25999984	1.55065800	4.08956700
6.27999984	1.55065800	4.08956700
6.29999984	1.55065800	4.17661200
6.31999984	1.50621300	4.17661200
6.33999984	1.55065800	4.17661200
6.35999984	1.50621300	4.17661200
6.37999984	1.50621300	4.17661200
6.39999984	1.55065800	4.26365700
6.41999984	1.55065800	4.26365700
6.43999984	1.55065800	4.35039400
6.45999984	1.55065800	4.35039400
6.47999984	1.50621300	4.35039400
6.49999984	1.55065800	4.35039400
6.51999984	1.55065800	4.35039400
6.53999983	1.59495000	4.35039400
6.55999983	1.59495000	4.43743800
6.57999983	1.63924100	4.43743800
6.59999983	1.63924100	4.43743800
6.61999983	1.63924100	4.43743800
6.63999983	1.63924100	4.52448300
6.65999983	1.68353200	4.52448300
6.67999983	1.68353200	4.52448300
6.69999983	1.72782400	4.52448300
6.71999983	1.72782400	4.61152800
6.73999983	1.81640600	4.61152800
6.75999983	1.81640600	4.61152800
6.77999983	1.81640600	4.61152800
6.79999983	1.86069800	4.61152800
6.81999983	1.86069800	4.69857300
6.83999983	1.94928000	4.69857300
6.85999983	1.94928000	4.69857300
6.87999983	1.99357200	4.69857300
6.89999983	2.03786300	4.78561800
6.91999983	2.03786300	4.78561800
6.93999982	2.08230800	4.78561800
6.95999982	2.12659900	4.78561800
6.97999982	2.17089100	4.78561800
6.99999982	2.17089100	4.87266300
7.01999982	2.25947300	4.87266300
7.03999982	2.25947300	4.87266300
7.05999982	2.30376500	4.95970700
7.07999982	2.34805600	4.95970700
7.09999982	2.34805600	4.87266300
7.11999982	2.39234700	4.87266300
7.13999982	2.43663900	4.87266300
7.15999982	2.43663900	4.87266300
7.17999982	2.48093000	4.87266300
7.19999982	2.52522100	4.78561800
7.21999982	2.52522100	4.78561800
7.23999982	2.56951300	4.78561800
7.25999982	2.56951300	4.69857300
7.27999982	2.56951300	4.69857300
7.29999982	2.61395800	4.69857300
7.31999982	2.65824900	4.69857300
7.33999981	2.65824900	4.69857300
7.35999981	2.70254100	4.61152800
7.37999981	2.70254100	4.61152800
7.39999981	2.70254100	4.61152800
7.41999981	2.70254100	4.61152800
7.43999981	2.70254100	4.52448300
7.45999981	2.74683200	4.52448300
7.47999981	2.74683200	4.52448300
7.49999981	2.74683200	4.52448300
7.51999981	2.74683200	4.52448300
7.53999981	2.74683200	4.43743800
7.55999981	2.74683200	4.43743800
7.57999981	2.74683200	4.43743800
7.59999981	2.74683200	4.43743800
7.61999981	2.74683200	4.35039400
7.63999981	2.74683200	4.35039400
7.65999981	2.74683200	4.35039400
7.67999981	2.74683200	4.35039400
7.69999981	2.74683200	4.35039400
7.71999980	2.74683200	4.26365700
7.73999980	2.70254100	4.26365700
7.75999980	2.74683200	4.26365700
7.77999980	2.70254100	4.17661200
7.79999980	2.65824900	4.17661200
7.81999980	2.70254100	4.17661200
7.83999980	2.65824900	4.08956700
7.85999980	2.65824900	4.17661200
7.87999980	2.61395800	4.08956700
7.89999980	2.65824900	4.08956700
7.91999980	2.56951300	4.08956700
7.93999980	2.56951300	4.00252200
7.95999980	2.52522100	4.00252200
7.97999980	2.52522100	4.00252200
7.99999980	2.52522100	4.00252200
8.01999980	2.48093000	3.91547700
8.03999980	2.48093000	3.91547700
8.05999980	2.43663900	3.91547700
8.07999980	2.39234700	3.91547700
8.09999980	2.39234700	3.91547700
8.11999979	2.34805600	3.91547700
8.13999979	2.34805600	3.82843300
8.15999979	2.34805600	3.82843300
8.17999979	2.25947300	3.82843300
8.19999979	2.25947300	3.74138800
8.21999979	2.21518200	3.74138800
8.23999979	2.21518200	3.74138800
8.25999979	2.17089100	3.74138800
8.27999979	2.12659900	3.65434300
8.29999979	2.12659900	3.65434300
8.31999979	2.12659900	3.65434300
8.33999979	2.08230800	3.65434300
8.35999979	2.03786300	3.56729800
8.37999979	1.99357200	3.56729800
8.39999979	1.99357200	3.56729800
8.41999979	1.94928000	3.56729800
8.43999979	1.90498900	3.56729800
8.45999979	1.90498900	3.48025300
8.47999979	1.86069800	3.48025300
8.49999979	1.86069800	3.48025300
8.51999978	1.81640600	3.48025300
8.53999978	1.81640600	3.39351600
8.55999978	1.77211500	3.39351600
8.57999978	1.77211500	3.39351600
8.59999978	1.72782400	3.39351600
8.61999978	1.68353200	3.39351600
8.63999978	1.68353200	3.30647100
8.65999978	1.63924100	3.30647100
8.67999978	1.59495000	3.30647100
8.69999978	1.59495000	3.21942700
8.71999978	1.59495000	3.21942700
8.73999978	1.55065800	3.21942700
8.75999978	1.50621300	3.21942700
8.77999978	1.55065800	3.21942700
8.79999978	1.55065800	3.13238200
8.81999978	1.50621300	3.13238200
8.83999978	1.46192200	3.13238200
8.85999978	1.50621300	3.04533700
8.87999978	1.46192200	3.04533700
8.89999978	1.41763000	3.04533700
8.91999977	1.41763000	3.04533700
8.93999977	1.41763000	3.04533700
8.95999977	1.41763000	2.95829200
8.97999977	1.41763000	2.95829200
8.99999977	1.37333900	2.95829200
9.01999977	1.41763000	2.87124800
9.03999977	1.41763000	2.95829200
9.05999977	1.41763000	2.87124800
9.07999977	1.37333900	2.87124800
9.09999977	1.41763000	2.87124800
9.11999977	1.41763000	2.78420300
9.13999977	1.41763000	2.78420300
9.15999977	1.41763000	2.78420300
9.17999977	1.46192200	2.78420300
9.19999977	1.50621300	2.78420300
9.21999977	1.46192200	2.69715800
9.23999977	1.46192200	2.69715800
9.25999977	1.46192200	2.69715800
9.27999977	1.50621300	2.69715800
9.29999977	1.55065800	2.61011300
9.31999976	1.50621300	2.61011300
9.33999976	1.55065800	2.61011300
9.35999976	1.55065800	2.61011300
9.37999976	1.59495000	2.52337600
9.39999976	1.59495000	2.52337600
9.41999976	1.63924100	2.52337600
9.43999976	1.68353200	2.52337600
9.45999976	1.72782400	2.52337600
9.47999976	1.72782400	2.43633100
9.49999976	1.77211500	2.43633100
9.51999976	1.77211500	2.43633100
9.53999976	1.81640600	2.43633100
9.55999976	1.81640600	2.34928600
9.57999976	1.86069800	2.34928600
9.59999976	1.90498900	2.34928600
9.61999976	1.90498900	2.34928600
9.63999976	1.99357200	2.26224200
9.65999976	1.94928000	2.26224200
9.67999976	2.03786300	2.26224200
9.69999975	2.08230800	2.26224200
9.71999975	2.08230800	2.17519700
9.73999975	2.12659900	2.17519700
9.75999975	2.17089100	2.17519700
9.77999975	2.17089100	2.17519700
9.79999975	2.25947300	2.17519700
9.81999975	2.25947300	2.08815200
9.83999975	2.30376500	2.08815200
9.85999975	2.34805600	2.08815200
9.87999975	2.39234700	2.08815200
9.89999975	2.39234700	2.00110700
9.91999975	2.43663900	2.08815200
9.93999975	2.43663900	2.00110700
9.95999975	2.48093000	2.00110700
9.97999975	2.52522100	1.91406300
9.99999975	2.56951300	1.91406300
10.01999975	2.61395800	1.91406300
10.03999975	2.61395800	1.91406300
10.05999975	2.61395800	1.82701800
10.07999975	2.70254100	1.82701800
10.09999974	2.70254100	1.82701800
10.11999974	2.70254100	1.73997300
10.13999974	2.74683200	1.73997300
10.15999974	2.74683200	1.73997300
10.17999974	2.74683200	1.73997300
10.19999974	2.79112300	1.73997300
10.21999974	2.79112300	1.65323600
10.23999974	2.79112300	1.65323600
10.25999974	2.83541500	1.65323600
10.27999974	2.83541500	1.65323600
10.29999974	2.87970600	1.65323600
10.31999974	2.83541500	1.56619100
10.33999974	2.87970600	1.56619100
10.35999974	2.92399700	1.56619100
10.37999974	2.92399700	1.56619100
10.39999974	2.92399700	1.47914600
10.41999974	2.92399700	1.47914600
10.43999974	2.92399700	1.47914600
10.45999974	2.92399700	1.39210100
10.47999974	2.92399700	1.39210100
10.49999973	2.87970600	1.39210100
10.51999973	2.92399700	1.39210100
10.53999973	2.87970600	1.39210100
10.55999973	2.87970600	1.30505700
10.57999973	2.87970600	1.30505700
10.59999973	2.87970600	1.30505700
10.61999973	2.83541500	1.30505700
10.63999973	2.83541500	1.30505700
10.65999973	2.83541500	1.21801200
10.67999973	2.79112300	1.21801200
10.69999973	2.74683200	1.21801200
10.71999973	2.70254100	1.21801200
10.73999973	2.74683200	1.13096700
10.75999973	2.70254100	1.13096700
10.77999973	2.65824900	1.13096700
10.79999973	2.61395800	1.13096700
10.81999973	2.61395800	1.04392200
10.83999973	2.56951300	1.04392200
10.85999973	2.52522100	1.04392200
10.87999973	2.52522100	0.95687750
10.89999972	2.48093000	0.95687750
10.91999972	2.43663900	0.95687750
10.93999972	2.39234700	0.95687750
10.95999972	2.39234700	0.95687750
10.97999972	2.34805600	0.86983270
10.99999972	2.30376500	0.86983270
11.01999972	2.25947300	0.86983270
11.03999972	2.25947300	0.86983270
11.05999972	2.17089100	0.78309550
11.07999972	2.17089100	0.78309550
11.09999972	2.12659900	0.78309550
11.11999972	2.08230800	0.78309550
11.13999972	2.03786300	0.78309550
11.15999972	2.03786300	0.69605070
11.17999972	1.99357200	0.69605070
11.19999972	1.94928000	0.60900590
11.21999972	1.94928000	0.69605070
11.23999972	1.86069800	0.60900590
11.25999972	1.81640600	0.60900590
11.27999972	1.81640600	0.60900590
11.29999971	1.81640600	0.60900590
11.31999971	1.72782400	0.52196110
11.33999971	1.77211500	0.52196110
11.35999971	1.72782400	0.52196110
11.37999971	1.72782400	0.52196110
11.39999971	1.68353200	0.43491630
11.41999971	1.63924100	0.43491630
11.43999971	1.63924100	0.43491630
11.45999971	1.59495000	0.34787150
11.47999971	1.59495000	0.34787150
11.49999971	1.63924100	0.34787150
11.51999971	1.59495000	0.34787150
11.53999971	1.59495000	0.34787150
11.55999971	1.63924100	0.26082680
11.57999971	1.59495000	0.26082680
11.59999971	1.59495000	0.26082680
11.61999971	1.59495000	0.26082680
11.63999971	1.59495000	0.17378200
11.65999971	1.63924100	0.17378200
11.67999970	1.63924100	0.17378200
11.69999970	1.59495000	0.17378200
11.71999970	1.63924100	0.08673721
11.73999970	1.63924100	0.08673721
11.75999970	1.68353200	0.08673721
11.77999970	1.68353200	0.08673721
11.79999970	1.72782400	0.08673721
11.81999970	1.77211500	0.00000000
11.83999970	1.77211500	0.00000000
11.85999970	1.77211500	0.00000000
11.87999970	1.81640600	0.00000000
11.89999970	1.81640600	-0.08673721
11.91999970	1.86069800	-0.08673721
11.93999970	1.90498900	-0.08673721
11.95999970	1.90498900	-0.08673721
11.97999970	1.99357200	-0.17378200
11.99999970	1.99357200	-0.17378200
12.01999970	2.03786300	-0.17378200
12.03999970	2.08230800	-0.17378200
12.05999970	2.03786300	-0.17378200
12.07999969	2.12659900	-0.26082680
12.09999969	2.12659900	-0.26082680
12.11999969	2.17089100	-0.26082680
12.13999969	2.17089100	-0.26082680
12.15999969	2.17089100	-0.26082680
12.17999969	2.21518200	-0.34787150
12.19999969	2.25947300	-0.34787150
12.21999969	2.30376500	-0.34787150
12.23999969	2.34805600	-0.43491630
12.25999969	2.39234700	-0.34787150
12.27999969	2.34805600	-0.43491630
12.29999969	2.39234700	-0.43491630
12.31999969	2.39234700	-0.43491630
12.33999969	2.43663900	-0.43491630
12.35999969	2.43663900	-0.52196110
12.37999969	2.48093000	-0.52196110
12.39999969	2.48093000	-0.52196110
12.41999969	2.48093000	-0.52196110
12.43999969	2.52522100	-0.52196110
12.45999969	2.52522100	-0.52196110
12.47999968	2.56951300	-0.60900590
12.49999968	2.56951300	-0.60900590
12.51999968	2.56951300	-0.60900590
12.53999968	2.61395800	-0.60900590
12.55999968	2.61395800	-0.69605070
12.57999968	2.61395800	-0.69605070
12.59999968	2.65824900	-0.69605070
12.61999968	2.65824900	-0.69605070
12.63999968	2.70254100	-0.69605070
12.65999968	2.70254100	-0.69605070
12.67999968	2.65824900	-0.69605070
12.69999968	2.65824900	-0.78309550
12.71999968	2.70254100	-0.78309550
12.73999968	2.70254100	-0.78309550
12.75999968	2.70254100	-0.86983270
12.77999968	2.74683200	-0.78309550
12.79999968	2.74683200	-0.86983270
12.81999968	2.74683200	-0.86983270
12.83999968	2.79112300	-0.86983270
12.85999968	2.79112300	-0.86983270
12.87999967	2.79112300	-0.95687750
12.89999967	2.79112300	-0.95687750
12.91999967	2.79112300	-0.95687750
12.93999967	2.79112300	-0.95687750
12.95999967	2.79112300	-1.04392200
12.97999967	2.79112300	-0.95687750
12.99999967	2.79112300	-1.04392200
13.01999967	2.79112300	-1.04392200
13.03999967	2.83541500	-1.04392200
13.05999967	2.79112300	-1.13096700
13.07999967	2.79112300	-1.13096700
13.09999967	2.83541500	-1.13096700
13.11999967	2.87970600	-1.13096700
13.13999967	2.79112300	-1.13096700
13.15999967	2.83541500	-1.13096700
13.17999967	2.83541500	-1.21801200
13.19999967	2.87970600	-1.21801200
13.21999967	2.87970600	-1.21801200
13.23999967	2.87970600	-1.21801200
13.25999967	2.83541500	-1.30505700
13.27999966	2.87970600	-1.30505700
13.29999966	2.83541500	-1.30505700
13.31999966	2.87970600	-1.30505700
13.33999966	2.87970600	-1.30505700
13.35999966	2.87970600	-1.30505700
13.37999966	2.83541500	-1.39210100
13.39999966	2.87970600	-1.39210100
13.41999966	2.87970600	-1.39210100
13.43999966	2.87970600	-1.39210100
13.45999966	2.87970600	-1.39210100
13.47999966	2.92399700	-1.47914600
13.49999966	2.87970600	-1.47914600
13.51999966	2.92399700	-1.47914600
13.53999966	2.92399700	-1.47914600
13.55999966	2.92399700	-1.47914600
13.57999966	2.87970600	-1.56619100
13.59999966	2.87970600	-1.56619100
13.61999966	2.92399700	-1.56619100
13.63999966	2.87970600	-1.56619100
13.65999965	2.92399700	-1.56619100
13.67999965	2.96828900	-1.65323600
13.69999965	2.92399700	-1.65323600
13.71999965	2.96828900	-1.65323600
13.73999965	2.92399700	-1.65323600
13.75999965	2.96828900	-1.65323600
13.77999965	2.96828900	-1.73997300
13.79999965	2.96828900	-1.73997300
13.81999965	2.96828900	-1.73997300
13.83999965	2.96828900	-1.73997300
13.85999965	2.96828900	-1.73997300
13.87999965	2.96828900	-1.82701800
13.89999965	2.96828900	-1.82701800
13.91999965	2.96828900	-1.82701800
13.93999965	2.96828900	-1.82701800
13.95999965	3.01258000	-1.91406300
13.97999965	2.96828900	-1.91406300
13.99999965	3.01258000	-1.82701800
14.01999965	2.96828900	-1.91406300
14.03999965	2.96828900	-1.91406300
14.05999964	2.96828900	-1.91406300
14.07999964	3.01258000	-2.00110700
14.09999964	2.96828900	-2.00110700
14.11999964	3.01258000	-2.00110700
14.13999964	3.01258000	-2.00110700
14.15999964	3.01258000	-2.08815200
14.17999964	3.01258000	-2.00110700
14.19999964	2.96828900	-2.08815200
14.21999964	3.01258000	-2.08815200
14.23999964	3.01258000	-2.08815200
14.25999964	3.05687100	-2.17519700
14.27999964	3.01258000	-2.17519700
14.29999964	3.01258000	-2.17519700
14.31999964	3.01258000	-2.17519700
14.33999964	3.01258000	-2.17519700
14.35999964	3.01258000	-2.17519700
14.37999964	3.05687100	-2.26224200
14.39999964	3.01258000	-2.26224200
14.41999964	3.01258000	-2.26224200
14.43999964	3.05687100	-2.26224200
14.45999963	3.05687100	-2.26224200
14.47999963	3.05687100	-2.34928600
14.49999963	3.01258000	-2.34928600
14.51999963	3.05687100	-2.34928600
14.53999963	3.05687100	-2.34928600
14.55999963	3.01258000	-2.43633100
14.57999963	3.05687100	-2.34928600
14.59999963	3.05687100	-2.43633100
14.61999963	3.05687100	-2.43633100
14.63999963	3.05687100	-2.43633100
14.65999963	3.05687100	-2.52337600
14.67999963	3.05687100	-2.52337600
14.69999963	3.05687100	-2.52337600
14.71999963	3.05687100	-2.52337600
14.73999963	3.01258000	-2.52337600
14.75999963	3.05687100	-2.61011300
14.77999963	3.05687100	-2.52337600
14.79999963	3.05687100	-2.61011300
14.81999963	3.01258000	-2.61011300
14.83999963	3.05687100	-2.61011300
14.85999962	3.10131600	-2.61011300
14.87999962	3.05687100	-2.69715800
14.89999962	3.05687100	-2.69715800
14.91999962	3.05687100	-2.69715800
14.93999962	3.05687100	-2.69715800
14.95999962	3.05687100	-2.69715800
14.97999962	3.05687100	-2.69715800
14.99999962	3.05687100	-2.78420300
15.01999962	3.05687100	-2.78420300
15.03999962	3.10131600	-2.78420300
15.05999962	3.05687100	-2.78420300
15.07999962	3.05687100	-2.87124800
15.09999962	3.10131600	-2.87124800
15.11999962	3.10131600	-2.87124800
15.13999962	3.05687100	-2.87124800
15.15999962	3.10131600	-2.87124800
15.17999962	3.10131600	-2.87124800
15.19999962	3.10131600	-2.95829200
15.21999962	3.05687100	-2.95829200
15.23999962	3.10131600	-2.95829200
15.25999961	3.05687100	-2.95829200
15.27999961	3.10131600	-2.95829200
15.29999961	3.10131600	-3.04533700
15.31999961	3.05687100	-3.04533700
15.33999961	3.10131600	-3.04533700
15.35999961	3.05687100	-3.04533700
15.37999961	3.05687100	-3.04533700
15.39999961	3.05687100	-3.13238200
15.41999961	3.05687100	-3.13238200
15.43999961	3.05687100	-3.13238200
15.45999961	3.05687100	-3.13238200
15.47999961	3.05687100	-3.21942700
15.49999961	3.05687100	-3.21942700
15.51999961	3.10131600	-3.21942700
15.53999961	3.10131600	-3.21942700
15.55999961	3.10131600	-3.21942700
15.57999961	3.10131600	-3.30647100
15.59999961	3.10131600	-3.30647100
15.61999961	3.05687100	-3.30647100
15.63999960	3.10131600	-3.30647100
15.65999960	3.10131600	-3.30647100
15.67999960	3.10131600	-3.30647100
15.69999960	3.10131600	-3.39351600
15.71999960	3.10131600	-3.39351600
15.73999960	3.10131600	-3.39351600
15.75999960	3.10131600	-3.39351600
15.77999960	3.05687100	-3.39351600
15.79999960	3.10131600	-3.48025300
15.81999960	3.10131600	-3.48025300
15.83999960	3.10131600	-3.48025300
15.85999960	3.10131600	-3.48025300
15.87999960	3.10131600	-3.48025300
15.89999960	3.10131600	-3.56729800
15.91999960	3.10131600	-3.56729800
15.93999960	3.10131600	-3.56729800
15.95999960	3.14560800	-3.56729800
15.97999960	3.10131600	-3.56729800
15.99999960	3.10131600	-3.56729800
16.01999960	3.10131600	-3.65434300
16.03999959	3.05687100	-3.65434300
16.05999959	3.10131600	-3.65434300
16.07999959	3.10131600	-3.65434300
16.09999959	3.10131600	-3.65434300
16.11999959	3.10131600	-3.74138800
16.13999959	3.10131600	-3.74138800
16.15999959	3.10131600	-3.74138800
16.17999959	3.10131600	-3.74138800
16.19999959	3.10131600	-3.82843300
16.21999959	3.10131600	-3.82843300
16.23999959	3.10131600	-3.82843300
16.25999959	3.10131600	-3.82843300
16.27999959	3.10131600	-3.82843300
16.29999959	3.10131600	-3.82843300
16.31999959	3.10131600	-3.91547700
16.33999959	3.10131600	-3.91547700
16.35999959	3.10131600	-3.91547700
16.37999959	3.10131600	-3.91547700
16.39999959	3.10131600	-3.91547700
16.41999959	3.10131600	-4.00252200
16.43999958	3.10131600	-4.00252200
16.45999958	3.14560800	-4.00252200
16.47999958	3.10131600	-4.00252200
16.49999958	3.14560800	-4.00252200
16.51999958	3.10131600	-4.08956700
16.53999958	3.14560800	-4.08956700
16.55999958	3.14560800	-4.08956700
16.57999958	3.10131600	-4.08956700
16.59999958	3.10131600	-4.08956700
16.61999958	3.10131600	-4.08956700
16.63999958	3.10131600	-4.17661200
16.65999958	3.10131600	-4.17661200
16.67999958	3.10131600	-4.17661200
16.69999958	3.14560800	-4.17661200
16.71999958	3.10131600	-4.17661200
16.73999958	3.10131600	-4.08956700
16.75999958	3.14560800	-4.08956700
16.77999958	3.10131600	-4.08956700
16.79999958	3.10131600	-4.08956700
16.81999958	3.14560800	-4.08956700
16.83999957	3.14560800	-4.00252200
16.85999957	3.14560800	-4.00252200
16.87999957	3.10131600	-4.00252200
16.89999957	3.14560800	-4.00252200
16.91999957	3.14560800	-4.00252200
16.93999957	3.14560800	-3.91547700
16.95999957	3.14560800	-3.91547700
16.97999957	3.14560800	-3.91547700
16.99999957	3.10131600	-3.91547700
17.01999957	3.10131600	-3.91547700
17.03999957	3.14560800	-3.82843300
17.05999957	3.14560800	-3.82843300
17.07999957	3.14560800	-3.82843300
17.09999957	3.14560800	-3.82843300
17.11999957	3.10131600	-3.74138800
17.13999957	3.10131600	-3.74138800
17.15999957	3.14560800	-3.74138800
17.17999957	3.14560800	-3.74138800
17.19999957	3.14560800	-3.74138800
17.21999956	3.14560800	-3.74138800
17.23999956	3.10131600	-3.65434300
17.25999956	3.14560800	-3.65434300
17.27999956	3.14560800	-3.65434300
17.29999956	3.14560800	-3.65434300
17.31999956	3.14560800	-3.65434300
17.33999956	3.14560800	-3.56729800
17.35999956	3.14560800	-3.56729800
17.37999956	3.10131600	-3.56729800
17.39999956	3.10131600	-3.56729800
17.41999956	3.14560800	-3.56729800
17.43999956	3.14560800	-3.56729800
17.45999956	3.14560800	-3.48025300
17.47999956	3.14560800	-3.48025300
17.49999956	3.10131600	-3.48025300
17.51999956	3.10131600	-3.48025300
17.53999956	3.14560800	-3.39351600
17.55999956	3.14560800	-3.39351600
17.57999956	3.14560800	-3.39351600
17.59999956	3.14560800	-3.39351600
17.61999955	3.14560800	-3.39351600
17.63999955	3.14560800	-3.30647100
17.65999955	3.14560800	-3.30647100
17.67999955	3.14560800	-3.30647100
17.69999955	3.10131600	-3.30647100
17.71999955	3.14560800	-3.21942700
17.73999955	3.14560800	-3.21942700
17.75999955	3.14560800	-3.21942700
17.77999955	3.14560800	-3.21942700
17.79999955	3.14560800	-3.21942700
17.81999955	3.14560800	-3.13238200
17.83999955	3.14560800	-3.13238200
17.85999955	3.14560800	-3.13238200
17.87999955	3.14560800	-3.13238200
17.89999955	3.14560800	-3.13238200
17.91999955	3.14560800	-3.04533700
17.93999955	3.14560800	-3.13238200
17.95999955	3.10131600	-3.04533700
17.97999955	3.10131600	-3.04533700
17.99999955	3.14560800	-3.04533700
18.01999954	3.14560800	-2.95829200
18.03999954	3.14560800	-2.95829200
18.05999954	3.14560800	-2.95829200
18.07999954	3.10131600	-2.95829200
18.09999954	3.14560800	-2.95829200
18.11999954	3.14560800	-2.95829200
18.13999954	3.14560800	-2.87124800
18.15999954	3.14560800	-2.87124800
18.17999954	3.14560800	-2.87124800
18.19999954	3.14560800	-2.87124800
18.21999954	3.14560800	-2.78420300
18.23999954	3.14560800	-2.78420300
18.25999954	3.14560800	-2.78420300
18.27999954	3.14560800	-2.78420300
18.29999954	3.14560800	-2.78420300
18.31999954	3.14560800	-2.78420300
18.33999954	3.10131600	-2.69715800
18.35999954	3.14560800	-2.69715800
18.37999954	3.14560800	-2.69715800
18.39999954	3.14560800	-2.69715800
18.41999953	3.14560800	-2.69715800
18.43999953	3.10131600	-2.61011300
18.45999953	3.14560800	-2.61011300
18.47999953	3.14560800	-2.61011300
18.49999953	3.14560800	-2.61011300
18.51999953	3.10131600	-2.61011300
18.53999953	3.14560800	-2.61011300
18.55999953	3.10131600	-2.52337600
18.57999953	3.14560800	-2.52337600
18.59999953	3.14560800	-2.52337600
18.61999953	3.14560800	-2.52337600
18.63999953	3.14560800	-2.52337600
18.65999953	3.14560800	-2.43633100
18.67999953	3.14560800	-2.43633100
18.69999953	3.14560800	-2.43633100
18.71999953	3.14560800	-2.43633100
18.73999953	3.14560800	-2.43633100
18.75999953	3.14560800	-2.34928600
18.77999953	3.18989900	-2.34928600
18.79999953	3.14560800	-2.34928600
18.81999952	3.14560800	-2.34928600
18.83999952	3.14560800	-2.26224200
18.85999952	3.14560800	-2.26224200
18.87999952	3.14560800	-2.26224200
18.89999952	3.14560800	-2.26224200
18.91999952	3.14560800	-2.17519700
18.93999952	3.14560800	-2.17519700
18.95999952	3.14560800	-2.17519700
18.97999952	3.14560800	-2.17519700
18.99999952	3.14560800	-2.17519700
19.01999952	3.10131600	-2.08815200
19.03999952	3.10131600	-2.08815200
19.05999952	3.14560800	-2.08815200
19.07999952	3.14560800	-2.08815200
19.09999952	3.14560800	-2.00110700
19.11999952	3.14560800	-2.00110700
19.13999952	3.14560800	-2.00110700
19.15999952	3.14560800	-2.00110700
19.17999952	3.14560800	-2.00110700
19.19999951	3.14560800	-1.91406300
19.21999951	3.10131600	-2.00110700
19.23999951	3.14560800	-1.91406300
19.25999951	3.10131600	-1.91406300
19.27999951	3.14560800	-1.91406300
19.29999951	3.10131600	-1.91406300
19.31999951	3.10131600	-1.91406300
19.33999951	3.14560800	-1.82701800
19.35999951	3.14560800	-1.82701800
19.37999951	3.10131600	-1.82701800
19.39999951	3.14560800	-1.82701800
19.41999951	3.10131600	-1.82701800
19.43999951	3.14560800	-1.73997300
19.45999951	3.10131600	-1.73997300
19.47999951	3.14560800	-1.73997300
19.49999951	3.10131600	-1.73997300
19.51999951	3.14560800	-1.73997300
19.53999951	3.10131600	-1.65323600
19.55999951	3.14560800	-1.65323600
19.57999951	3.10131600	-1.65323600
19.59999950	3.10131600	-1.65323600
19.61999950	3.14560800	-1.56619100
19.63999950	3.14560800	-1.56619100
19.65999950	3.10131600	-1.56619100
19.67999950	3.10131600	-1.56619100
19.69999950	3.10131600	-1.56619100
19.71999950	3.05687100	-1.56619100
19.73999950	3.14560800	-1.47914600
19.75999950	3.10131600	-1.47914600
19.77999950	3.10131600	-1.47914600
19.79999950	3.10131600	-1.47914600
19.81999950	3.10131600	-1.47914600
19.83999950	3.10131600	-1.39210100
19.85999950	3.14560800	-1.39210100
19.87999950	3.14560800	-1.39210100
19.89999950	3.10131600	-1.39210100
19.91999950	3.10131600	-1.39210100
19.93999950	3.10131600	-1.30505700
19.95999950	3.10131600	-1.30505700
19.97999950	3.10131600	-1.30505700
19.99999949	3.14560800	-1.30505700
20.01999949	3.14560800	-1.30505700
20.03999949	3.10131600	-1.21801200
20.05999949	3.14560800	-1.21801200
