FLMS05814_1:101		
188.012	8.48	
188.47	8.48	
188.927	8.48	
189.385	-24.28	
189.842	-73.43	
190.3	-47.69	
190.757	-59.39	
191.215	-54.71	
191.672	-124.93	
192.129	-59.39	
192.586	-174.08	
193.044	-19.6	
193.501	-17.26	
193.958	36.57	
194.415	36.57	
194.872	20.19	
195.329	55.3	
195.787	62.32	
196.244	92.74	
196.7	116.15	
197.157	137.21	
197.614	88.06	
198.071	130.19	
198.528	247.22	
198.985	277.65	
199.441	359.56	
199.898	305.73	
200.355	322.12	
200.812	338.5	
201.268	373.61	
201.725	343.18	
202.181	364.25	
202.638	427.44	
203.094	418.08	
203.551	443.82	
204.007	415.74	
204.463	364.25	
204.92	420.42	
205.376	429.78	
205.832	408.72	
206.288	385.31	
206.744	359.56	
207.201	467.23	
207.657	453.19	
208.113	425.1	
208.569	432.12	
209.025	413.4	
209.481	397.01	
209.937	516.38	
210.392	385.31	
210.848	483.61	
211.304	521.06	
211.76	404.03	
212.215	478.93	
212.671	474.25	
213.127	439.14	
213.582	368.93	
214.038	441.48	
214.494	446.16	
214.949	425.1	
215.404	434.46	
215.86	361.91	
216.315	394.67	
216.771	425.1	
217.226	474.25	
217.681	455.53	
218.136	373.61	
218.592	422.76	
219.047	427.44	
219.502	392.33	
219.957	392.33	
220.412	382.97	
220.867	404.03	
221.322	350.2	
221.777	392.33	
222.232	359.56	
222.687	364.25	
223.142	357.22	
223.596	427.44	
224.051	378.29	
224.506	380.63	
224.96	420.42	
225.415	483.61	
225.87	373.61	
226.324	427.44	
226.779	373.61	
227.233	354.88	
227.688	265.94	
228.142	378.29	
228.597	453.19	
229.051	373.61	
229.505	392.33	
229.959	394.67	
230.414	511.7	
230.868	404.03	
231.322	378.29	
231.776	476.59	
232.23	408.72	
232.684	368.93	
233.138	375.95	
233.592	347.86	
234.046	387.65	
234.5	471.91	
234.954	418.08	
235.408	422.76	
235.861	446.16	
236.315	446.16	
236.769	361.91	
237.222	429.78	
237.676	375.95	
238.13	397.01	
238.583	387.65	
239.037	425.1	
239.49	471.91	
239.944	389.99	
240.397	427.44	
240.85	441.48	
241.304	436.8	
241.757	389.99	
242.21	406.38	
242.663	420.42	
243.117	413.4	
243.57	443.82	
244.023	448.51	
244.476	399.35	
244.929	340.84	
245.382	408.72	
245.835	432.12	
246.288	439.14	
246.741	443.82	
247.193	389.99	
247.646	406.38	
248.099	385.31	
248.552	425.1	
249.004	408.72	
249.457	457.87	
249.909	432.12	
250.362	404.03	
250.814	418.08	
251.267	420.42	
251.719	457.87	
252.172	436.8	
252.624	371.27	
253.076	481.27	
253.529	448.51	
253.981	448.51	
254.433	453.19	
254.885	495.32	
255.337	399.35	
255.79	518.72	
256.242	453.19	
256.694	441.48	
257.146	471.91	
257.598	425.1	
258.049	483.61	
258.501	497.66	
258.953	404.03	
259.405	497.66	
259.857	418.08	
260.308	378.29	
260.76	436.8	
261.212	422.76	
261.663	375.95	
262.115	485.95	
262.566	408.72	
263.018	471.91	
263.469	399.35	
263.92	455.53	
264.372	439.14	
264.823	467.23	
265.274	511.7	
265.726	457.87	
266.177	406.38	
266.628	509.36	
267.079	429.78	
267.53	429.78	
267.981	481.27	
268.432	436.8	
268.883	474.25	
269.334	415.74	
269.785	500	
270.236	455.53	
270.687	500	
271.137	406.38	
271.588	511.7	
272.039	418.08	
272.489	453.19	
272.94	427.44	
273.391	483.61	
273.841	401.69	
274.292	425.1	
274.742	418.08	
275.192	476.59	
275.643	439.14	
276.093	490.63	
276.543	450.85	
276.994	485.95	
277.444	443.82	
277.894	382.97	
278.344	464.89	
278.794	455.53	
279.244	448.51	
279.694	422.76	
280.144	467.23	
280.594	411.06	
281.044	467.23	
281.494	485.95	
281.944	460.21	
282.394	504.68	
282.843	467.23	
283.293	495.32	
283.743	425.1	
284.192	525.74	
284.642	439.14	
285.091	457.87	
285.541	453.19	
285.99	460.21	
286.44	432.12	
286.889	504.68	
287.338	457.87	
287.788	535.1	
288.237	521.06	
288.686	478.93	
289.135	467.23	
289.584	546.81	
290.034	446.16	
290.483	551.49	
290.932	525.74	
291.381	373.61	
291.83	460.21	
292.278	532.76	
292.727	457.87	
293.176	432.12	
293.625	500	
294.074	544.47	
294.522	401.69	
294.971	462.55	
295.42	530.42	
295.868	469.57	
296.317	516.38	
296.765	471.91	
297.214	469.57	
297.662	514.04	
298.11	418.08	
298.559	516.38	
299.007	572.55	
299.455	544.47	
299.903	509.36	
300.352	485.95	
300.8	511.7	
301.248	464.89	
301.696	535.1	
302.144	553.83	
302.592	560.85	
303.04	551.49	
303.488	518.72	
303.936	610	
304.383	638.09	
304.831	691.92	
305.279	687.24	
305.727	712.99	
306.174	764.48	
306.622	787.88	
307.069	804.27	
307.517	900.23	
307.964	909.59	
308.412	1038.32	
308.859	1171.73	
309.306	1267.69	
309.754	1429.19	
310.201	1368.34	
310.648	1473.66	
311.096	1536.85	
311.543	1742.82	
311.99	1969.85	
312.437	2337.32	
312.884	2482.43	
313.331	2543.28	
313.778	2669.67	
314.225	2950.54	
314.672	2971.6	
315.118	3179.91	
315.565	3378.86	
316.012	3573.12	
316.459	3610.57	
316.905	3605.89	
317.352	3505.24	
317.798	3753.34	
318.245	4184	
318.691	4436.78	
319.138	4425.08	
319.584	4668.49	
320.031	4904.89	
320.477	5185.75	
320.923	5312.14	
321.37	5803.65	
321.816	5841.1	
322.262	6332.61	
322.708	6599.43	
323.154	6620.5	
323.6	6566.67	
324.046	6552.62	
324.492	6545.6	
324.938	7119.03	
325.384	7687.78	
325.83	8174.61	
326.276	8518.67	
326.721	8858.05	
327.167	9775.54	
327.613	10276.41	
328.058	10580.68	
328.504	10751.54	
328.949	10510.47	
329.395	10257.69	
329.84	10306.84	
330.286	10969.21	
330.731	11797.76	
331.177	12272.89	
331.622	11992.03	
332.067	11514.56	
332.512	11224.33	
332.957	11479.45	
333.403	11383.49	
333.848	11570.73	
334.293	11355.4	
334.738	10859.21	
335.183	11114.33	
335.628	11196.25	
336.072	11500.51	
336.517	11767.34	
336.962	11505.2	
337.407	11231.35	
337.852	10447.27	
338.296	10304.5	
338.741	10606.43	
339.185	10667.28	
339.63	11144.75	
340.074	11654.99	
340.519	11715.84	
340.963	12038.84	
341.408	12495.24	
341.852	12677.8	
342.296	12020.11	
342.741	12116.08	
343.185	12085.65	
343.629	12619.29	
344.073	12612.27	
344.517	12647.38	
344.961	12003.73	
345.405	11093.26	
345.849	10826.44	
346.293	11170.5	
346.737	11973.3	
347.181	11722.87	
347.624	11917.13	
348.068	11924.15	
348.512	11774.36	
348.955	11762.65	
349.399	11732.23	
349.843	11832.87	
350.286	11617.54	
350.73	11472.43	
351.173	12083.31	
351.617	12551.42	
352.06	12815.9	
352.503	12755.04	
352.946	12481.2	
353.39	12001.39	
353.833	11898.41	
354.276	11804.78	
354.719	12499.92	
355.162	13408.05	
355.605	13766.15	
356.048	13892.54	
356.491	13649.13	
356.934	13506.35	
357.377	13117.82	
357.82	12476.52	
358.262	11519.24	
358.705	11350.72	
359.148	10517.49	
359.59	10061.09	
360.033	10068.11	
360.475	10969.21	
360.918	12776.11	
361.36	13188.04	
361.803	12820.58	
362.245	12303.32	
362.688	11846.91	
363.13	12066.92	
363.572	12380.56	
364.014	12602.91	
364.456	13005.48	
364.899	13024.2	
365.341	12970.37	
365.783	13164.64	
366.225	13061.65	
366.667	13745.09	
367.108	14812.37	
367.55	15491.13	
367.992	15364.74	
368.434	15350.7	
368.876	15252.39	
369.317	14990.25	
369.759	14529.17	
370.201	14812.37	
370.642	15109.62	
371.084	15458.36	
371.525	15392.83	
371.966	14618.11	
372.408	14831.1	
372.849	14805.35	
373.29	14255.33	
373.732	13553.16	
374.173	13351.88	
374.614	12598.23	
375.055	11839.89	
375.496	11757.97	
375.937	11776.7	
376.378	12233.1	
376.819	12572.48	
377.26	13326.13	
377.701	13443.16	
378.142	13794.24	
378.583	14973.87	
379.023	16036.47	
379.464	16352.45	
379.905	16064.56	
380.345	15140.05	
380.786	14241.28	
381.226	13658.49	
381.667	14309.16	
382.107	14800.67	
382.548	14395.76	
382.988	13248.89	
383.428	11706.48	
383.868	10501.11	
384.309	9829.37	
384.749	9174.02	
385.189	9401.05	
385.629	10473.02	
386.069	11917.13	
386.509	12432.05	
386.949	12305.66	
387.389	12036.5	
387.829	12324.38	
388.268	12357.15	
388.708	12329.06	
389.148	12406.3	
389.588	12296.3	
390.027	12415.66	
390.467	13148.25	
390.906	14014.25	
391.346	14105.53	
391.785	14606.41	
392.225	15369.42	
392.664	16062.22	
393.103	15732.2	
393.543	14070.42	
393.982	12153.52	
394.421	9955.76	
394.86	8748.04	
395.299	9218.49	
395.738	11271.14	
396.177	12911.86	
396.616	14119.57	
397.055	14217.88	
397.494	12530.35	
397.933	10742.18	
398.372	9864.48	
398.81	10969.21	
399.249	13644.45	
399.688	15692.41	
400.126	16923.54	
400.565	18503.4	
401.004	18774.9	
401.442	19245.35	
401.88	19441.95	
402.319	19668.98	
402.757	20340.72	
403.195	20368.8	
403.634	20450.72	
404.072	20052.83	
404.51	20478.81	
404.948	19926.44	
405.386	20141.77	
405.824	19741.54	
406.262	19598.77	
406.7	19778.99	
407.138	19470.04	
407.576	19001.93	
408.014	19388.12	
408.452	19231.3	
408.889	19734.52	
409.327	20076.24	
409.765	20052.83	
410.202	20979.68	
410.64	20865	
411.077	20127.73	
411.515	19025.34	
411.952	19046.4	
412.389	20455.4	
412.827	20745.63	
413.264	21677.16	
413.701	21501.62	
414.138	21056.92	
414.575	20970.32	
415.013	20544.34	
415.45	20794.78	
415.887	20942.24	
416.324	20832.23	
416.76	20680.1	
417.197	20532.64	
417.634	20780.74	
418.071	20506.9	
418.508	19891.34	
418.944	19345.99	
419.381	19558.98	
419.818	19622.17	
420.254	19399.82	
420.691	19378.76	
421.127	18950.44	
421.563	19184.49	
422	19800.05	
422.436	20214.33	
422.872	20155.82	
423.309	19919.42	
423.745	18987.89	
424.181	18971.5	
424.617	18772.56	
425.053	18863.84	
425.489	19294.5	
425.925	19498.13	
426.361	19044.06	
426.797	18510.42	
427.233	18634.47	
427.668	19327.27	
428.104	18681.28	
428.54	18529.14	
428.975	18149.98	
429.411	18412.12	
429.847	18384.03	
430.282	18061.04	
430.717	17321.43	
431.153	16242.44	
431.588	15259.42	
432.024	14295.11	
432.459	15289.84	
432.894	16764.38	
433.329	18180.4	
433.764	19055.76	
434.199	19458.34	
434.634	19652.6	
435.069	18840.43	
435.504	18334.88	
435.939	18285.73	
436.374	18763.2	
436.809	20467.11	
437.244	20574.77	
437.678	20883.72	
438.113	20687.12	
438.548	20017.72	
438.982	19540.25	
439.417	19046.4	
439.851	18756.18	
440.286	18615.74	
440.72	19133	
441.154	19193.86	
441.589	19418.55	
442.023	19343.65	
442.457	19984.96	
442.891	20080.92	
443.326	20237.73	
443.76	20991.39	
444.194	20832.23	
444.628	20520.94	
445.062	20492.85	
445.495	20689.46	
445.929	20893.08	
446.363	20434.34	
446.797	20029.43	
447.23	19823.46	
447.664	19654.94	
448.098	20141.77	
448.531	20254.12	
448.965	20879.04	
449.398	21155.22	
449.832	20715.2	
450.265	20822.87	
450.698	20977.34	
451.132	21398.64	
451.565	22107.82	
451.998	22061.01	
452.431	21871.43	
452.864	21686.53	
453.297	21620.99	
453.73	20850.95	
454.163	20659.03	
454.596	20326.67	
455.029	20289.23	
455.462	21754.4	
455.895	21230.12	
456.327	21293.32	
456.76	21272.25	
457.193	21665.46	
457.625	21766.1	
458.058	22524.44	
458.49	22952.76	
458.923	22779.56	
459.355	22255.28	
459.787	22973.82	
460.22	22543.16	
460.652	22224.85	
461.084	22494.01	
461.516	21965.05	
461.948	22594.65	
462.381	22898.92	
462.813	23582.36	
463.245	22636.78	
463.676	23350.65	
464.108	23186.81	
464.54	23235.96	
464.972	23329.58	
465.404	22688.28	
465.835	22802.96	
466.267	22641.46	
466.699	23006.59	
467.13	22650.83	
467.562	22620.4	
467.993	23596.4	
468.424	22545.5	
468.856	23631.51	
469.287	23317.88	
469.718	23753.22	
470.15	23678.32	
470.581	24328.99	
471.012	24137.07	
471.443	24214.3	
471.874	23495.76	
472.305	24043.45	
472.736	24326.65	
473.167	25204.35	
473.598	25386.91	
474.028	25202.01	
474.459	25747.36	
474.89	25438.4	
475.32	26266.95	
475.751	26704.63	
476.182	26896.56	
476.612	27048.69	
477.043	26753.79	
477.473	27458.29	
477.903	27165.72	
478.334	27823.41	
478.764	27994.27	
479.194	28928.14	
479.624	28787.71	
480.054	29190.28	
480.484	29574.13	
480.914	29983.73	
481.344	30023.51	
481.774	30557.16	
482.204	30706.95	
482.634	31226.55	
483.064	31629.12	
483.494	31675.93	
483.923	31259.32	
484.353	31778.92	
484.782	31640.82	
485.212	31762.53	
485.642	31748.49	
486.071	31750.83	
486.5	31280.38	
486.93	29677.12	
487.359	28005.97	
487.788	27530.84	
488.217	28303.22	
488.647	29553.07	
489.076	30341.83	
489.505	31065.05	
489.934	31324.85	
490.363	31491.03	
490.792	32158.08	
491.221	32860.24	
491.649	33288.56	
492.078	33070.89	
492.507	32799.39	
492.936	31722.74	
493.364	31282.72	
493.793	31792.96	
494.221	31982.54	
494.65	32249.36	
495.078	32286.81	
495.507	32403.84	
495.935	32967.91	
496.363	33106	
496.791	32738.54	
497.22	32602.78	
497.648	32385.11	
498.076	32843.86	
498.504	33419.63	
498.932	32813.43	
499.36	31949.78	
499.788	31818.71	
500.216	31280.38	
500.643	31764.87	
501.071	31718.06	
501.499	31329.53	
501.927	30674.18	
502.354	30278.63	
502.782	30070.33	
503.209	29925.21	
503.637	29899.47	
504.064	30784.19	
504.491	30816.96	
504.919	30641.42	
505.346	30185.01	
505.773	29766.06	
506.2	30400.34	
506.628	31025.26	
507.055	31015.9	
507.482	31186.76	
507.909	31130.59	
508.335	31065.05	
508.762	30814.62	
509.189	30023.51	
509.616	30316.08	
510.043	30189.69	
510.469	30732.7	
510.896	30470.56	
511.323	30309.06	
511.749	30138.2	
512.176	30355.87	
512.602	30435.45	
513.028	30795.89	
513.455	30559.5	
513.881	30194.37	
514.307	29684.14	
514.733	29527.32	
515.16	28967.93	
515.586	28911.76	
516.012	28958.57	
516.438	29148.15	
516.864	29321.35	
517.29	28874.31	
517.715	28106.62	
518.141	26313.77	
518.567	25485.22	
518.993	26044.6	
519.418	26037.58	
519.844	26332.49	
520.269	26405.05	
520.695	27507.44	
521.12	27828.09	
521.546	28275.13	
521.971	28474.08	
522.396	28204.92	
522.822	28794.73	
523.247	28499.83	
523.672	28846.22	
524.097	27966.18	
524.522	28207.26	
524.947	28333.65	
525.372	28977.29	
525.797	29084.96	
526.222	29099	
526.647	28890.7	
527.071	28644.94	
527.496	28448.33	
527.921	26671.87	
528.345	26234.19	
528.77	26311.42	
529.194	26994.86	
529.619	27856.18	
530.043	28029.38	
530.468	28509.19	
530.892	28139.38	
531.316	27924.05	
531.74	28556	
532.164	28389.82	
532.589	28345.35	
533.013	28052.78	
533.437	27697.02	
533.861	26749.1	
534.284	26706.98	
534.708	26456.54	
535.132	26706.98	
535.556	26641.44	
535.98	26777.19	
536.403	27252.32	
536.827	27219.55	
537.25	27214.87	
537.674	26704.63	
538.097	26149.93	
538.521	25983.75	
538.944	26117.16	
539.367	26386.32	
539.791	26398.02	
540.214	26149.93	
540.637	25742.67	
541.06	25173.92	
541.483	24839.23	
541.906	24761.99	
542.329	24759.65	
542.752	24518.57	
543.175	24832.21	
543.598	24839.23	
544.02	24738.58	
544.443	24317.29	
544.866	24911.78	
545.288	24633.26	
545.711	24984.34	
546.133	24605.17	
546.556	24783.05	
546.978	24476.44	
547.4	24563.04	
547.823	24326.65	
548.245	24268.14	
548.667	23898.33	
549.089	23884.29	
549.511	23427.88	
549.933	24268.14	
550.355	24197.92	
550.777	24050.47	
551.199	24104.3	
551.621	24188.56	
552.043	23987.27	
552.465	23727.47	
552.886	23736.84	
553.308	23933.44	
553.729	23750.88	
554.151	23519.17	
554.572	23383.41	
554.994	22938.71	
555.415	23528.53	
555.837	23516.83	
556.258	23640.87	
556.679	23568.32	
557.1	23589.38	
557.521	23140	
557.942	22739.77	
558.363	22494.01	
558.784	22540.82	
559.205	22416.77	
559.626	22089.1	
560.047	21911.22	
560.468	21752.06	
560.888	21766.1	
561.309	21487.58	
561.73	22058.67	
562.15	22049.31	
562.571	22044.63	
562.991	22051.65	
563.412	21773.13	
563.832	21309.7	
564.252	21590.56	
564.673	21625.67	
565.093	21576.52	
565.513	21298	
565.933	21258.21	
566.353	21501.62	
566.773	20993.73	
567.193	20806.48	
567.613	20502.22	
568.033	20932.87	
568.452	21293.32	
568.872	21187.99	
569.292	21131.82	
569.711	20745.63	
570.131	20497.53	
570.551	20921.17	
570.97	20453.06	
571.389	20364.12	
571.809	19963.89	
572.228	20003.68	
572.647	20066.88	
573.067	20104.32	
573.486	20087.94	
573.905	20434.34	
574.324	20815.85	
574.743	20439.02	
575.162	20602.86	
575.581	20801.8	
576	20703.5	
576.419	20176.88	
576.837	20050.49	
577.256	19842.18	
577.675	20062.19	
578.093	19830.48	
578.512	19886.65	
578.93	20179.22	
579.349	19629.2	
579.767	19186.83	
580.185	19348.33	
580.604	19161.09	
581.022	19221.94	
581.44	19584.73	
581.858	19563.66	
582.276	19238.33	
582.694	19051.08	
583.112	19015.97	
583.53	19406.84	
583.948	19271.09	
584.366	19013.63	
584.784	18896.61	
585.201	19226.62	
585.619	19046.4	
586.037	18496.38	
586.454	18489.35	
586.872	18079.76	
587.289	18025.93	
587.707	17831.66	
588.124	17904.22	
588.541	17979.12	
588.958	17953.37	
589.376	17424.41	
589.793	17028.86	
590.21	16614.59	
590.627	15874.98	
591.044	15577.73	
591.461	15701.78	
591.878	16420.32	
592.294	16359.47	
592.711	16336.06	
593.128	16743.31	
593.545	16834.6	
593.961	16836.94	
594.378	16591.18	
594.794	16668.42	
595.211	16731.61	
595.627	16708.21	
596.043	16595.86	
596.46	16703.53	
596.876	16577.14	
597.292	16773.74	
597.708	16944.6	
598.124	16776.08	
598.54	17063.97	
598.956	17080.35	
599.372	17000.77	
599.788	16977.37	
600.204	16879.07	
600.62	17286.32	
601.035	17110.78	
601.451	16958.64	
601.867	17059.29	
602.282	16827.57	
602.698	16792.47	
603.113	16668.42	
603.529	16717.57	
603.944	16549.05	
604.359	16698.84	
604.774	16743.31	
605.19	16815.87	
605.605	16897.79	
606.02	16523.3	
606.435	16869.7	
606.85	16628.63	
607.265	16605.22	
607.68	16092.65	
608.094	16499.9	
608.509	16102.01	
608.924	16151.16	
609.338	16200.31	
609.753	15938.17	
610.168	15636.24	
610.582	15114.3	
610.997	15303.89	
611.411	15168.13	
611.825	15233.67	
612.24	15069.83	
612.654	15196.22	
613.068	14772.58	
613.482	14849.82	
613.896	14793.65	
614.31	14739.82	
614.724	14330.22	
615.138	14487.04	
615.552	14269.37	
615.966	14035.31	
616.379	14236.6	
616.793	13939.35	
617.207	13815.3	
617.62	13459.54	
618.034	13183.36	
618.447	13358.9	
618.861	13438.48	
619.274	13405.71	
619.687	13443.16	
620.101	13108.46	
620.514	13471.25	
620.927	13309.75	
621.34	13508.69	
621.753	13677.21	
622.166	13295.71	
622.579	13504.01	
622.992	13115.48	
623.405	12923.56	
623.817	12895.47	
624.23	12748.02	
624.643	12476.52	
625.055	12361.83	
625.468	12434.39	
625.88	12247.15	
626.293	12483.54	
626.705	11992.03	
627.118	11985.01	
627.53	12027.14	
627.942	12181.61	
628.354	12181.61	
628.766	11992.03	
629.179	11652.65	
629.591	11336.68	
630.003	11221.99	
630.414	11404.55	
630.826	11336.68	
631.238	11247.74	
631.65	11219.65	
632.061	11186.88	
632.473	11259.44	
632.885	11074.54	
633.296	10969.21	
633.708	11058.15	
634.119	11018.36	
634.53	11051.13	
634.942	10770.27	
635.353	10906.02	
635.764	10964.53	
636.175	10774.95	
636.586	10730.48	
636.998	10814.74	
637.408	10597.07	
637.819	10810.06	
638.23	10517.49	
638.641	10552.6	
639.052	10707.07	
639.463	10648.56	
639.873	10700.05	
640.284	10786.65	
640.694	10482.38	
641.105	10456.64	
641.515	10093.85	
641.926	10189.81	
642.336	10061.09	
642.746	10171.09	
643.157	10082.15	
643.567	10140.66	
643.977	9930.02	
644.387	10157.05	
644.797	9836.39	
645.207	9702.98	
645.617	9663.19	
646.026	9913.63	
646.436	9567.23	
646.846	9834.05	
647.256	9508.72	
647.665	9681.92	
648.075	9810.65	
648.484	9370.63	
648.894	9185.72	
649.303	9337.86	
649.713	9260.62	
650.122	9155.3	
650.531	8968.06	
650.94	9101.47	
651.349	8881.46	
651.758	9227.85	
652.167	9159.98	
652.576	9150.62	
652.985	8970.4	
653.394	8911.88	
653.803	8991.46	
654.212	8811.24	
654.62	8773.79	
655.029	8638.04	
655.437	8869.75	
655.846	8469.52	
656.254	8675.49	
656.663	8371.22	
657.071	8205.04	
657.479	7758	
657.888	7601.18	
658.296	7624.59	
658.704	7931.2	
659.112	7940.56	
659.52	8111.42	
659.928	8396.96	
660.336	8235.47	
660.744	8469.52	
661.152	8516.33	
661.559	8296.32	
661.967	8233.13	
662.375	8336.11	
662.782	8453.14	
663.19	8265.89	
663.597	8361.86	
664.005	8277.6	
664.412	7973.33	
664.819	8354.83	
665.226	8219.08	
665.634	7945.24	
666.041	8109.08	
666.448	8059.93	
666.855	7978.01	
667.262	7910.13	
667.669	7811.83	
668.075	8090.35	
668.482	7844.6	
668.889	7762.68	
669.296	7671.4	
669.702	7762.68	
670.109	7711.19	
670.515	7615.23	
670.922	7678.42	
671.328	7762.68	
671.734	7631.61	
672.141	7596.5	
672.547	7420.96	
672.953	7537.99	
673.359	7430.32	
673.765	7523.94	
674.171	7135.42	
674.577	7460.75	
674.983	7280.53	
675.389	7245.42	
675.795	7184.57	
676.201	7126.05	
676.606	7203.29	
677.012	7226.7	
677.417	7236.06	
677.823	7140.1	
678.228	7027.75	
678.634	6789.02	
679.039	6987.96	
679.444	7030.09	
679.849	6805.4	
680.255	6819.44	
680.66	6906.04	
681.065	6849.87	
681.47	6697.74	
681.875	6646.24	
682.28	6648.58	
682.684	6608.8	
683.089	6730.5	
683.494	6653.27	
683.899	6421.55	
684.303	6470.7	
684.708	6360.7	
685.112	6173.46	
685.517	6313.89	
685.921	6229.63	
686.325	6171.11	
686.729	6302.18	
687.134	6222.61	
687.538	5927.7	
687.942	5609.39	
688.346	5136.6	
688.75	4954.04	
689.154	4858.07	
689.558	5052.34	
689.961	5061.7	
690.365	5007.87	
690.769	5174.05	
691.173	5162.34	
691.576	5124.9	
691.98	5195.11	
692.383	5209.15	
692.786	5382.35	
693.19	5319.16	
693.593	5337.88	
693.996	5321.5	
694.399	5454.91	
694.803	5363.63	
695.206	5192.77	
695.609	5295.75	
696.012	5337.88	
696.414	5223.2	
696.817	5270.01	
697.22	5232.56	
697.623	5298.1	
698.025	5422.14	
698.428	5560.24	
698.831	5181.07	
699.233	5298.1	
699.636	5279.37	
700.038	5122.55	
700.44	5255.97	
700.842	5164.68	
701.245	5185.75	
701.647	5087.45	
702.049	5028.93	
702.451	4996.17	
702.853	4984.46	
703.255	4853.39	
703.657	4982.12	
704.058	5038.3	
704.46	5007.87	
704.862	5169.37	
705.264	5052.34	
705.665	5042.98	
706.067	5038.3	
706.468	5082.77	
706.869	4935.31	
707.271	4932.97	
707.672	4825.31	
708.073	4860.41	
708.474	5026.59	
708.876	4968.08	
709.277	4872.12	
709.678	4771.47	
710.079	4757.43	
710.479	4773.82	
710.88	4741.05	
711.281	4715.3	
711.682	4867.44	
712.082	4752.75	
712.483	4965.74	
712.883	4808.92	
713.284	4694.24	
713.684	4717.64	
714.085	4684.87	
714.485	4621.68	
714.885	4811.26	
715.285	4715.3	
715.686	4488.27	
716.086	4560.83	
716.486	4525.72	
716.886	4539.76	
717.285	4277.62	
717.685	4345.5	
718.085	4247.19	
718.485	4144.21	
718.884	3898.45	
719.284	3767.38	
719.684	3849.3	
720.083	3692.49	
720.483	3641	
720.882	3577.8	
721.281	3521.63	
721.68	3516.95	
722.08	3793.13	
722.479	3814.2	
722.878	3980.37	
723.277	3980.37	
723.676	3893.77	
724.075	3849.3	
724.474	3746.32	
724.872	3568.44	
725.271	3643.34	
725.67	3767.38	
726.068	3680.78	
726.467	3676.1	
726.865	3582.48	
727.264	3601.21	
727.662	3535.67	
728.061	3540.35	
728.459	3542.69	
728.857	3594.19	
729.255	3570.78	
729.653	3659.72	
730.051	3526.31	
730.449	3535.67	
730.847	3416.3	
731.245	3526.31	
731.643	3626.95	
732.041	3612.91	
732.438	3514.61	
732.836	3631.63	
733.233	3687.81	
733.631	3849.3	
734.028	3575.46	
734.426	3666.74	
734.823	3753.34	
735.22	3823.56	
735.617	3783.77	
736.015	3701.85	
736.412	3641	
736.809	3748.66	
737.206	3699.51	
737.603	3760.36	
737.999	3741.64	
738.396	3729.94	
738.793	3610.57	
739.19	3774.41	
739.586	3659.72	
739.983	3669.08	
740.379	3652.7	
740.776	3547.37	
741.172	3474.82	
741.568	3636.31	
741.965	3622.27	
742.361	3545.03	
742.757	3659.72	
743.153	3601.21	
743.549	3409.28	
743.945	3467.8	
744.341	3486.52	
744.737	3533.33	
745.133	3589.5	
745.528	3488.86	
745.924	3535.67	
746.32	3498.22	
746.715	3521.63	
747.111	3488.86	
747.506	3584.82	
747.901	3383.54	
748.297	3467.8	
748.692	3367.15	
749.087	3406.94	
749.482	3406.94	
749.877	3353.11	
750.272	3404.6	
750.667	3229.06	
751.062	3243.1	
751.457	3280.55	
751.852	3273.53	
752.247	3130.76	
752.641	3233.74	
753.036	3222.04	
753.43	3254.81	
753.825	3191.61	
754.219	3203.32	
754.614	3184.59	
755.008	3184.59	
755.402	3121.4	
755.796	3079.27	
756.19	3170.55	
756.584	3067.56	
756.978	3081.61	
757.372	3151.82	
757.766	3112.03	
758.16	3093.31	
758.554	2971.6	
758.948	3076.93	
759.341	2976.28	
759.735	3048.84	
760.128	2791.38	
760.522	2608.82	
760.915	2030.71	
761.308	1637.5	
761.702	1398.76	
762.095	1181.09	
762.488	1333.23	
762.881	1431.53	
763.274	1548.56	
763.667	1527.49	
764.06	1476	
764.453	1405.78	
764.846	1473.66	
765.239	1527.49	
765.631	1593.03	
766.024	1740.48	
766.416	1770.91	
766.809	1878.57	
767.201	2051.77	
767.594	2042.41	
767.986	2325.61	
768.378	2426.26	
768.77	2381.79	
769.163	2524.56	
769.555	2580.73	
769.947	2547.97	
770.339	2594.78	
770.73	2538.6	
771.122	2512.86	
771.514	2634.57	
771.906	2543.28	
772.297	2664.99	
772.689	2608.82	
773.081	2618.18	
773.472	2533.92	
773.863	2531.58	
774.255	2592.44	
774.646	2428.6	
775.037	2554.99	
775.428	2503.5	
775.82	2538.6	
776.211	2386.47	
776.602	2482.43	
776.993	2423.92	
777.383	2337.32	
777.774	2342	
778.165	2419.24	
778.556	2290.51	
778.946	2260.08	
779.337	2222.63	
779.727	2309.23	
780.118	2234.33	
780.508	2306.89	
780.898	2229.65	
781.289	2201.57	
781.679	2264.76	
782.069	2330.3	
782.459	2267.1	
782.849	2168.8	
783.239	2192.2	
783.629	2063.47	
784.019	2119.65	
784.408	2150.07	
784.798	2180.5	
785.188	2112.63	
785.577	2089.22	
785.967	2131.35	
786.356	2161.78	
786.746	2091.56	
787.135	2077.52	
787.524	2056.45	
787.914	1983.9	
788.303	2096.24	
788.692	2089.22	
789.081	1937.09	
789.47	1969.85	
789.859	2016.66	
790.248	1885.59	
790.636	1948.79	
791.025	1918.36	
791.414	2009.64	
791.802	1920.7	
792.191	1953.47	
792.579	1817.72	
792.968	1838.78	
793.356	1894.96	
793.744	1855.17	
794.133	1876.23	
794.521	1766.23	
794.909	1784.95	
795.297	1831.76	
795.685	1822.4	
796.073	1775.59	
796.461	1717.08	
796.848	1703.03	
797.236	1782.61	
797.624	1712.39	
798.011	1782.61	
798.399	1784.95	
798.787	1801.33	
799.174	1728.78	
799.561	1670.26	
799.949	1733.46	
800.336	1703.03	
800.723	1681.97	
801.11	1717.08	
801.497	1691.33	
801.884	1714.73	
802.271	1562.6	
802.658	1684.31	
803.045	1696.01	
803.432	1614.09	
803.818	1667.92	
804.205	1459.62	
804.591	1571.96	
804.978	1555.58	
805.364	1522.81	
805.751	1508.77	
806.137	1623.45	
806.523	1501.75	
806.91	1536.85	
807.296	1548.56	
807.682	1602.39	
808.068	1527.49	
808.454	1541.54	
808.84	1438.55	
809.225	1424.51	
809.611	1532.17	
809.997	1532.17	
810.382	1529.83	
810.768	1557.92	
811.153	1485.36	
811.539	1431.53	
811.924	1426.85	
812.31	1415.15	
812.695	1424.51	
813.08	1389.4	
813.465	1412.81	
813.85	1382.38	
814.235	1396.42	
814.62	1307.48	
815.005	1340.25	
815.39	1291.1	
815.775	1319.18	
816.159	1298.12	
816.544	1291.1	
816.929	1218.54	
817.313	1220.88	
817.697	1160.03	
818.082	1225.56	
818.466	1169.39	
818.85	1110.88	
819.235	1199.82	
819.619	1178.75	
820.003	1192.8	
820.387	1234.93	
820.771	1155.35	
821.155	1134.28	
821.538	1169.39	
821.922	1171.73	
822.306	1267.69	
822.689	1223.22	
823.073	1138.96	
823.457	1202.16	
823.84	1021.94	
824.223	1082.79	
824.607	1080.45	
824.99	1131.94	
825.373	1134.28	
825.756	1115.56	
826.139	1150.67	
826.522	1218.54	
826.905	1136.62	
827.288	1195.14	
827.671	1106.2	
828.054	1113.22	
828.436	1181.09	
828.819	1181.09	
829.201	1145.98	
829.584	1129.6	
829.966	1178.75	
830.349	989.17	
830.731	1157.69	
831.113	1101.51	
831.495	996.19	
831.878	1094.49	
832.26	1089.81	
832.642	1113.22	
833.024	1010.23	
833.405	1068.75	
833.787	1071.09	
834.169	1073.43	
834.551	1028.96	
834.932	1057.04	
835.314	1035.98	
835.695	1120.24	
836.077	1047.68	
836.458	996.19	
836.839	1099.17	
837.22	1085.13	
837.602	1033.64	
837.983	996.19	
838.364	1068.75	
838.745	1106.2	
839.126	1094.49	
839.506	1045.34	
839.887	1134.28	
840.268	1026.62	
840.649	1040.66	
841.029	1071.09	
841.41	1057.04	
841.79	989.17	
842.171	1061.73	
842.551	1054.7	
842.931	993.85	
843.311	996.19	
843.691	1047.68	
844.072	1082.79	
844.452	1038.32	
844.832	1021.94	
845.211	1031.3	
845.591	1028.96	
845.971	1066.41	
846.351	1028.96	
846.73	1040.66	
847.11	1101.51	
847.489	986.83	
847.869	968.1	
848.248	1028.96	
848.627	979.81	
849.007	977.47	
849.386	1092.15	
849.765	1007.89	
850.144	996.19	
850.523	972.79	
850.902	895.55	
851.281	874.48	
851.66	1019.6	
852.038	923.63	
852.417	986.83	
852.796	799.59	
853.174	900.23	
853.553	883.84	
853.931	916.61	
854.309	853.42	
854.688	872.14	
855.066	881.5	
855.444	820.65	
855.822	855.76	
856.2	914.27	
856.578	895.55	
856.956	937.68	
857.334	897.89	
857.712	979.81	
858.089	888.53	
858.467	879.16	
858.844	848.74	
859.222	851.08	
859.599	822.99	
859.977	822.99	
860.354	869.8	
860.731	832.35	
861.109	837.03	
861.486	893.21	
861.863	832.35	
862.24	911.93	
862.617	860.44	
862.993	811.29	
863.37	844.06	
863.747	818.31	
864.124	820.65	
864.5	855.76	
864.877	860.44	
865.253	867.46	
865.63	801.93	
866.006	776.18	
866.382	853.42	
866.758	729.37	
867.135	794.9	
867.511	738.73	
867.887	804.27	
868.263	830.01	
868.639	822.99	
869.014	738.73	
869.39	743.41	
869.766	752.77	
870.141	813.63	
870.517	729.37	
870.892	790.22	
871.268	708.3	
871.643	801.93	
872.019	762.14	
872.394	785.54	
872.769	839.37	
873.144	687.24	
873.519	682.56	
873.894	769.16	
874.269	738.73	
874.644	743.41	
875.019	717.67	
875.393	720.01	
875.768	787.88	
876.143	701.28	
876.517	698.94	
876.891	710.65	
877.266	691.92	
877.64	750.43	
878.014	762.14	
878.389	738.73	
878.763	743.41	
879.137	682.56	
879.511	717.67	
879.885	736.39	
880.259	766.82	
880.632	801.93	
881.006	822.99	
881.38	701.28	
881.753	748.09	
882.127	677.88	
882.5	705.96	
882.874	790.22	
883.247	649.79	
883.62	710.65	
883.994	736.39	
884.367	717.67	
884.74	708.3	
885.113	638.09	
885.486	682.56	
885.859	724.69	
886.231	715.33	
886.604	720.01	
886.977	698.94	
887.349	743.41	
887.722	708.3	
888.094	741.07	
888.467	701.28	
888.839	682.56	
889.211	755.12	
889.584	804.27	
889.956	708.3	
890.328	621.7	
890.7	762.14	
891.072	715.33	
891.444	691.92	
891.816	743.41	
892.187	666.17	
892.559	684.9	
892.931	661.49	
893.302	752.77	
893.674	698.94	
894.045	712.99	
894.416	670.86	
894.788	729.37	
895.159	610	
895.53	682.56	
895.901	642.77	
896.272	631.07	
896.643	640.43	
897.014	661.49	
897.385	659.15	
897.756	645.11	
898.126	605.32	
898.497	610	
898.867	659.15	
899.238	563.19	
899.608	574.89	
899.979	617.02	
900.349	614.68	
900.719	553.83	
901.089	572.55	
901.459	492.98	
901.829	518.72	
902.199	462.55	
902.569	563.19	
902.939	549.15	
903.309	514.04	
903.679	577.23	
904.048	530.42	
904.418	549.15	
904.787	565.53	
905.157	551.49	
905.526	523.4	
905.895	602.98	
906.265	570.21	
906.634	586.6	
907.003	593.62	
907.372	593.62	
907.741	605.32	
908.11	509.36	
908.478	490.63	
908.847	521.06	
909.216	544.47	
909.585	523.4	
909.953	530.42	
910.322	511.7	
910.69	537.45	
911.058	525.74	
911.427	518.72	
911.795	509.36	
912.163	504.68	
912.531	436.8	
912.899	441.48	
913.267	408.72	
913.635	464.89	
914.003	542.13	
914.37	485.95	
914.738	492.98	
915.106	514.04	
915.473	500	
915.841	532.76	
916.208	429.78	
916.575	439.14	
916.943	439.14	
917.31	521.06	
917.677	462.55	
918.044	542.13	
918.411	537.45	
918.778	462.55	
919.145	406.38	
919.512	422.76	
919.879	467.23	
920.245	478.93	
920.612	450.85	
920.978	483.61	
921.345	418.08	
921.711	551.49	
922.078	460.21	
922.444	474.25	
922.81	420.42	
923.176	429.78	
923.542	462.55	
923.908	455.53	
924.274	420.42	
924.64	528.08	
925.006	532.76	
925.371	474.25	
925.737	443.82	
926.103	457.87	
926.468	413.4	
926.834	514.04	
927.199	490.63	
927.564	455.53	
927.93	518.72	
928.295	455.53	
928.66	457.87	
929.025	436.8	
929.39	443.82	
929.755	460.21	
930.12	434.46	
930.484	392.33	
930.849	429.78	
931.214	404.03	
931.578	441.48	
931.943	474.25	
932.307	514.04	
932.672	401.69	
933.036	436.8	
933.4	399.35	
933.764	476.59	
934.128	326.8	
934.492	397.01	
934.856	415.74	
935.22	359.56	
935.584	453.19	
935.948	378.29	
936.311	432.12	
936.675	418.08	
937.039	366.59	
937.402	404.03	
937.765	469.57	
938.129	366.59	
938.492	312.75	
938.855	301.05	
939.218	361.91	
939.581	404.03	
939.944	287.01	
940.307	469.57	
940.67	413.4	
941.033	392.33	
941.396	324.46	
941.758	345.52	
942.121	380.63	
942.483	413.4	
942.846	368.93	
943.208	350.2	
943.571	457.87	
943.933	392.33	
944.295	343.18	
944.657	338.5	
945.019	399.35	
945.381	429.78	
945.743	453.19	
946.105	411.06	
946.467	343.18	
946.828	401.69	
947.19	415.74	
947.551	408.72	
947.913	331.48	
948.274	331.48	
948.636	420.42	
948.997	315.09	
949.358	331.48	
949.719	404.03	
950.08	418.08	
950.441	368.93	
950.802	340.84	
951.163	366.59	
951.524	319.78	
951.885	425.1	
952.245	375.95	
952.606	366.59	
952.966	371.27	
953.327	389.99	
953.687	380.63	
954.047	436.8	
954.408	389.99	
954.768	397.01	
955.128	397.01	
955.488	439.14	
955.848	415.74	
956.208	429.78	
956.568	343.18	
956.927	347.86	
957.287	392.33	
957.647	385.31	
958.006	326.8	
958.366	289.35	
958.725	333.82	
959.084	378.29	
959.444	399.35	
959.803	420.42	
960.162	354.88	
960.521	382.97	
960.88	357.22	
961.239	294.03	
961.598	340.84	
961.957	326.8	
962.315	354.88	
962.674	366.59	
963.033	432.12	
963.391	399.35	
963.75	401.69	
964.108	368.93	
964.466	371.27	
964.824	418.08	
965.183	336.16	
965.541	434.46	
965.899	338.5	
966.257	336.16	
966.614	406.38	
966.972	359.56	
967.33	427.44	
967.688	315.09	
968.045	322.12	
968.403	361.91	
968.76	422.76	
969.118	368.93	
969.475	322.12	
969.832	404.03	
970.189	397.01	
970.546	380.63	
970.903	366.59	
971.26	389.99	
971.617	413.4	
971.974	399.35	
972.331	420.42	
972.688	474.25	
973.044	425.1	
973.401	394.67	
973.757	415.74	
974.114	373.61	
974.47	364.25	
974.826	361.91	
975.182	343.18	
975.538	404.03	
975.895	354.88	
976.251	336.16	
976.606	368.93	
976.962	467.23	
977.318	422.76	
977.674	392.33	
978.029	354.88	
978.385	357.22	
978.74	411.06	
979.096	282.33	
979.451	350.2	
979.806	387.65	
980.162	455.53	
980.517	294.03	
980.872	347.86	
981.227	366.59	
981.582	385.31	
981.937	378.29	
982.291	338.5	
982.646	375.95	
983.001	446.16	
983.355	338.5	
983.71	324.46	
984.064	324.46	
984.419	418.08	
984.773	336.16	
985.127	375.95	
985.481	387.65	
985.835	420.42	
986.189	373.61	
986.543	354.88	
986.897	394.67	
987.251	343.18	
987.605	340.84	
987.958	425.1	
988.312	373.61	
988.665	399.35	
989.019	406.38	
989.372	361.91	
989.725	352.54	
990.079	401.69	
990.432	411.06	
990.785	375.95	
991.138	345.52	
991.491	378.29	
991.844	326.8	
992.197	378.29	
992.549	380.63	
992.902	350.2	
993.254	366.59	
993.607	382.97	
993.959	394.67	
994.312	378.29	
994.664	319.78	
995.016	399.35	
995.368	340.84	
995.721	352.54	
996.073	324.46	
996.425	338.5	
996.776	326.8	
997.128	418.08	
997.48	457.87	
997.832	387.65	
998.183	418.08	
998.535	359.56	
998.886	317.44	
999.237	359.56	
999.589	338.5	
999.94	284.67	
1000.291	394.67	
1000.642	350.2	
1000.993	315.09	
1001.344	371.27	
1001.695	343.18	
1002.046	380.63	
1002.397	432.12	
1002.747	425.1	
1003.098	420.42	
1003.448	350.2	
1003.799	382.97	
1004.149	333.82	
1004.499	324.46	
1004.85	326.8	
1005.2	338.5	
1005.55	387.65	
1005.9	354.88	
1006.25	322.12	
1006.6	331.48	
1006.949	441.48	
1007.299	399.35	
1007.649	387.65	
1007.998	389.99	
1008.348	371.27	
1008.697	394.67	
1009.047	368.93	
1009.396	366.59	
1009.745	448.51	
1010.094	331.48	
1010.443	366.59	
1010.792	343.18	
1011.141	296.37	
1011.49	294.03	
1011.839	333.82	
1012.188	338.5	
1012.536	354.88	
1012.885	340.84	
1013.233	329.14	
1013.582	429.78	
1013.93	324.46	
1014.278	289.35	
1014.627	357.22	
1014.975	319.78	
1015.323	411.06	
1015.671	378.29	
1016.019	354.88	
1016.367	296.37	
1016.714	329.14	
1017.062	368.93	
1017.41	338.5	
1017.757	354.88	
1018.105	401.69	
1018.452	333.82	
1018.8	357.22	
1019.147	333.82	
1019.494	382.97	
1019.841	340.84	
1020.188	378.29	
1020.535	310.41	
1020.882	308.07	
1021.229	382.97	
1021.576	375.95	
1021.922	329.14	
1022.269	357.22	
1022.615	368.93	
1022.962	382.97	
1023.308	382.97	
1023.655	382.97	
