FLMS05814_1:101		
188.012	-39.64	
188.47	-39.64	
188.927	-39.64	
189.385	-126.24	
189.842	-51.35	
190.3	-121.56	
190.757	-119.22	
191.215	-95.82	
191.672	-98.16	
192.129	18.87	
192.586	-25.6	
193.044	35.25	
193.501	-60.71	
193.958	42.28	
194.415	21.21	
194.872	-11.56	
195.329	23.55	
195.787	37.59	
196.244	89.09	
196.7	110.15	
197.157	154.62	
197.614	135.9	
198.071	128.88	
198.528	163.98	
198.985	313.78	
199.441	281.01	
199.898	323.14	
200.355	365.27	
200.812	435.49	
201.268	355.91	
201.725	344.21	
202.181	393.36	
202.638	428.46	
203.094	393.36	
203.551	391.02	
204.007	454.21	
204.463	362.93	
204.92	412.08	
205.376	442.51	
205.832	393.36	
206.288	458.89	
206.744	477.62	
207.201	419.1	
207.657	386.33	
208.113	414.42	
208.569	433.15	
209.025	461.23	
209.481	454.21	
209.937	405.06	
210.392	391.02	
210.848	372.29	
211.304	437.83	
211.76	435.49	
212.215	437.83	
212.671	444.85	
213.127	379.31	
213.582	369.95	
214.038	374.63	
214.494	444.85	
214.949	454.21	
215.404	398.04	
215.86	398.04	
216.315	414.42	
216.771	374.63	
217.226	435.49	
217.681	421.44	
218.136	309.1	
218.592	409.74	
219.047	451.87	
219.502	323.14	
219.957	470.59	
220.412	419.1	
220.867	327.82	
221.322	391.02	
221.777	402.72	
222.232	461.23	
222.687	383.99	
223.142	376.97	
223.596	383.99	
224.051	400.38	
224.506	423.78	
224.96	414.42	
225.415	456.55	
225.87	498.68	
226.324	398.04	
226.779	437.83	
227.233	442.51	
227.688	449.53	
228.142	451.87	
228.597	430.8	
229.051	430.8	
229.505	428.46	
229.959	437.83	
230.414	465.91	
230.868	419.1	
231.322	465.91	
231.776	426.12	
232.23	440.17	
232.684	444.85	
233.138	477.62	
233.592	486.98	
234.046	482.3	
234.5	451.87	
234.954	412.08	
235.408	423.78	
235.861	395.7	
236.315	444.85	
236.769	395.7	
237.222	442.51	
237.676	465.91	
238.13	400.38	
238.583	468.25	
239.037	367.61	
239.49	419.1	
239.944	510.38	
240.397	444.85	
240.85	470.59	
241.304	339.52	
241.757	440.17	
242.21	388.68	
242.663	477.62	
243.117	456.55	
243.57	433.15	
244.023	461.23	
244.476	458.89	
244.929	442.51	
245.382	379.31	
245.835	405.06	
246.288	409.74	
246.741	470.59	
247.193	508.04	
247.646	468.25	
248.099	409.74	
248.552	496.34	
249.004	456.55	
249.457	386.33	
249.909	447.19	
250.362	398.04	
250.814	428.46	
251.267	444.85	
251.719	409.74	
252.172	426.12	
252.624	458.89	
253.076	454.21	
253.529	416.76	
253.981	365.27	
254.433	444.85	
254.885	442.51	
255.337	360.59	
255.79	524.43	
256.242	447.19	
256.694	472.93	
257.146	442.51	
257.598	398.04	
258.049	419.1	
258.501	449.53	
258.953	435.49	
259.405	437.83	
259.857	547.83	
260.308	383.99	
260.76	465.91	
261.212	468.25	
261.663	383.99	
262.115	477.62	
262.566	419.1	
263.018	421.44	
263.469	433.15	
263.92	405.06	
264.372	451.87	
264.823	416.76	
265.274	447.19	
265.726	437.83	
266.177	428.46	
266.628	395.7	
267.079	449.53	
267.53	365.27	
267.981	421.44	
268.432	449.53	
268.883	423.78	
269.334	461.23	
269.785	465.91	
270.236	409.74	
270.687	442.51	
271.137	409.74	
271.588	508.04	
272.039	369.95	
272.489	454.21	
272.94	423.78	
273.391	430.8	
273.841	456.55	
274.292	430.8	
274.742	435.49	
275.192	484.64	
275.643	559.53	
276.093	421.44	
276.543	494	
276.994	557.19	
277.444	491.66	
277.894	402.72	
278.344	461.23	
278.794	393.36	
279.244	496.34	
279.694	510.38	
280.144	503.36	
280.594	451.87	
281.044	489.32	
281.494	494	
281.944	529.11	
282.394	468.25	
282.843	536.13	
283.293	400.38	
283.743	468.25	
284.192	524.43	
284.642	419.1	
285.091	442.51	
285.541	454.21	
285.99	465.91	
286.44	489.32	
286.889	486.98	
287.338	503.36	
287.788	472.93	
288.237	463.57	
288.686	372.29	
289.135	461.23	
289.584	491.66	
290.034	510.38	
290.483	477.62	
290.932	482.3	
291.381	461.23	
291.83	510.38	
292.278	533.79	
292.727	494	
293.176	421.44	
293.625	517.4	
294.074	505.7	
294.522	554.85	
294.971	533.79	
295.42	522.09	
295.868	442.51	
296.317	517.4	
296.765	447.19	
297.214	545.49	
297.662	510.38	
298.11	512.72	
298.559	508.04	
299.007	529.11	
299.455	470.59	
299.903	533.79	
300.352	524.43	
300.8	526.77	
301.248	585.28	
301.696	578.26	
302.144	643.79	
302.592	587.62	
303.04	559.53	
303.488	533.79	
303.936	594.64	
304.383	636.77	
304.831	646.13	
305.279	688.26	
305.727	657.84	
306.174	758.48	
306.622	826.36	
307.069	985.51	
307.517	969.13	
307.964	985.51	
308.412	1125.94	
308.859	1172.75	
309.306	1252.33	
309.754	1432.55	
310.201	1514.47	
310.648	1547.24	
311.096	1514.47	
311.543	1839.81	
311.99	2076.2	
312.437	2509.2	
312.884	2661.34	
313.331	2691.76	
313.778	2761.98	
314.225	2935.18	
314.672	3251.15	
315.118	3354.13	
315.565	3510.95	
316.012	3532.01	
316.459	3693.51	
316.905	3775.43	
317.352	3723.94	
317.798	3822.24	
318.245	4159.28	
318.691	4592.28	
319.138	4706.96	
319.584	4756.11	
320.031	4950.38	
320.477	5399.76	
320.923	5706.37	
321.37	5870.21	
321.816	6251.72	
322.262	6886	
322.708	6839.19	
323.154	6843.87	
323.6	7117.72	
324.046	6726.85	
324.492	6914.09	
324.938	7340.07	
325.384	8236.49	
325.83	8390.97	
326.276	8711.62	
326.721	9249.94	
327.167	10389.78	
327.613	11024.07	
328.058	11171.52	
328.504	11281.53	
328.949	10932.79	
329.395	10672.99	
329.84	10822.78	
330.286	11508.56	
330.731	12486.9	
331.177	12887.14	
331.622	12547.76	
332.067	12248.17	
332.512	11943.9	
332.957	11997.73	
333.403	12063.27	
333.848	12229.45	
334.293	12112.42	
334.738	11702.82	
335.183	11899.43	
335.628	11876.02	
336.072	12046.88	
336.517	12503.29	
336.962	12168.59	
337.407	11751.98	
337.852	10907.04	
338.296	10846.19	
338.741	11187.91	
339.185	11337.7	
339.63	11658.35	
340.074	12065.61	
340.519	12540.74	
340.963	12861.39	
341.408	13399.71	
341.852	13441.84	
342.296	13022.89	
342.741	12849.69	
343.185	13083.74	
343.629	13198.43	
344.073	13715.69	
344.517	13610.36	
344.961	12938.63	
345.405	12105.4	
345.849	11492.18	
346.293	12103.06	
346.737	12479.88	
347.181	12870.75	
347.624	12936.29	
348.068	13182.04	
348.512	12835.64	
348.955	12903.52	
349.399	12419.03	
349.843	12718.62	
350.286	12524.35	
350.73	12543.08	
351.173	13020.55	
351.617	13547.17	
352.06	13935.7	
352.503	13608.02	
352.946	13612.7	
353.39	13308.43	
353.833	13151.62	
354.276	12966.71	
354.719	13589.3	
355.162	14504.45	
355.605	15026.39	
356.048	15124.69	
356.491	14916.38	
356.934	14698.71	
357.377	14345.29	
357.82	13849.1	
358.262	12653.08	
358.705	12262.21	
359.148	11737.93	
359.59	10960.88	
360.033	11007.69	
360.475	12199.02	
360.918	13865.48	
361.36	14394.44	
361.803	13865.48	
362.245	13434.82	
362.688	12706.91	
363.13	12856.71	
363.572	13481.63	
364.014	14036.34	
364.456	14345.29	
364.899	14200.18	
365.341	14476.36	
365.783	14579.34	
366.225	14897.66	
366.667	15440.66	
367.108	16538.37	
367.55	17397.35	
367.992	17139.89	
368.434	16690.51	
368.876	16718.59	
369.317	16524.33	
369.759	15964.94	
370.201	16023.45	
370.642	17156.27	
371.084	17235.85	
371.525	16957.33	
371.966	16067.92	
372.408	16435.39	
372.849	16777.11	
373.29	16189.63	
373.732	15459.38	
374.173	14925.74	
374.614	14048.04	
375.055	13446.52	
375.496	13203.11	
375.937	13142.25	
376.378	13624.4	
376.819	14300.82	
377.26	15225.33	
377.701	15098.94	
378.142	15878.34	
378.583	16653.06	
379.023	17989.5	
379.464	18450.59	
379.905	18275.05	
380.345	17242.87	
380.786	15953.24	
381.226	15808.12	
381.667	16323.04	
382.107	16756.04	
382.548	16290.27	
382.988	15084.9	
383.428	13411.42	
383.868	12311.36	
384.309	11117.69	
384.749	10422.55	
385.189	10956.19	
385.629	12245.83	
386.069	13493.33	
386.509	14104.21	
386.949	13984.85	
387.389	13657.17	
387.829	13909.95	
388.268	14209.54	
388.708	14080.81	
389.148	14225.92	
389.588	14076.13	
390.027	14296.14	
390.467	14731.48	
390.906	16091.33	
391.346	16496.24	
391.785	17306.07	
392.225	17589.27	
392.664	18008.23	
393.103	18078.44	
393.543	16198.99	
393.982	14356.99	
394.421	11548.35	
394.86	10307.87	
395.299	10680.01	
395.738	13081.4	
396.177	14797.01	
396.616	16191.97	
397.055	16512.63	
397.494	14970.21	
397.933	12538.4	
398.372	11398.56	
398.81	12601.59	
399.249	15438.32	
399.688	18286.75	
400.126	19868.95	
400.565	21111.78	
401.004	21657.12	
401.442	22340.56	
401.88	23108.26	
402.319	22813.35	
402.757	23478.06	
403.195	24142.77	
403.634	23716.79	
404.072	23590.41	
404.51	23424.23	
404.948	23461.68	
405.386	23241.67	
405.824	22897.61	
406.262	23021.66	
406.7	22850.8	
407.138	22523.12	
407.576	22165.02	
408.014	22113.53	
408.452	22228.21	
408.889	23115.28	
409.327	23232.3	
409.765	23845.52	
410.202	24671.73	
410.64	24212.99	
411.077	23229.96	
411.515	22581.63	
411.952	22616.74	
412.389	23805.74	
412.827	24395.55	
413.264	25565.82	
413.701	25327.08	
414.138	24908.13	
414.575	24669.39	
415.013	24369.8	
415.45	24421.3	
415.887	24578.11	
416.324	24285.54	
416.76	24353.42	
417.197	24358.1	
417.634	24851.95	
418.071	24339.38	
418.508	23496.78	
418.944	23496.78	
419.381	23293.16	
419.818	22890.59	
420.254	22782.92	
420.691	23536.57	
421.127	22984.21	
421.563	22888.25	
422	23234.64	
422.436	24065.53	
422.872	23726.16	
423.309	23693.39	
423.745	22637.81	
424.181	21930.97	
424.617	22300.77	
425.053	22406.09	
425.489	22581.63	
425.925	23239.33	
426.361	22932.72	
426.797	21914.58	
427.233	21905.22	
427.668	22906.97	
428.104	22228.21	
428.54	21982.46	
428.975	21537.76	
429.411	22183.74	
429.847	21542.44	
430.282	21675.85	
430.717	20449.41	
431.153	19501.49	
431.588	18363.99	
432.024	17177.34	
432.459	18169.73	
432.894	20121.73	
433.329	21455.84	
433.764	22399.07	
434.199	23222.94	
434.634	23302.52	
435.069	22775.9	
435.504	22413.12	
435.939	22595.68	
436.374	22679.94	
436.809	24798.12	
437.244	24341.72	
437.678	25153.88	
438.113	24908.13	
438.548	24248.1	
438.982	23953.19	
439.417	23229.96	
439.851	22829.73	
440.286	22689.3	
440.72	23164.43	
441.154	22979.53	
441.589	23721.48	
442.023	23597.43	
442.457	24065.53	
442.891	25046.22	
443.326	24660.03	
443.76	25366.87	
444.194	25338.79	
444.628	24968.98	
445.062	25275.59	
445.495	25238.14	
445.929	25446.45	
446.363	24880.04	
446.797	24470.45	
447.23	24257.46	
447.664	24182.56	
448.098	24418.96	
448.531	25090.69	
448.965	25301.34	
449.398	26136.91	
449.832	25551.77	
450.265	25364.53	
450.698	25907.54	
451.132	26176.7	
451.565	26715.02	
451.998	27152.7	
452.431	26988.86	
452.864	26857.79	
453.297	26740.77	
453.73	25863.07	
454.163	25682.84	
454.596	25184.31	
455.029	25671.14	
455.462	26600.33	
455.895	25942.64	
456.327	26684.59	
456.76	26356.92	
457.193	26867.16	
457.625	26913.97	
458.058	27826.78	
458.49	28028.06	
458.923	27953.16	
459.355	27403.14	
459.787	28184.88	
460.22	28205.94	
460.652	27056.74	
461.084	28344.03	
461.516	27414.84	
461.948	27875.93	
462.381	28170.83	
462.813	29380.89	
463.245	28283.18	
463.676	28917.47	
464.108	29294.29	
464.54	28851.93	
464.972	28734.9	
465.404	28435.31	
465.835	28386.16	
466.267	28444.68	
466.699	28952.57	
467.13	28627.24	
467.562	28201.26	
467.993	28734.9	
468.424	28032.74	
468.856	29284.93	
469.287	29050.88	
469.718	29802.19	
470.15	29633.67	
470.581	30111.14	
471.012	29666.44	
471.443	30256.25	
471.874	29619.63	
472.305	30036.24	
472.736	30593.29	
473.167	31630.15	
473.598	31775.26	
474.028	31826.75	
474.459	31960.16	
474.89	32280.81	
475.32	32762.97	
475.751	33378.53	
476.182	33699.18	
476.612	34204.74	
477.043	33518.96	
477.473	34391.98	
477.903	34225.8	
478.334	35304.79	
478.764	35707.36	
479.194	36327.6	
479.624	36119.29	
480.054	36643.57	
480.484	37249.77	
480.914	38073.64	
481.344	37848.95	
481.774	38466.85	
482.204	38555.79	
482.634	39311.78	
483.064	40070.12	
483.494	39892.24	
483.923	39639.46	
484.353	39566.9	
484.782	40091.18	
485.212	40245.66	
485.642	40011.6	
486.071	40025.65	
486.5	39763.51	
486.93	37469.78	
487.359	35529.48	
487.788	34761.78	
488.217	35789.28	
488.647	36987.63	
489.076	38415.36	
489.505	39014.54	
489.934	39730.74	
490.363	40168.42	
490.792	41132.72	
491.221	41954.25	
491.649	42192.98	
492.078	41844.24	
492.507	41919.14	
492.936	40547.59	
493.364	40381.41	
493.793	40294.81	
494.221	41231.02	
494.65	41366.77	
495.078	41069.53	
495.507	41561.04	
495.935	41940.21	
496.363	42380.23	
496.791	42129.79	
497.22	41680.41	
497.648	41884.03	
498.076	42209.37	
498.504	42204.69	
498.932	41715.51	
499.36	40849.52	
499.788	40617.8	
500.216	40617.8	
500.643	41060.16	
501.071	40706.74	
501.499	40849.52	
501.927	39597.33	
502.354	38998.15	
502.782	38876.44	
503.209	38260.88	
503.637	38668.14	
504.064	39241.57	
504.491	39353.91	
504.919	39386.68	
505.346	39049.64	
505.773	38799.21	
506.2	39171.35	
506.628	40074.8	
507.055	40568.65	
507.482	40835.47	
507.909	40587.38	
508.335	39800.96	
508.762	40093.52	
509.189	39337.53	
509.616	39442.85	
510.043	39534.14	
510.469	39740.1	
510.896	39709.68	
511.323	39714.36	
511.749	39225.18	
512.176	39475.62	
512.602	39583.29	
513.028	39737.76	
513.455	39454.56	
513.881	39517.75	
514.307	39255.61	
514.733	38457.49	
515.16	38015.13	
515.586	38097.05	
516.012	37961.3	
516.438	37844.27	
516.864	38155.56	
517.29	37584.47	
517.715	36776.98	
518.141	34686.89	
518.567	33851.31	
518.993	34321.76	
519.418	34537.09	
519.844	35082.44	
520.269	34787.53	
520.695	36329.94	
521.12	36383.77	
521.546	37282.54	
521.971	37469.78	
522.396	37710.86	
522.822	37958.95	
523.247	37975.34	
523.672	37886.4	
524.097	37249.77	
524.522	37586.81	
524.947	37401.91	
525.372	38480.89	
525.797	38155.56	
526.222	38324.08	
526.647	38169.6	
527.071	37975.34	
527.496	36706.77	
527.921	35632.46	
528.345	34546.45	
528.77	34820.3	
529.194	35180.74	
529.619	36582.72	
530.043	36856.56	
530.468	37104.66	
530.892	37231.05	
531.316	37097.64	
531.74	37411.27	
532.164	37556.38	
532.589	37881.72	
533.013	37078.91	
533.437	36624.85	
533.861	35733.11	
534.284	35524.8	
534.708	35330.53	
535.132	35229.89	
535.556	35236.91	
535.98	35847.79	
536.403	35908.65	
536.827	36343.98	
537.25	36393.14	
537.674	35716.72	
538.097	35265	
538.521	34803.91	
538.944	34487.94	
539.367	35002.86	
539.791	35096.48	
540.214	34668.16	
540.637	34237.5	
541.06	33797.48	
541.483	32954.89	
541.906	33268.52	
542.329	32877.65	
542.752	33092.98	
543.175	33336.4	
543.598	32975.95	
544.02	33352.78	
544.443	33193.62	
544.866	33011.06	
545.288	33371.5	
545.711	33345.76	
546.133	33174.9	
546.556	33057.87	
546.978	33195.96	
547.4	33455.76	
547.823	33184.26	
548.245	32903.4	
548.667	32423.59	
549.089	32477.42	
549.511	32379.12	
549.933	32369.76	
550.355	32940.85	
550.777	32592.11	
551.199	32315.92	
551.621	32070.17	
552.043	32266.77	
552.465	31934.42	
552.886	31819.73	
553.308	31934.42	
553.729	32177.83	
554.151	31550.57	
554.572	31412.48	
554.994	31681.64	
555.415	31698.02	
555.837	31688.66	
556.258	31749.51	
556.679	32198.9	
557.1	31482.69	
557.521	31213.53	
557.942	30974.8	
558.363	30743.08	
558.784	30710.32	
559.205	30310.08	
559.626	30574.56	
560.047	29589.2	
560.468	29322.38	
560.888	29371.53	
561.309	29476.85	
561.73	29495.58	
562.15	30005.81	
562.571	29844.32	
562.991	29446.43	
563.412	29944.96	
563.832	29640.69	
564.252	29746.01	
564.673	29308.33	
565.093	29291.95	
565.513	29219.39	
565.933	29544.73	
566.353	29203.01	
566.773	28798.1	
567.193	28587.45	
567.613	28238.71	
568.033	28273.82	
568.452	28622.56	
568.872	28435.31	
569.292	28849.59	
569.711	28205.94	
570.131	27784.65	
570.551	27761.24	
570.97	28224.67	
571.389	28039.76	
571.809	27768.26	
572.228	27398.46	
572.647	27681.66	
573.067	27370.37	
573.486	27789.33	
573.905	27845.5	
574.324	28306.59	
574.743	28339.35	
575.162	28432.97	
575.581	28252.75	
576	28454.04	
576.419	28142.75	
576.837	27639.53	
577.256	27667.62	
577.675	27435.91	
578.093	28014.02	
578.512	27410.16	
578.93	27372.71	
579.349	27166.74	
579.767	26995.89	
580.185	26619.06	
580.604	26761.83	
581.022	27150.36	
581.44	26822.69	
581.858	26874.18	
582.276	26670.55	
582.694	26780.56	
583.112	26998.23	
583.53	26600.33	
583.948	26897.58	
584.366	26373.3	
584.784	26270.32	
585.201	26513.73	
585.619	26188.4	
586.037	25706.25	
586.454	25832.64	
586.872	25341.13	
587.289	25158.56	
587.707	24816.85	
588.124	24828.55	
588.541	24835.57	
588.958	25128.14	
589.376	25107.07	
589.793	24079.58	
590.21	23234.64	
590.627	22197.79	
591.044	22069.06	
591.461	22427.16	
591.878	23197.2	
592.294	23105.91	
592.711	22991.23	
593.128	23637.22	
593.545	23372.74	
593.961	23396.14	
594.378	23286.14	
594.794	23798.71	
595.211	23541.25	
595.627	23499.12	
596.043	23318.9	
596.46	23740.2	
596.876	23468.7	
597.292	23475.72	
597.708	23889.99	
598.124	23878.29	
598.54	24140.43	
598.956	23644.24	
599.372	23625.51	
599.788	23531.89	
600.204	23471.04	
600.62	23976.59	
601.035	24046.81	
601.451	23854.89	
601.867	23873.61	
602.282	24119.37	
602.698	23552.96	
603.113	23597.43	
603.529	23534.23	
603.944	23730.84	
604.359	23833.82	
604.774	23911.06	
605.19	23728.5	
605.605	23695.73	
606.02	23831.48	
606.435	23602.11	
606.85	23389.12	
607.265	23105.91	
607.68	23239.33	
608.094	23002.93	
608.509	23014.63	
608.924	22565.25	
609.338	22747.81	
609.753	22242.26	
610.168	22359.28	
610.582	21750.74	
610.997	21928.63	
611.411	21696.91	
611.825	21565.84	
612.24	21418.39	
612.654	21390.3	
613.068	21217.1	
613.482	21242.85	
613.896	21069.65	
614.31	20662.4	
614.724	20788.78	
615.138	20351.1	
615.552	20294.93	
615.966	19782.35	
616.379	19967.26	
616.793	19735.54	
617.207	19613.84	
617.62	19145.73	
618.034	19054.45	
618.447	18925.72	
618.861	19134.03	
619.274	19279.14	
619.687	19105.94	
620.101	18984.23	
620.514	19131.69	
620.927	19066.15	
621.34	18909.33	
621.753	19089.56	
622.166	19075.51	
622.579	19300.2	
622.992	18715.07	
623.405	18284.41	
623.817	18253.98	
624.23	18069.08	
624.643	17877.16	
625.055	17617.36	
625.468	17640.76	
625.88	17540.12	
626.293	17200.74	
626.705	16940.94	
627.118	17076.69	
627.53	16924.56	
627.942	17221.81	
628.354	16957.33	
628.766	16852	
629.179	16442.41	
629.591	16379.22	
630.003	16168.57	
630.414	16404.96	
630.826	15997.71	
631.238	15805.78	
631.65	15971.96	
632.061	15824.51	
632.473	15838.55	
632.885	15812.81	
633.296	15562.37	
633.708	15660.67	
634.119	15618.54	
634.53	15859.62	
634.942	15702.8	
635.353	15567.05	
635.764	15648.97	
636.175	15576.41	
636.586	15379.81	
636.998	15562.37	
637.408	15166.82	
637.819	15190.22	
638.23	15134.05	
638.641	14956.17	
639.052	15225.33	
639.463	14878.93	
639.873	14895.32	
640.284	15073.2	
640.694	14876.59	
641.105	14584.02	
641.515	14602.75	
641.926	14588.71	
642.336	14495.08	
642.746	14616.79	
643.157	14436.57	
643.567	14211.88	
643.977	14097.19	
644.387	14396.78	
644.797	14059.74	
645.207	14069.11	
645.617	14457.64	
646.026	14132.3	
646.436	13757.82	
646.846	13921.65	
647.256	14066.77	
647.665	13760.16	
648.075	13345.88	
648.484	13327.16	
648.894	13226.51	
649.303	13013.52	
649.713	13350.56	
650.122	13102.47	
650.531	13065.02	
650.94	12985.44	
651.349	12889.48	
651.758	12627.34	
652.167	13032.25	
652.576	12966.71	
652.985	12889.48	
653.394	12709.26	
653.803	12802.88	
654.212	12809.9	
654.62	12814.58	
655.029	12751.38	
655.437	12582.87	
655.846	12582.87	
656.254	12248.17	
656.663	11880.71	
657.071	11428.98	
657.479	10890.66	
657.888	10890.66	
658.296	11026.41	
658.704	11260.46	
659.112	11337.7	
659.52	11756.66	
659.928	11911.13	
660.336	11609.2	
660.744	11927.52	
661.152	11939.22	
661.559	12203.7	
661.967	12060.93	
662.375	11691.12	
662.782	11971.99	
663.19	11943.9	
663.597	11974.33	
664.005	11906.45	
664.412	11833.89	
664.819	11538.99	
665.226	11824.53	
665.634	11555.37	
666.041	11585.8	
666.448	11499.2	
666.855	11384.51	
667.262	11508.56	
667.669	11400.9	
668.075	11627.93	
668.482	11049.82	
668.889	11176.2	
669.296	11087.26	
669.702	11258.12	
670.109	11162.16	
670.515	11204.29	
670.922	10897.68	
671.328	11138.76	
671.734	10916.4	
672.141	11054.5	
672.547	10715.12	
672.953	10628.52	
673.359	10612.14	
673.765	10848.53	
674.171	10790.02	
674.577	10757.25	
674.983	10694.05	
675.389	10579.37	
675.795	10448.3	
676.201	10340.63	
676.606	10342.97	
677.012	10319.57	
677.417	10207.22	
677.823	10263.4	
678.228	10317.23	
678.634	9928.7	
679.039	10314.89	
679.444	9931.04	
679.849	9996.57	
680.255	9977.85	
680.66	9891.25	
681.065	9741.46	
681.47	9774.22	
681.875	9652.52	
682.28	9783.59	
682.684	9381.01	
683.089	9479.32	
683.494	9509.74	
683.899	9472.29	
684.303	9519.11	
684.708	9383.35	
685.112	9142.28	
685.517	9217.18	
685.921	9128.24	
686.325	9235.9	
686.729	9079.08	
687.134	8894.18	
687.538	8440.12	
687.942	8105.42	
688.346	7344.75	
688.75	7311.98	
689.154	7127.08	
689.558	7171.55	
689.961	7293.26	
690.365	7307.3	
690.769	7150.48	
691.173	7178.57	
691.576	7407.94	
691.98	7637.31	
692.383	7606.89	
692.786	7728.6	
693.19	7705.19	
693.593	7487.52	
693.996	7677.1	
694.399	7611.57	
694.803	7639.65	
695.206	7791.79	
695.609	7667.74	
696.012	7642	
696.414	7361.13	
696.817	7520.29	
697.22	7712.21	
697.623	7618.59	
698.025	7562.42	
698.428	7721.57	
698.831	7557.74	
699.233	7578.8	
699.636	7691.15	
700.038	7606.89	
700.44	7597.53	
700.842	7389.22	
701.245	7349.43	
701.647	7382.2	
702.049	7316.66	
702.451	7330.7	
702.853	7506.24	
703.255	7155.16	
703.657	7213.68	
704.058	7227.72	
704.46	7042.82	
704.862	7049.84	
705.264	7201.97	
705.665	7143.46	
706.067	7253.47	
706.468	7309.64	
706.869	7290.92	
707.271	7127.08	
707.672	6925.79	
708.073	7152.82	
708.474	7096.65	
708.876	6998.35	
709.277	6949.2	
709.678	7035.8	
710.079	7019.41	
710.479	6705.78	
710.88	6839.19	
711.281	6874.3	
711.682	6825.15	
712.082	7017.07	
712.483	6804.08	
712.883	6783.02	
713.284	6780.68	
713.684	6710.46	
714.085	6497.47	
714.485	6628.54	
714.885	6586.41	
715.285	6598.12	
715.686	6586.41	
716.086	6523.22	
716.486	6509.18	
716.886	6520.88	
717.285	6254.06	
717.685	6319.59	
718.085	5973.19	
718.485	5774.25	
718.884	5617.43	
719.284	5563.6	
719.684	5395.08	
720.083	5362.31	
720.483	5083.79	
720.882	5132.94	
721.281	4978.47	
721.68	5044	
722.08	5256.99	
722.479	5254.65	
722.878	5465.3	
723.277	5495.72	
723.676	5579.98	
724.075	5472.32	
724.474	5268.69	
724.872	5205.5	
725.271	5128.26	
725.67	5189.11	
726.068	5088.47	
726.467	5036.98	
726.865	5081.45	
727.264	5041.66	
727.662	5076.77	
728.061	4924.63	
728.459	4950.38	
728.857	4919.95	
729.255	4915.27	
729.653	4842.71	
730.051	5048.68	
730.449	4770.16	
730.847	5013.57	
731.245	4931.66	
731.643	4955.06	
732.041	4894.21	
732.438	4924.63	
732.836	4999.53	
733.233	5013.57	
733.631	5011.23	
734.028	5093.15	
734.426	5146.98	
734.823	5221.88	
735.22	5219.54	
735.617	5315.5	
736.015	5161.03	
736.412	5196.14	
736.809	5238.27	
737.206	5261.67	
737.603	5247.63	
737.999	5086.13	
738.396	5296.78	
738.793	5069.75	
739.19	5072.09	
739.586	5079.11	
739.983	4987.83	
740.379	4807.61	
740.776	4934	
741.172	4919.95	
741.568	5008.89	
741.965	4887.18	
742.361	4934	
742.757	5029.96	
743.153	5027.62	
743.549	4931.66	
743.945	4884.84	
744.341	4842.71	
744.737	4959.74	
745.133	4922.29	
745.528	4756.11	
745.924	4831.01	
746.32	4613.34	
746.715	4891.87	
747.111	4770.16	
747.506	4786.54	
747.901	4697.6	
748.297	4559.51	
748.692	4699.94	
749.087	4568.87	
749.482	4697.6	
749.877	4615.68	
750.272	4519.72	
750.667	4486.95	
751.062	4426.1	
751.457	4409.72	
751.852	4346.52	
752.247	4358.22	
752.641	4266.94	
753.036	4390.99	
753.43	4355.88	
753.825	4355.88	
754.219	4362.9	
754.614	4376.95	
755.008	4299.71	
755.402	4304.39	
755.796	4210.77	
756.19	4369.93	
756.584	4259.92	
756.978	4220.13	
757.372	4222.47	
757.766	4049.27	
758.16	4180.34	
758.554	4271.62	
758.948	4189.71	
759.341	4229.49	
759.735	4086.72	
760.128	3890.12	
760.522	3429.03	
760.915	2771.34	
761.308	2279.83	
761.702	1919.39	
762.095	1699.38	
762.488	1757.89	
762.881	1818.74	
763.274	1980.24	
763.667	1987.26	
764.06	1905.34	
764.453	1900.66	
764.846	1907.68	
765.239	1989.6	
765.631	2034.07	
766.024	2233.02	
766.416	2375.79	
766.809	2574.74	
767.201	2790.06	
767.594	2876.66	
767.986	3005.39	
768.378	3103.7	
768.77	3138.8	
769.163	3368.18	
769.555	3452.44	
769.947	3532.01	
770.339	3454.78	
770.73	3443.07	
771.122	3510.95	
771.514	3426.69	
771.906	3457.12	
772.297	3574.14	
772.689	3618.61	
773.081	3499.25	
773.472	3574.14	
773.863	3550.74	
774.255	3370.52	
774.646	3492.23	
775.037	3314.34	
775.428	3454.78	
775.82	3396.26	
776.211	3274.56	
776.602	3269.87	
776.993	3293.28	
777.383	3138.8	
777.774	3272.22	
778.165	3258.17	
778.556	3110.72	
778.946	3113.06	
779.337	3260.51	
779.727	3136.46	
780.118	3091.99	
780.508	2946.88	
780.898	3094.33	
781.289	3012.42	
781.679	3115.4	
782.069	3063.91	
782.459	3075.61	
782.849	2888.37	
783.239	3103.7	
783.629	2874.32	
784.019	2895.39	
784.408	3010.08	
784.798	2860.28	
785.188	2752.62	
785.577	2783.04	
785.967	2694.1	
786.356	2813.47	
786.746	2738.57	
787.135	2783.04	
787.524	2698.78	
787.914	2743.25	
788.303	2743.25	
788.692	2794.75	
789.081	2647.29	
789.47	2609.84	
789.859	2628.57	
790.248	2801.77	
790.636	2644.95	
791.025	2565.37	
791.414	2499.84	
791.802	2570.05	
792.191	2469.41	
792.579	2495.16	
792.968	2492.82	
793.356	2422.6	
793.744	2406.22	
794.133	2429.62	
794.521	2359.41	
794.909	2347.7	
795.297	2279.83	
795.685	2422.6	
796.073	2317.28	
796.461	2300.89	
796.848	2331.32	
797.236	2326.64	
797.624	2364.09	
798.011	2392.17	
798.399	2275.15	
798.787	2375.79	
799.174	2247.06	
799.561	2261.1	
799.949	2218.97	
800.336	2249.4	
800.723	2261.1	
801.11	2160.46	
801.497	2111.31	
801.884	2193.23	
802.271	2207.27	
802.658	2111.31	
803.045	2130.03	
803.432	2036.41	
803.818	2099.61	
804.205	2111.31	
804.591	2059.82	
804.978	2162.8	
805.364	2055.14	
805.751	2071.52	
806.137	2022.37	
806.523	2094.93	
806.91	2001.3	
807.296	2069.18	
807.682	1963.86	
808.068	2038.75	
808.454	1998.96	
808.84	1900.66	
809.225	1940.45	
809.611	1970.88	
809.997	1933.43	
810.382	2055.14	
810.768	1921.73	
811.153	1912.36	
811.539	1952.15	
811.924	1863.21	
812.31	1952.15	
812.695	1790.66	
813.08	1898.32	
813.465	1816.4	
813.85	1781.29	
814.235	1872.57	
814.62	1781.29	
815.005	1666.61	
815.39	1617.46	
815.775	1659.59	
816.159	1687.67	
816.544	1584.69	
816.929	1608.09	
817.313	1530.86	
817.697	1570.65	
818.082	1556.6	
818.466	1608.09	
818.85	1530.86	
819.235	1624.48	
819.619	1427.87	
820.003	1500.43	
820.387	1460.64	
820.771	1521.49	
821.155	1493.41	
821.538	1577.67	
821.922	1617.46	
822.306	1537.88	
822.689	1577.67	
823.073	1498.09	
823.457	1404.47	
823.84	1418.51	
824.223	1444.26	
824.607	1432.55	
824.99	1411.49	
825.373	1551.92	
825.756	1484.05	
826.139	1542.56	
826.522	1495.75	
826.905	1526.18	
827.288	1488.73	
827.671	1381.06	
828.054	1423.19	
828.436	1418.51	
828.819	1420.85	
829.201	1388.08	
829.584	1352.98	
829.966	1374.04	
830.349	1479.36	
830.731	1418.51	
831.113	1453.62	
831.495	1437.24	
831.878	1395.11	
832.26	1444.26	
832.642	1301.48	
833.024	1341.27	
833.405	1367.02	
833.787	1374.04	
834.169	1364.68	
834.551	1360	
834.932	1397.45	
835.314	1402.13	
835.695	1390.42	
836.077	1376.38	
836.458	1350.64	
836.839	1486.39	
837.22	1441.92	
837.602	1385.74	
837.983	1416.17	
838.364	1228.93	
838.745	1404.47	
839.126	1313.19	
839.506	1439.58	
839.887	1383.4	
840.268	1345.95	
840.649	1378.72	
841.029	1364.68	
841.41	1413.83	
841.79	1310.85	
842.171	1399.79	
842.551	1374.04	
842.931	1254.67	
843.311	1317.87	
843.691	1397.45	
844.072	1427.87	
844.452	1357.66	
844.832	1271.06	
845.211	1292.12	
845.591	1350.64	
845.971	1254.67	
846.351	1252.33	
846.73	1282.76	
847.11	1313.19	
847.489	1247.65	
847.869	1261.7	
848.248	1212.54	
848.627	1327.23	
849.007	1289.78	
849.386	1247.65	
849.765	1278.08	
850.144	1189.14	
850.523	1226.59	
850.902	1184.46	
851.281	1144.67	
851.66	1114.24	
852.038	1233.61	
852.417	1158.71	
852.796	1193.82	
853.174	1149.35	
853.553	1149.35	
853.931	1189.14	
854.309	1193.82	
854.688	1081.47	
855.066	1104.88	
855.444	1029.98	
855.822	1037	
856.2	1025.3	
856.578	1072.11	
856.956	1149.35	
857.334	1135.31	
857.712	1081.47	
858.089	1048.71	
858.467	1072.11	
858.844	1095.52	
859.222	1107.22	
859.599	1179.78	
859.977	1032.32	
860.354	1123.6	
860.731	1130.63	
861.109	1055.73	
861.486	1135.31	
861.863	1060.41	
862.24	1083.81	
862.617	1114.24	
862.993	1151.69	
863.37	1097.86	
863.747	1055.73	
864.124	992.53	
864.5	1037	
864.877	943.38	
865.253	1051.05	
865.63	1025.3	
866.006	966.79	
866.382	987.85	
866.758	941.04	
867.135	934.02	
867.511	927	
867.887	980.83	
868.263	1011.26	
868.639	917.64	
869.014	1006.58	
869.39	943.38	
869.766	992.53	
870.141	915.3	
870.517	976.15	
870.892	927	
871.268	927	
871.643	962.11	
872.019	969.13	
872.394	948.06	
872.769	924.66	
873.144	919.98	
873.519	936.36	
873.894	908.27	
874.269	831.04	
874.644	894.23	
875.019	882.53	
875.393	896.57	
875.768	840.4	
876.143	842.74	
876.517	894.23	
876.891	854.44	
877.266	917.64	
877.64	950.4	
878.014	929.34	
878.389	908.27	
878.763	896.57	
879.137	807.63	
879.511	838.06	
879.885	812.31	
880.259	793.59	
880.632	795.93	
881.006	826.36	
881.38	809.97	
881.753	927	
882.127	866.14	
882.5	868.49	
882.874	821.67	
883.247	870.83	
883.62	816.99	
883.994	842.74	
884.367	898.91	
884.74	842.74	
885.113	812.31	
885.486	901.25	
885.859	891.89	
886.231	919.98	
886.604	929.34	
886.977	889.55	
887.349	863.8	
887.722	952.74	
888.094	919.98	
888.467	868.49	
888.839	924.66	
889.211	896.57	
889.584	852.1	
889.956	919.98	
890.328	941.04	
890.7	898.91	
891.072	950.4	
891.444	943.38	
891.816	943.38	
892.187	828.7	
892.559	863.8	
892.931	842.74	
893.302	847.42	
893.674	898.91	
894.045	814.65	
894.416	831.04	
894.788	845.08	
895.159	870.83	
895.53	826.36	
895.901	802.95	
896.272	833.38	
896.643	793.59	
897.014	760.82	
897.385	765.5	
897.756	669.54	
898.126	728.05	
898.497	711.67	
898.867	648.47	
899.238	697.63	
899.608	664.86	
899.979	706.99	
900.349	732.73	
900.719	643.79	
901.089	604	
901.459	582.94	
901.829	674.22	
902.199	582.94	
902.569	608.69	
902.939	599.32	
903.309	573.58	
903.679	625.07	
904.048	653.16	
904.418	592.3	
904.787	606.35	
905.157	531.45	
905.526	650.82	
905.895	655.5	
906.265	615.71	
906.634	594.64	
907.003	716.35	
907.372	646.13	
907.741	582.94	
908.11	650.82	
908.478	594.64	
908.847	575.92	
909.216	582.94	
909.585	526.77	
909.953	435.49	
910.322	632.09	
910.69	580.6	
911.058	582.94	
911.427	554.85	
911.795	585.28	
912.163	622.73	
912.531	508.04	
912.899	564.22	
913.267	545.49	
913.635	566.56	
914.003	519.75	
914.37	592.3	
914.738	517.4	
915.106	522.09	
915.473	501.02	
915.841	566.56	
916.208	536.13	
916.575	531.45	
916.943	501.02	
917.31	538.47	
917.677	585.28	
918.044	517.4	
918.411	650.82	
918.778	449.53	
919.145	491.66	
919.512	529.11	
919.879	578.26	
920.245	398.04	
920.612	508.04	
920.978	547.83	
921.345	501.02	
921.711	510.38	
922.078	529.11	
922.444	470.59	
922.81	501.02	
923.176	561.87	
923.542	538.47	
923.908	538.47	
924.274	494	
924.64	533.79	
925.006	508.04	
925.371	510.38	
925.737	458.89	
926.103	491.66	
926.468	498.68	
926.834	550.17	
927.199	501.02	
927.564	470.59	
927.93	491.66	
928.295	536.13	
928.66	538.47	
929.025	477.62	
929.39	517.4	
929.755	463.57	
930.12	489.32	
930.484	491.66	
930.849	517.4	
931.214	456.55	
931.578	491.66	
931.943	451.87	
932.307	398.04	
932.672	475.28	
933.036	426.12	
933.4	421.44	
933.764	414.42	
934.128	416.76	
934.492	435.49	
934.856	388.68	
935.22	470.59	
935.584	479.96	
935.948	421.44	
936.311	313.78	
936.675	341.86	
937.039	344.21	
937.402	433.15	
937.765	405.06	
938.129	346.55	
938.492	407.4	
938.855	332.5	
939.218	381.65	
939.581	405.06	
939.944	414.42	
940.307	402.72	
940.67	412.08	
941.033	407.4	
941.396	391.02	
941.758	316.12	
942.121	423.78	
942.483	353.57	
942.846	369.95	
943.208	369.95	
943.571	369.95	
943.933	437.83	
944.295	388.68	
944.657	435.49	
945.019	388.68	
945.381	388.68	
945.743	454.21	
946.105	304.42	
946.467	332.5	
946.828	360.59	
947.19	341.86	
947.551	416.76	
947.913	426.12	
948.274	388.68	
948.636	327.82	
948.997	398.04	
949.358	379.31	
949.719	369.95	
950.08	313.78	
950.441	358.25	
950.802	402.72	
951.163	332.5	
951.524	309.1	
951.885	393.36	
952.245	470.59	
952.606	386.33	
952.966	374.63	
953.327	376.97	
953.687	330.16	
954.047	395.7	
954.408	348.89	
954.768	395.7	
955.128	330.16	
955.488	376.97	
955.848	386.33	
956.208	386.33	
956.568	353.57	
956.927	414.42	
957.287	442.51	
957.647	353.57	
958.006	358.25	
958.366	323.14	
958.725	362.93	
959.084	405.06	
959.444	393.36	
959.803	386.33	
960.162	398.04	
960.521	318.46	
960.88	423.78	
961.239	470.59	
961.598	386.33	
961.957	393.36	
962.315	414.42	
962.674	358.25	
963.033	442.51	
963.391	423.78	
963.75	348.89	
964.108	376.97	
964.466	391.02	
964.824	367.61	
965.183	358.25	
965.541	386.33	
965.899	367.61	
966.257	351.23	
966.614	311.44	
966.972	395.7	
967.33	372.29	
967.688	381.65	
968.045	435.49	
968.403	395.7	
968.76	348.89	
969.118	369.95	
969.475	393.36	
969.832	393.36	
970.189	339.52	
970.546	405.06	
970.903	374.63	
971.26	386.33	
971.617	367.61	
971.974	386.33	
972.331	391.02	
972.688	367.61	
973.044	358.25	
973.401	494	
973.757	311.44	
974.114	407.4	
974.47	386.33	
974.826	405.06	
975.182	374.63	
975.538	372.29	
975.895	379.31	
976.251	381.65	
976.606	362.93	
976.962	376.97	
977.318	281.01	
977.674	449.53	
978.029	369.95	
978.385	309.1	
978.74	339.52	
979.096	386.33	
979.451	283.35	
979.806	365.27	
980.162	325.48	
980.517	414.42	
980.872	348.89	
981.227	348.89	
981.582	330.16	
981.937	388.68	
982.291	334.84	
982.646	386.33	
983.001	334.84	
983.355	334.84	
983.71	304.42	
984.064	360.59	
984.419	414.42	
984.773	360.59	
985.127	360.59	
985.481	360.59	
985.835	360.59	
986.189	348.89	
986.543	318.46	
986.897	369.95	
987.251	440.17	
987.605	327.82	
987.958	372.29	
988.312	405.06	
988.665	402.72	
989.019	391.02	
989.372	367.61	
989.725	285.69	
990.079	306.76	
990.432	395.7	
990.785	327.82	
991.138	330.16	
991.491	341.86	
991.844	458.89	
992.197	362.93	
992.549	302.08	
992.902	348.89	
993.254	369.95	
993.607	395.7	
993.959	407.4	
994.312	362.93	
994.664	330.16	
995.016	421.44	
995.368	339.52	
995.721	393.36	
996.073	402.72	
996.425	414.42	
996.776	358.25	
997.128	395.7	
997.48	391.02	
997.832	311.44	
998.183	395.7	
998.535	372.29	
998.886	344.21	
999.237	313.78	
999.589	376.97	
999.94	362.93	
1000.291	398.04	
1000.642	365.27	
1000.993	318.46	
1001.344	339.52	
1001.695	295.05	
1002.046	374.63	
1002.397	348.89	
1002.747	316.12	
1003.098	325.48	
1003.448	346.55	
1003.799	386.33	
1004.149	320.8	
1004.499	365.27	
1004.85	290.37	
1005.2	325.48	
1005.55	330.16	
1005.9	376.97	
1006.25	339.52	
1006.6	306.76	
1006.949	341.86	
1007.299	288.03	
1007.649	330.16	
1007.998	339.52	
1008.348	412.08	
1008.697	295.05	
1009.047	369.95	
1009.396	391.02	
1009.745	302.08	
1010.094	311.44	
1010.443	365.27	
1010.792	341.86	
1011.141	374.63	
1011.49	353.57	
1011.839	316.12	
1012.188	283.35	
1012.536	299.73	
1012.885	409.74	
1013.233	346.55	
1013.582	271.65	
1013.93	334.84	
1014.278	334.84	
1014.627	332.5	
1014.975	381.65	
1015.323	325.48	
1015.671	341.86	
1016.019	323.14	
1016.367	351.23	
1016.714	426.12	
1017.062	332.5	
1017.41	332.5	
1017.757	341.86	
1018.105	407.4	
1018.452	341.86	
1018.8	281.01	
1019.147	351.23	
1019.494	346.55	
1019.841	309.1	
1020.188	295.05	
1020.535	405.06	
1020.882	318.46	
1021.229	386.33	
1021.576	367.61	
1021.922	351.23	
1022.269	391.02	
1022.615	320.8	
1022.962	358.25	
1023.308	358.25	
1023.655	358.25	
