FLMS05814_1:101		
188.012	-24.14	
188.47	-24.14	
188.927	-24.14	
189.385	-129.46	
189.842	-106.06	
190.3	-94.35	
190.757	-120.1	
191.215	-77.97	
191.672	-96.69	
192.129	-14.77	
192.586	-12.43	
193.044	-73.29	
193.501	-80.31	
193.958	-0.73	
194.415	-14.77	
194.872	97.57	
195.329	62.46	
195.787	46.08	
196.244	137.36	
196.7	60.12	
197.157	181.83	
197.614	92.89	
198.071	198.21	
198.528	233.32	
198.985	317.58	
199.441	406.52	
199.898	277.79	
200.355	357.37	
200.812	366.73	
201.268	348.01	
201.725	359.71	
202.181	434.61	
202.638	413.54	
203.094	380.78	
203.551	479.08	
204.007	415.88	
204.463	472.06	
204.92	497.8	
205.376	518.87	
205.832	436.95	
206.288	448.65	
206.744	467.38	
207.201	436.95	
207.657	490.78	
208.113	500.14	
208.569	427.59	
209.025	422.91	
209.481	453.33	
209.937	406.52	
210.392	420.57	
210.848	462.69	
211.304	418.22	
211.76	462.69	
212.215	387.8	
212.671	460.35	
213.127	411.2	
213.582	472.06	
214.038	472.06	
214.494	373.75	
214.949	450.99	
215.404	441.63	
215.86	448.65	
216.315	392.48	
216.771	371.41	
217.226	488.44	
217.681	455.67	
218.136	399.5	
218.592	469.72	
219.047	462.69	
219.502	422.91	
219.957	448.65	
220.412	439.29	
220.867	469.72	
221.322	448.65	
221.777	371.41	
222.232	460.35	
222.687	390.14	
223.142	390.14	
223.596	385.46	
224.051	472.06	
224.506	432.27	
224.96	387.8	
225.415	387.8	
225.87	432.27	
226.324	504.82	
226.779	474.4	
227.233	411.2	
227.688	415.88	
228.142	432.27	
228.597	394.82	
229.051	532.91	
229.505	493.12	
229.959	448.65	
230.414	455.67	
230.868	432.27	
231.322	394.82	
231.776	397.16	
232.23	469.72	
232.684	500.14	
233.138	497.8	
233.592	394.82	
234.046	401.84	
234.5	493.12	
234.954	415.88	
235.408	422.91	
235.861	432.27	
236.315	539.93	
236.769	458.01	
237.222	486.1	
237.676	455.67	
238.13	436.95	
238.583	429.93	
239.037	493.12	
239.49	465.04	
239.944	364.39	
240.397	443.97	
240.85	474.4	
241.304	420.57	
241.757	458.01	
242.21	516.53	
242.663	453.33	
243.117	472.06	
243.57	450.99	
244.023	436.95	
244.476	455.67	
244.929	490.78	
245.382	411.2	
245.835	465.04	
246.288	439.29	
246.741	467.38	
247.193	420.57	
247.646	544.61	
248.099	509.51	
248.552	432.27	
249.004	479.08	
249.457	460.35	
249.909	479.08	
250.362	439.29	
250.814	507.16	
251.267	516.53	
251.719	427.59	
252.172	493.12	
252.624	493.12	
253.076	455.67	
253.529	460.35	
253.981	495.46	
254.433	476.74	
254.885	509.51	
255.337	509.51	
255.79	507.16	
256.242	408.86	
256.694	460.35	
257.146	443.97	
257.598	476.74	
258.049	474.4	
258.501	523.55	
258.953	497.8	
259.405	434.61	
259.857	432.27	
260.308	486.1	
260.76	497.8	
261.212	516.53	
261.663	443.97	
262.115	502.48	
262.566	446.31	
263.018	479.08	
263.469	521.21	
263.92	509.51	
264.372	481.42	
264.823	500.14	
265.274	446.31	
265.726	467.38	
266.177	495.46	
266.628	490.78	
267.079	518.87	
267.53	556.32	
267.981	436.95	
268.432	446.31	
268.883	476.74	
269.334	476.74	
269.785	486.1	
270.236	523.55	
270.687	415.88	
271.137	460.35	
271.588	474.4	
272.039	521.21	
272.489	455.67	
272.94	575.04	
273.391	563.34	
273.841	411.2	
274.292	462.69	
274.742	532.91	
275.192	458.01	
275.643	474.4	
276.093	539.93	
276.543	504.82	
276.994	511.85	
277.444	511.85	
277.894	495.46	
278.344	523.55	
278.794	539.93	
279.244	500.14	
279.694	565.68	
280.144	525.89	
280.594	549.29	
281.044	514.19	
281.494	443.97	
281.944	551.64	
282.394	474.4	
282.843	486.1	
283.293	521.21	
283.743	556.32	
284.192	516.53	
284.642	495.46	
285.091	544.61	
285.541	551.64	
285.99	509.51	
286.44	507.16	
286.889	516.53	
287.338	535.25	
287.788	544.61	
288.237	584.4	
288.686	516.53	
289.135	521.21	
289.584	511.85	
290.034	483.76	
290.483	579.72	
290.932	558.66	
291.381	546.95	
291.83	509.51	
292.278	556.32	
292.727	539.93	
293.176	472.06	
293.625	532.91	
294.074	467.38	
294.522	518.87	
294.971	518.87	
295.42	617.17	
295.868	549.29	
296.317	479.08	
296.765	504.82	
297.214	556.32	
297.662	610.15	
298.11	575.04	
298.559	582.06	
299.007	568.02	
299.455	561	
299.903	521.21	
300.352	500.14	
300.8	591.42	
301.248	532.91	
301.696	530.57	
302.144	551.64	
302.592	663.98	
303.04	656.96	
303.488	614.83	
303.936	528.23	
304.383	713.13	
304.831	773.99	
305.279	731.86	
305.727	823.14	
306.174	893.35	
306.622	1003.36	
307.069	1029.1	
307.517	1078.26	
307.964	1270.18	
308.412	1408.27	
308.859	1579.13	
309.306	1672.75	
309.754	1850.63	
310.201	1862.34	
310.648	2105.75	
311.096	2035.53	
311.543	2227.46	
311.99	2667.48	
312.437	3072.39	
312.884	3236.23	
313.331	3477.3	
313.778	3694.97	
314.225	3868.17	
314.672	4223.94	
315.118	4497.78	
315.565	4614.81	
316.012	5008.02	
316.459	5075.89	
316.905	5047.8	
317.352	4993.97	
317.798	5202.28	
318.245	5764.01	
318.691	6222.75	
319.138	6377.23	
319.584	6374.89	
320.031	6754.05	
320.477	7156.63	
320.923	7769.85	
321.37	8109.22	
321.816	8549.25	
322.262	9375.45	
322.708	9384.82	
323.154	9359.07	
323.6	9546.31	
324.046	9330.98	
324.492	9422.27	
324.938	9876.33	
325.384	11177.67	
325.83	11252.56	
326.276	11921.96	
326.721	12694.33	
327.167	13815.45	
327.613	14910.82	
328.058	15528.72	
328.504	15484.25	
328.949	15275.95	
329.395	15077	
329.84	14725.92	
330.286	15676.18	
330.731	17227.95	
331.177	18026.07	
331.622	17623.5	
332.067	16895.6	
332.512	16331.53	
332.957	16502.39	
333.403	16326.85	
333.848	16776.23	
334.293	16354.93	
334.738	16013.21	
335.183	15807.25	
335.628	16006.19	
336.072	16483.66	
336.517	17021.98	
336.962	16668.56	
337.407	16345.57	
337.852	15086.36	
338.296	14842.95	
338.741	15065.3	
339.185	15699.58	
339.63	16310.46	
340.074	16785.59	
340.519	16771.55	
340.963	17476.05	
341.408	17845.85	
341.852	18328	
342.296	17630.52	
342.741	17871.6	
343.185	17483.07	
343.629	18000.33	
344.073	18129.06	
344.517	18505.88	
344.961	17541.58	
345.405	16031.94	
345.849	15605.96	
346.293	16303.44	
346.737	17000.92	
347.181	17005.6	
347.624	17258.38	
348.068	17387.11	
348.512	17384.77	
348.955	17663.29	
349.399	16734.1	
349.843	17337.96	
350.286	16942.41	
350.73	16596.01	
351.173	17581.37	
351.617	18208.64	
352.06	19105.06	
352.503	18751.64	
352.946	18236.72	
353.39	17813.09	
353.833	17803.72	
354.276	17665.63	
354.719	18557.38	
355.162	19484.23	
355.605	20179.37	
356.048	20380.65	
356.491	20312.78	
356.934	19957.02	
357.377	19615.3	
357.82	18423.97	
358.262	16970.49	
358.705	16588.99	
359.148	15451.49	
359.59	14644	
360.033	14353.77	
360.475	16036.62	
360.918	18445.03	
361.36	19243.15	
361.803	18791.43	
362.245	17995.65	
362.688	17359.02	
363.13	17115.61	
363.572	18203.96	
364.014	18669.72	
364.456	19151.87	
364.899	18983.35	
365.341	19329.75	
365.783	19275.92	
366.225	19676.15	
366.667	20418.1	
367.108	22047.12	
367.55	22772.68	
367.992	22601.82	
368.434	22917.79	
368.876	22456.71	
369.317	22063.5	
369.759	21307.51	
370.201	21604.75	
370.642	22292.87	
371.084	23240.79	
371.525	22655.65	
371.966	21749.87	
372.408	21883.28	
372.849	21806.04	
373.29	21171.75	
373.732	20485.98	
374.173	19947.65	
374.614	18648.66	
375.055	17962.88	
375.496	17305.19	
375.937	17293.49	
376.378	17632.86	
376.819	18988.03	
377.26	19940.63	
377.701	20052.98	
378.142	20851.1	
378.583	21494.75	
379.023	23917.2	
379.464	24071.68	
379.905	24455.53	
380.345	22746.94	
380.786	21155.37	
381.226	20703.65	
381.667	21422.19	
382.107	22124.35	
382.548	21391.77	
382.988	20095.11	
383.428	17838.83	
383.868	16184.07	
384.309	14995.08	
384.749	13759.28	
385.189	14239.09	
385.629	15474.89	
386.069	17356.68	
386.509	18297.58	
386.949	18096.29	
387.389	18271.83	
387.829	18491.84	
388.268	18632.27	
388.708	18222.68	
389.148	18463.75	
389.588	18208.64	
390.027	18669.72	
390.467	19282.94	
390.906	20984.51	
391.346	21501.77	
391.785	22082.22	
392.225	23009.08	
392.664	23474.84	
393.103	23774.43	
393.543	21808.38	
393.982	19023.14	
394.421	15006.78	
394.86	13298.19	
395.299	13635.23	
395.738	16425.15	
396.177	19123.79	
396.616	21066.43	
397.055	21518.15	
397.494	19898.5	
397.933	16448.55	
398.372	14651.02	
398.81	16170.03	
399.249	19950	
399.688	23353.13	
400.126	25415.15	
400.565	26828.83	
401.004	28036.55	
401.442	28799.56	
401.88	29518.11	
402.319	29564.92	
402.757	30145.37	
403.195	30632.2	
403.634	30601.77	
404.072	30545.6	
404.51	30334.95	
404.948	30723.48	
405.386	30414.53	
405.824	29836.42	
406.262	29897.27	
406.7	29408.1	
407.138	29527.47	
407.576	28825.31	
408.014	28532.74	
408.452	28998.51	
408.889	29829.4	
409.327	29852.8	
409.765	30704.76	
410.202	31619.91	
410.64	31437.34	
411.077	30330.27	
411.515	29195.11	
411.952	29204.47	
412.389	30781.99	
412.827	31495.86	
413.264	32350.15	
413.701	32537.4	
414.138	31821.19	
414.575	31655.01	
415.013	31626.93	
415.45	31849.28	
415.887	31502.88	
416.324	31435	
416.76	30906.04	
417.197	31481.81	
417.634	31893.75	
418.071	31463.09	
418.508	30341.97	
418.944	29960.47	
419.381	29611.73	
419.818	29635.13	
420.254	29167.02	
420.691	29782.59	
421.127	29295.75	
421.563	29244.26	
422	30000.26	
422.436	31086.26	
422.872	30297.5	
423.309	30461.34	
423.745	29480.66	
424.181	28315.07	
424.617	28539.76	
425.053	28949.35	
425.489	28694.24	
425.925	29618.75	
426.361	29508.74	
426.797	28633.38	
427.233	28331.45	
427.668	29674.92	
428.104	28483.59	
428.54	28111.44	
428.975	27612.91	
429.411	28064.63	
429.847	27603.55	
430.282	27439.71	
430.717	26611.16	
431.153	24837.03	
431.588	23362.5	
432.024	21920.73	
432.459	22924.82	
432.894	25717.08	
433.329	27699.51	
433.764	29251.28	
434.199	29967.49	
434.634	29827.06	
435.069	28851.05	
435.504	28675.51	
435.939	28432.1	
436.374	29019.57	
436.809	31556.71	
437.244	30983.28	
437.678	31870.34	
438.113	31865.66	
438.548	31325	
438.982	30650.92	
439.417	29340.22	
439.851	29113.19	
440.286	28769.13	
440.72	29506.4	
441.154	29319.16	
441.589	30091.54	
442.023	30131.33	
442.457	30807.74	
442.891	31250.1	
443.326	31521.6	
443.76	32506.97	
444.194	32022.48	
444.628	32092.69	
445.062	31992.05	
445.495	32432.07	
445.929	31898.43	
446.363	31722.89	
446.797	30882.64	
447.23	31097.97	
447.664	30671.99	
448.098	30789.02	
448.531	31914.81	
448.965	32247.17	
449.398	32893.16	
449.832	32563.14	
450.265	32490.59	
450.698	32600.59	
451.132	33188.07	
451.565	33590.64	
451.998	34622.81	
452.431	34386.42	
452.864	33869.16	
453.297	34037.68	
453.73	32989.12	
454.163	32591.23	
454.596	31598.84	
455.029	32359.52	
455.462	33656.17	
455.895	32911.88	
456.327	33410.42	
456.76	33176.36	
457.193	34297.48	
457.625	34042.36	
458.058	35420.94	
458.49	35608.18	
458.923	35444.34	
459.355	34891.98	
459.787	35830.53	
460.22	35308.59	
460.652	34639.2	
461.084	35058.15	
461.516	34379.4	
461.948	34810.06	
462.381	35542.64	
462.813	36284.59	
463.245	36085.65	
463.676	36406.3	
464.108	36846.32	
464.54	36652.06	
464.972	36249.49	
465.404	35168.16	
465.835	35659.67	
466.267	35842.23	
466.699	35989.69	
467.13	35853.94	
467.562	35631.58	
467.993	36214.38	
468.424	35135.39	
468.856	36799.51	
469.287	36797.17	
469.718	37052.29	
470.15	37085.06	
470.581	38166.38	
471.012	37948.71	
471.443	37962.76	
471.874	37176.34	
472.305	37539.12	
472.736	38173.41	
473.167	39507.51	
473.598	39556.66	
474.028	39505.17	
474.459	40326.7	
474.89	40153.5	
475.32	40951.62	
475.751	41368.24	
476.182	41974.44	
476.612	42732.77	
477.043	41415.05	
477.473	42795.96	
477.903	42142.95	
478.334	43107.26	
478.764	44174.54	
479.194	44886.06	
479.624	44757.33	
480.054	45415.02	
480.484	46023.56	
480.914	46444.86	
481.344	46692.96	
481.774	47343.63	
482.204	47509.8	
482.634	48347.71	
483.064	49110.73	
483.494	48476.44	
483.923	48511.55	
484.353	48963.28	
484.782	48839.23	
485.212	49075.62	
485.642	48979.66	
486.071	49267.55	
486.5	48394.53	
486.93	46580.61	
487.359	43816.44	
487.788	43729.84	
488.217	44371.14	
488.647	45716.95	
489.076	47165.74	
489.505	48127.7	
489.934	48240.05	
490.363	48696.45	
490.792	49073.28	
491.221	49958	
491.649	50353.55	
492.078	50512.71	
492.507	50072.69	
492.936	49164.56	
493.364	48998.38	
493.793	49192.65	
494.221	49969.71	
494.65	49791.83	
495.078	49716.93	
495.507	50227.17	
495.935	50302.06	
496.363	50639.1	
496.791	50503.35	
497.22	49805.87	
497.648	50220.14	
498.076	50557.18	
498.504	50819.32	
498.932	50536.12	
499.36	49635.01	
499.788	49232.44	
500.216	48815.82	
500.643	49007.75	
501.071	49209.03	
501.499	49141.16	
501.927	48490.49	
502.354	47795.35	
502.782	47577.68	
503.209	46980.84	
503.637	47018.29	
504.064	47998.98	
504.491	47954.5	
504.919	47903.01	
505.346	47565.98	
505.773	47434.91	
506.2	48080.89	
506.628	48207.28	
507.055	48560.7	
507.482	48939.87	
507.909	49131.79	
508.335	48729.22	
508.762	47987.27	
509.189	47519.17	
509.616	47671.3	
510.043	47748.54	
510.469	48211.96	
510.896	48326.65	
511.323	47989.61	
511.749	47963.87	
512.176	48179.2	
512.602	48265.8	
513.028	48581.77	
513.455	47945.14	
513.881	47842.16	
514.307	46976.16	
514.733	47086.17	
515.16	46461.24	
515.586	46503.37	
516.012	46217.83	
516.438	46112.5	
516.864	46800.62	
517.29	46192.08	
517.715	45145.86	
518.141	43214.92	
518.567	42002.52	
518.993	41944.01	
519.418	41976.78	
519.844	42646.17	
520.269	42880.22	
520.695	43551.96	
521.12	44298.59	
521.546	45237.14	
521.971	45440.77	
522.396	45642.06	
522.822	45885.47	
523.247	46065.69	
523.672	45815.26	
524.097	45223.1	
524.522	45225.44	
524.947	45553.12	
525.372	45929.94	
525.797	46070.37	
526.222	46042.29	
526.647	46412.09	
527.071	45709.93	
527.496	45117.78	
527.921	43661.96	
528.345	42402.75	
528.77	42442.54	
529.194	43228.96	
529.619	43816.44	
530.043	44698.82	
530.468	45075.65	
530.892	45077.99	
531.316	45204.38	
531.74	45206.72	
532.164	45227.78	
532.589	45901.86	
533.013	45496.94	
533.437	44511.58	
533.861	43654.94	
534.284	43544.94	
534.708	42641.49	
535.132	42938.74	
535.556	42966.82	
535.98	43203.22	
536.403	43221.94	
536.827	44254.12	
537.25	44254.12	
537.674	43631.54	
538.097	42966.82	
538.521	42540.85	
538.944	42196.79	
539.367	42168.7	
539.791	42437.86	
540.214	42250.62	
540.637	41672.51	
541.06	41138.86	
541.483	40689.48	
541.906	39898.38	
542.329	40343.08	
542.752	39776.67	
543.175	40249.46	
543.598	40628.63	
544.02	40499.9	
544.443	40001.36	
544.866	39942.85	
545.288	40745.65	
545.711	40406.28	
546.133	40825.23	
546.556	40523.3	
546.978	40527.99	
547.4	40815.87	
547.823	39931.15	
548.245	40102.01	
548.667	39661.99	
549.089	38891.95	
549.511	39030.04	
549.933	39135.37	
550.355	39750.93	
550.777	39357.72	
551.199	39327.29	
551.621	39481.77	
552.043	38887.27	
552.465	38859.18	
552.886	38840.46	
553.308	38969.19	
553.729	38943.44	
554.151	38655.56	
554.572	37953.4	
554.994	38323.2	
555.415	38683.64	
555.837	38763.22	
556.258	38620.45	
556.679	38966.85	
557.1	38678.96	
557.521	38671.94	
557.942	37719.34	
558.363	37394.01	
558.784	37473.59	
559.205	37068.67	
559.626	37026.54	
560.047	36111.39	
560.468	35498.17	
560.888	35669.03	
561.309	35935.85	
561.73	35942.88	
562.15	36303.32	
562.571	36446.09	
562.991	36607.59	
563.412	36085.65	
563.832	36378.22	
564.252	35949.9	
564.673	36130.12	
565.093	35629.24	
565.513	35280.5	
565.933	35715.84	
566.353	35381.15	
566.773	35114.33	
567.193	34966.87	
567.613	34325.57	
568.033	34529.19	
568.452	34983.26	
568.872	34826.44	
569.292	34880.27	
569.711	34526.85	
570.131	34473.02	
570.551	34643.88	
570.97	33803.63	
571.389	33922.99	
571.809	33269.98	
572.228	33152.96	
572.647	33178.7	
573.067	32958.69	
573.486	33515.74	
573.905	33773.2	
574.324	34351.31	
574.743	34224.92	
575.162	34124.28	
575.581	33915.97	
576	34217.9	
576.419	33714.69	
576.837	33295.73	
577.256	33635.11	
577.675	33305.09	
578.093	33522.76	
578.512	32951.67	
578.93	33220.83	
579.349	32776.13	
579.767	32785.49	
580.185	32593.57	
580.604	32462.5	
581.022	32504.63	
581.44	32455.48	
581.858	32446.12	
582.276	32345.47	
582.694	32242.49	
583.112	32240.15	
583.53	31741.61	
583.948	31666.72	
584.366	31566.07	
584.784	31846.94	
585.201	31910.13	
585.619	31914.81	
586.037	31072.22	
586.454	30796.04	
586.872	30215.58	
587.289	29920.68	
587.707	29323.84	
588.124	29801.31	
588.541	29944.08	
588.958	29578.96	
589.376	29707.69	
589.793	28682.53	
590.21	27835.26	
590.627	27233.74	
591.044	26559.67	
591.461	26356.04	
591.878	27547.37	
592.294	27882.07	
592.711	27914.84	
593.128	27746.32	
593.545	28153.57	
593.961	28263.58	
594.378	28584.23	
594.794	27669.08	
595.211	28081.02	
595.627	28003.78	
596.043	27886.75	
596.46	27844.62	
596.876	28090.38	
597.292	28343.16	
597.708	28607.64	
598.124	28652.11	
598.54	28762.11	
598.956	28263.58	
599.372	28286.98	
599.788	28404.01	
600.204	28464.86	
600.62	28958.72	
601.035	28579.55	
601.451	28357.2	
601.867	28514.02	
602.282	28272.94	
602.698	28256.56	
603.113	28071.65	
603.529	28542.1	
603.944	28118.46	
604.359	28008.46	
604.774	28827.65	
605.19	28301.03	
605.605	28455.5	
606.02	28118.46	
606.435	27889.09	
606.85	27877.39	
607.265	27507.58	
607.68	27453.75	
608.094	27781.43	
608.509	27395.24	
608.924	26915.43	
609.338	26810.11	
609.753	26948.2	
610.168	26311.57	
610.582	26323.27	
610.997	25808.36	
611.411	25740.48	
611.825	25707.71	
612.24	25445.57	
612.654	25131.94	
613.068	25431.53	
613.482	25248.97	
613.896	24956.4	
614.31	24450.85	
614.724	24462.55	
615.138	24045.93	
615.552	23744	
615.966	24050.61	
616.379	23736.98	
616.793	23655.06	
617.207	23367.18	
617.62	23013.76	
618.034	22550.33	
618.447	22393.51	
618.861	22744.59	
619.274	22784.38	
619.687	22508.2	
620.101	22917.79	
620.514	22835.88	
620.927	22613.52	
621.34	22866.3	
621.753	22573.74	
622.166	22381.81	
622.579	22386.49	
622.992	22000.3	
623.405	21972.22	
623.817	21450.28	
624.23	21681.99	
624.643	21604.75	
625.055	21178.78	
625.468	21094.52	
625.88	21005.58	
626.293	20270.65	
626.705	20357.25	
627.118	20345.55	
627.53	20270.65	
627.942	20404.06	
628.354	20139.58	
628.766	20109.15	
629.179	19788.5	
629.591	19554.44	
630.003	19505.29	
630.414	19582.53	
630.826	19371.88	
631.238	19219.75	
631.65	19392.95	
632.061	19135.49	
632.473	18746.96	
632.885	18782.07	
633.296	18491.84	
633.708	18643.98	
634.119	18370.13	
634.53	18517.59	
634.942	18791.43	
635.353	18295.24	
635.764	18203.96	
636.175	18468.44	
636.586	18182.89	
636.998	18051.82	
637.408	18173.53	
637.819	18030.76	
638.23	18386.52	
638.641	17972.24	
639.052	18093.95	
639.463	18229.7	
639.873	18159.49	
640.284	18215.66	
640.694	17918.41	
641.105	17712.44	
641.515	17101.56	
641.926	17258.38	
642.336	17169.44	
642.746	17050.07	
643.157	16769.21	
643.567	17010.28	
643.977	16930.7	
644.387	16787.93	
644.797	16839.42	
645.207	16858.15	
645.617	16563.24	
646.026	16462.6	
646.436	16558.56	
646.846	16289.4	
647.256	16542.18	
647.665	16277.69	
648.075	16378.34	
648.484	16092.79	
648.894	15767.46	
649.303	15879.8	
649.713	15737.03	
650.122	15423.4	
650.531	15439.78	
650.94	14910.82	
651.349	15168.28	
651.758	15360.2	
652.167	15554.47	
652.576	15636.39	
652.985	15629.37	
653.394	15439.78	
653.803	15161.26	
654.212	15446.8	
654.62	15074.66	
655.029	15259.56	
655.437	15121.47	
655.846	14894.44	
656.254	14742.3	
656.663	14569.1	
657.071	13749.92	
657.479	12986.9	
657.888	12972.86	
658.296	12736.46	
658.704	13052.44	
659.112	13569.69	
659.52	13895.03	
659.928	13925.46	
660.336	14122.06	
660.744	14208.66	
661.152	13995.67	
661.559	13876.3	
661.967	14108.02	
662.375	14019.08	
662.782	14122.06	
663.19	14171.21	
663.597	14269.51	
664.005	13890.35	
664.412	13546.29	
664.819	13817.79	
665.226	13663.32	
665.634	13782.68	
666.041	13775.66	
666.448	13834.18	
666.855	13918.43	
667.262	13471.39	
667.669	13426.92	
668.075	13368.41	
668.482	13167.12	
668.889	13307.55	
669.296	13305.21	
669.702	13225.64	
670.109	13244.36	
670.515	13157.76	
670.922	13298.19	
671.328	13291.17	
671.734	13007.97	
672.141	12961.16	
672.547	12830.09	
672.953	12890.94	
673.359	12558.58	
673.765	12376.02	
674.171	12479.01	
674.577	12591.35	
674.983	12429.85	
675.389	12413.47	
675.795	12448.58	
676.201	12476.66	
676.606	12364.32	
677.012	12090.48	
677.417	12102.18	
677.823	11903.23	
678.228	12095.16	
678.634	12020.26	
679.039	11861.1	
679.444	11959.41	
679.849	11598.96	
680.255	11723.01	
680.66	11835.36	
681.065	11535.77	
681.47	11617.69	
681.875	11109.79	
682.28	11526.41	
682.684	11006.81	
683.089	11198.73	
683.494	11325.12	
683.899	11332.14	
684.303	11198.73	
684.708	10976.38	
685.112	11058.3	
685.517	10648.71	
685.921	10606.58	
686.325	10655.73	
686.729	10672.11	
687.134	10604.24	
687.538	10124.43	
687.942	9527.59	
688.346	8975.22	
688.75	8362	
689.154	8490.73	
689.558	8476.69	
689.961	8528.18	
690.365	8603.08	
690.769	8703.72	
691.173	8352.64	
691.576	8551.59	
691.98	8610.1	
692.383	8806.7	
692.786	8958.84	
693.19	9176.51	
693.593	9267.79	
693.996	9141.4	
694.399	8963.52	
694.803	8993.95	
695.206	9017.35	
695.609	9012.67	
696.012	8757.55	
696.414	8832.45	
696.817	8888.62	
697.22	8792.66	
697.623	8823.09	
698.025	9019.69	
698.428	8977.56	
698.831	9005.65	
699.233	8942.46	
699.636	8818.41	
700.038	8855.86	
700.44	8816.07	
700.842	8567.97	
701.245	8572.65	
701.647	8404.13	
702.049	8338.6	
702.451	8317.53	
702.853	8179.44	
703.255	8270.72	
703.657	8214.55	
704.058	8336.26	
704.46	8340.94	
704.862	7966.45	
705.264	8364.34	
705.665	8191.14	
706.067	8158.38	
706.468	8277.74	
706.869	8081.14	
707.271	8256.68	
707.672	8123.27	
708.073	8074.12	
708.474	8043.69	
708.876	7959.43	
709.277	8048.37	
709.678	7741.76	
710.079	7943.05	
710.479	7931.34	
710.88	7936.03	
711.281	7741.76	
711.682	7978.15	
712.082	7938.37	
712.483	7847.08	
712.883	7638.78	
713.284	7505.37	
713.684	7496	
714.085	7556.86	
714.485	7650.48	
714.885	7318.12	
715.285	7409.4	
715.686	7498.35	
716.086	7261.95	
716.486	7233.86	
716.886	7240.89	
717.285	7030.24	
717.685	6859.38	
718.085	6674.48	
718.485	6346.8	
718.884	6211.05	
719.284	6016.79	
719.684	5902.1	
720.083	5764.01	
720.483	5656.34	
720.882	5340.37	
721.281	5494.85	
721.68	5551.02	
722.08	5621.24	
722.479	5820.18	
722.878	6075.3	
723.277	6129.13	
723.676	5984.02	
724.075	6070.62	
724.474	5925.51	
724.872	5675.07	
725.271	5785.07	
725.67	5426.97	
726.068	5490.17	
726.467	5525.27	
726.865	5511.23	
727.264	5515.91	
727.662	5532.3	
728.061	5462.08	
728.459	5464.42	
728.857	5354.41	
729.255	5361.44	
729.653	5422.29	
730.051	5433.99	
730.449	5401.23	
730.847	5328.67	
731.245	5452.72	
731.643	5338.03	
732.041	5513.57	
732.438	5333.35	
732.836	5464.42	
733.233	5415.27	
733.631	5450.38	
734.028	5558.04	
734.426	5452.72	
734.823	5677.41	
735.22	5663.37	
735.617	5656.34	
736.015	5658.68	
736.412	5597.83	
736.809	5775.71	
737.206	5679.75	
737.603	5487.82	
737.999	5616.55	
738.396	5464.42	
738.793	5455.06	
739.19	5536.98	
739.586	5375.48	
739.983	5450.38	
740.379	5260.79	
740.776	5176.53	
741.172	5541.66	
741.568	5323.99	
741.965	5239.73	
742.361	5267.81	
742.757	5075.89	
743.153	5132.06	
743.549	5190.58	
743.945	5087.59	
744.341	5059.51	
744.737	5263.13	
745.133	5300.58	
745.528	5270.16	
745.924	5064.19	
746.32	5101.64	
746.715	5113.34	
747.111	5000.99	
747.506	4986.95	
747.901	4958.86	
748.297	5146.11	
748.692	5052.49	
749.087	4855.88	
749.482	4998.65	
749.877	4989.29	
750.272	4797.37	
750.667	4900.35	
751.062	4825.45	
751.457	4743.53	
751.852	4902.69	
752.247	4577.36	
752.641	4722.47	
753.036	4694.38	
753.43	4553.95	
753.825	4656.93	
754.219	4668.64	
754.614	4446.29	
755.008	4511.82	
755.402	4539.91	
755.796	4549.27	
756.19	4432.24	
756.584	4575.02	
756.978	4481.39	
757.372	4495.44	
757.766	4476.71	
758.16	4479.05	
758.554	4535.23	
758.948	4418.2	
759.341	4378.41	
759.735	4256.7	
760.128	4015.63	
760.522	3716.04	
760.915	2992.81	
761.308	2367.89	
761.702	2021.49	
762.095	1822.55	
762.488	1930.21	
762.881	1984.04	
763.274	2140.86	
763.667	2159.58	
764.06	2091.71	
764.453	1902.12	
764.846	1991.06	
765.239	2119.79	
765.631	2288.31	
766.024	2400.66	
766.416	2496.62	
766.809	2601.94	
767.201	2821.95	
767.594	3116.86	
767.986	3135.59	
768.378	3360.28	
768.77	3446.88	
769.163	3411.77	
769.555	3634.12	
769.947	3737.1	
770.339	3718.38	
770.73	3662.21	
771.122	3753.49	
771.514	3634.12	
771.906	3606.03	
772.297	3629.44	
772.689	3826.04	
773.081	3741.79	
773.472	3680.93	
773.863	3624.76	
774.255	3589.65	
774.646	3481.99	
775.037	3613.06	
775.428	3554.54	
775.82	3540.5	
776.211	3318.15	
776.602	3474.96	
776.993	3470.28	
777.383	3444.54	
777.774	3460.92	
778.165	3266.66	
778.556	3212.82	
778.946	3280.7	
779.337	3306.45	
779.727	3238.57	
780.118	3240.91	
780.508	3212.82	
780.898	3121.54	
781.289	3151.97	
781.679	3133.25	
782.069	3189.42	
782.459	3170.69	
782.849	3079.41	
783.239	3032.6	
783.629	3004.52	
784.019	2920.26	
784.408	3013.88	
784.798	2927.28	
785.188	3011.54	
785.577	2899.19	
785.967	2992.81	
786.356	2946	
786.746	2934.3	
787.135	2882.81	
787.524	2826.64	
787.914	2892.17	
788.303	2742.38	
788.692	2859.4	
789.081	2810.25	
789.47	2805.57	
789.859	2805.57	
790.248	2768.12	
790.636	2723.65	
791.025	2754.08	
791.414	2606.63	
791.802	2615.99	
792.191	2541.09	
792.579	2538.75	
792.968	2688.54	
793.356	2728.33	
793.744	2634.71	
794.133	2597.26	
794.521	2566.84	
794.909	2623.01	
795.297	2517.69	
795.685	2456.83	
796.073	2438.11	
796.461	2590.24	
796.848	2557.47	
797.236	2505.98	
797.624	2489.6	
798.011	2522.37	
798.399	2395.98	
798.787	2393.64	
799.174	2466.19	
799.561	2496.62	
799.949	2433.43	
800.336	2431.09	
800.723	2316.4	
801.11	2363.21	
801.497	2250.86	
801.884	2220.44	
802.271	2316.4	
802.658	2400.66	
803.045	2353.85	
803.432	2288.31	
803.818	2215.76	
804.205	2297.67	
804.591	2213.42	
804.978	2185.33	
805.364	2101.07	
805.751	2218.1	
806.137	2175.97	
806.523	2110.43	
806.91	2157.24	
807.296	2091.71	
807.682	2089.37	
808.068	2222.78	
808.454	2063.62	
808.84	2040.22	
809.225	2161.92	
809.611	2037.88	
809.997	2161.92	
810.382	2054.26	
810.768	2014.47	
811.153	2117.45	
811.539	2044.9	
811.924	1920.85	
812.31	1909.15	
812.695	2023.83	
813.08	1948.93	
813.465	1852.97	
813.85	1920.85	
814.235	1888.08	
814.62	1817.86	
815.005	1836.59	
815.39	1813.18	
815.775	1827.23	
816.159	1707.86	
816.544	1714.88	
816.929	1630.62	
817.313	1618.92	
817.697	1579.13	
818.082	1581.47	
818.466	1555.72	
818.85	1551.04	
819.235	1635.3	
819.619	1572.11	
820.003	1490.19	
820.387	1537	
820.771	1515.94	
821.155	1520.62	
821.538	1705.52	
821.922	1649.35	
822.306	1583.81	
822.689	1635.3	
823.073	1581.47	
823.457	1602.54	
823.84	1537	
824.223	1508.91	
824.607	1398.91	
824.99	1635.3	
825.373	1508.91	
825.756	1522.96	
826.139	1532.32	
826.522	1572.11	
826.905	1600.2	
827.288	1565.09	
827.671	1604.88	
828.054	1422.31	
828.436	1551.04	
828.819	1448.06	
829.201	1415.29	
829.584	1501.89	
829.966	1480.83	
830.349	1441.04	
830.731	1483.17	
831.113	1382.53	
831.495	1525.3	
831.878	1471.47	
832.26	1438.7	
832.642	1544.02	
833.024	1427	
833.405	1373.16	
833.787	1405.93	
834.169	1412.95	
834.551	1340.4	
834.932	1441.04	
835.314	1473.81	
835.695	1494.87	
836.077	1382.53	
836.458	1359.12	
836.839	1326.35	
837.22	1300.61	
837.602	1338.06	
837.983	1366.14	
838.364	1457.42	
838.745	1403.59	
839.126	1434.02	
839.506	1382.53	
839.887	1452.74	
840.268	1380.18	
840.649	1443.38	
841.029	1396.57	
841.41	1445.72	
841.79	1377.84	
842.171	1356.78	
842.551	1448.06	
842.931	1307.63	
843.311	1328.69	
843.691	1335.71	
844.072	1382.53	
844.452	1314.65	
844.832	1417.63	
845.211	1349.76	
845.591	1295.93	
845.971	1281.88	
846.351	1408.27	
846.73	1417.63	
847.11	1349.76	
847.489	1291.24	
847.869	1302.95	
848.248	1319.33	
848.627	1155.49	
849.007	1251.46	
849.386	1265.5	
849.765	1321.67	
850.144	1274.86	
850.523	1235.07	
850.902	1272.52	
851.281	1242.09	
851.66	1312.31	
852.038	1190.6	
852.417	1284.22	
852.796	1204.64	
853.174	1225.71	
853.553	1242.09	
853.931	1115.7	
854.309	1176.56	
854.688	1118.04	
855.066	1153.15	
855.444	1094.64	
855.822	1139.11	
856.2	1155.49	
856.578	1132.09	
856.956	1129.75	
857.334	1082.94	
857.712	1122.73	
858.089	1127.41	
858.467	1082.94	
858.844	1057.19	
859.222	1047.83	
859.599	1082.94	
859.977	1132.09	
860.354	1113.36	
860.731	1101.66	
861.109	1111.02	
861.486	1160.17	
861.863	1148.47	
862.24	1092.3	
862.617	1061.87	
862.993	1150.81	
863.37	1115.7	
863.747	1146.13	
864.124	1122.73	
864.5	1015.06	
864.877	1068.89	
865.253	1115.7	
865.63	1141.45	
866.006	1012.72	
866.382	972.93	
866.758	928.46	
867.135	937.82	
867.511	989.32	
867.887	965.91	
868.263	1012.72	
868.639	1003.36	
869.014	1012.72	
869.39	1005.7	
869.766	994	
870.141	919.1	
870.517	937.82	
870.892	933.14	
871.268	977.61	
871.643	914.42	
872.019	947.19	
872.394	994	
872.769	968.25	
873.144	949.53	
873.519	935.48	
873.894	933.14	
874.269	844.2	
874.644	916.76	
875.019	804.41	
875.393	872.29	
875.768	874.63	
876.143	891.01	
876.517	816.12	
876.891	876.97	
877.266	825.48	
877.64	855.9	
878.014	965.91	
878.389	872.29	
878.763	855.9	
879.137	876.97	
879.511	855.9	
879.885	867.61	
880.259	895.69	
880.632	958.89	
881.006	813.78	
881.38	874.63	
881.753	935.48	
882.127	879.31	
882.5	902.72	
882.874	862.93	
883.247	930.8	
883.62	816.12	
883.994	914.42	
884.367	869.95	
884.74	844.2	
885.113	935.48	
885.486	891.01	
885.859	809.09	
886.231	961.23	
886.604	919.1	
886.977	1022.08	
887.349	839.52	
887.722	855.9	
888.094	898.03	
888.467	900.37	
888.839	834.84	
889.211	912.08	
889.584	869.95	
889.956	970.59	
890.328	984.63	
890.7	900.37	
891.072	944.85	
891.444	895.69	
891.816	846.54	
892.187	811.43	
892.559	848.88	
892.931	881.65	
893.302	883.99	
893.674	841.86	
894.045	883.99	
894.416	818.46	
894.788	881.65	
895.159	855.9	
895.53	881.65	
895.901	715.47	
896.272	804.41	
896.643	820.8	
897.014	809.09	
897.385	745.9	
897.756	757.6	
898.126	717.81	
898.497	752.92	
898.867	682.71	
899.238	752.92	
899.608	764.62	
899.979	668.66	
900.349	743.56	
900.719	610.15	
901.089	631.21	
901.459	682.71	
901.829	621.85	
902.199	678.02	
902.569	619.51	
902.939	579.72	
903.309	619.51	
903.679	565.68	
904.048	612.49	
904.418	624.19	
904.787	558.66	
905.157	647.6	
905.526	640.58	
905.895	631.21	
906.265	645.26	
906.634	710.79	
907.003	656.96	
907.372	626.53	
907.741	579.72	
908.11	596.11	
908.478	685.05	
908.847	633.55	
909.216	647.6	
909.585	624.19	
909.953	584.4	
910.322	572.7	
910.69	626.53	
911.058	614.83	
911.427	490.78	
911.795	462.69	
912.163	558.66	
912.531	474.4	
912.899	570.36	
913.267	528.23	
913.635	598.45	
914.003	598.45	
914.37	504.82	
914.738	596.11	
915.106	556.32	
915.473	525.89	
915.841	479.08	
916.208	586.74	
916.575	561	
916.943	481.42	
917.31	530.57	
917.677	465.04	
918.044	523.55	
918.411	563.34	
918.778	481.42	
919.145	589.08	
919.512	556.32	
919.879	493.12	
920.245	544.61	
920.612	448.65	
920.978	539.93	
921.345	551.64	
921.711	434.61	
922.078	497.8	
922.444	474.4	
922.81	500.14	
923.176	511.85	
923.542	542.27	
923.908	530.57	
924.274	504.82	
924.64	561	
925.006	575.04	
925.371	544.61	
925.737	528.23	
926.103	521.21	
926.468	465.04	
926.834	532.91	
927.199	497.8	
927.564	443.97	
927.93	504.82	
928.295	448.65	
928.66	493.12	
929.025	507.16	
929.39	467.38	
929.755	511.85	
930.12	521.21	
930.484	462.69	
930.849	460.35	
931.214	502.48	
931.578	425.25	
931.943	476.74	
932.307	481.42	
932.672	488.44	
933.036	429.93	
933.4	420.57	
933.764	493.12	
934.128	448.65	
934.492	436.95	
934.856	465.04	
935.22	324.6	
935.584	373.75	
935.948	422.91	
936.311	345.67	
936.675	383.12	
937.039	345.67	
937.402	413.54	
937.765	366.73	
938.129	371.41	
938.492	390.14	
938.855	277.79	
939.218	338.65	
939.581	385.46	
939.944	392.48	
940.307	392.48	
940.67	397.16	
941.033	348.01	
941.396	399.5	
941.758	371.41	
942.121	348.01	
942.483	406.52	
942.846	404.18	
943.208	415.88	
943.571	266.09	
943.933	380.78	
944.295	387.8	
944.657	376.09	
945.019	439.29	
945.381	411.2	
945.743	458.01	
946.105	378.44	
946.467	343.33	
946.828	333.97	
947.19	390.14	
947.551	380.78	
947.913	369.07	
948.274	355.03	
948.636	434.61	
948.997	355.03	
949.358	406.52	
949.719	355.03	
950.08	366.73	
950.441	336.31	
950.802	371.41	
951.163	434.61	
951.524	366.73	
951.885	390.14	
952.245	404.18	
952.606	397.16	
952.966	397.16	
953.327	455.67	
953.687	336.31	
954.047	446.31	
954.408	359.71	
954.768	350.35	
955.128	420.57	
955.488	357.37	
955.848	317.58	
956.208	397.16	
956.568	420.57	
956.927	418.22	
957.287	408.86	
957.647	390.14	
958.006	373.75	
958.366	427.59	
958.725	397.16	
959.084	425.25	
959.444	383.12	
959.803	329.28	
960.162	406.52	
960.521	359.71	
960.88	401.84	
961.239	343.33	
961.598	380.78	
961.957	355.03	
962.315	345.67	
962.674	380.78	
963.033	378.44	
963.391	322.26	
963.75	333.97	
964.108	399.5	
964.466	373.75	
964.824	369.07	
965.183	401.84	
965.541	378.44	
965.899	359.71	
966.257	385.46	
966.614	373.75	
966.972	390.14	
967.33	350.35	
967.688	312.9	
968.045	394.82	
968.403	371.41	
968.76	336.31	
969.118	308.22	
969.475	345.67	
969.832	338.65	
970.189	303.54	
970.546	329.28	
970.903	352.69	
971.26	418.22	
971.617	357.37	
971.974	373.75	
972.331	371.41	
972.688	364.39	
973.044	331.62	
973.401	465.04	
973.757	357.37	
974.114	373.75	
974.47	390.14	
974.826	383.12	
975.182	387.8	
975.538	390.14	
975.895	399.5	
976.251	420.57	
976.606	380.78	
976.962	336.31	
977.318	359.71	
977.674	326.94	
978.029	371.41	
978.385	355.03	
978.74	287.15	
979.096	383.12	
979.451	357.37	
979.806	406.52	
980.162	329.28	
980.517	317.58	
980.872	390.14	
981.227	413.54	
981.582	355.03	
981.937	371.41	
982.291	376.09	
982.646	411.2	
983.001	315.24	
983.355	404.18	
983.71	312.9	
984.064	343.33	
984.419	357.37	
984.773	378.44	
985.127	418.22	
985.481	378.44	
985.835	369.07	
986.189	371.41	
986.543	369.07	
986.897	434.61	
987.251	420.57	
987.605	355.03	
987.958	411.2	
988.312	364.39	
988.665	298.86	
989.019	366.73	
989.372	376.09	
989.725	422.91	
990.079	348.01	
990.432	413.54	
990.785	319.92	
991.138	338.65	
991.491	390.14	
991.844	366.73	
992.197	310.56	
992.549	301.2	
992.902	329.28	
993.254	387.8	
993.607	413.54	
993.959	329.28	
994.312	329.28	
994.664	348.01	
995.016	369.07	
995.368	408.86	
995.721	324.6	
996.073	366.73	
996.425	432.27	
996.776	401.84	
997.128	355.03	
997.48	308.22	
997.832	404.18	
998.183	348.01	
998.535	357.37	
998.886	376.09	
999.237	371.41	
999.589	385.46	
999.94	366.73	
1000.291	324.6	
1000.642	348.01	
1000.993	350.35	
1001.344	366.73	
1001.695	329.28	
1002.046	415.88	
1002.397	404.18	
1002.747	406.52	
1003.098	408.86	
1003.448	418.22	
1003.799	369.07	
1004.149	371.41	
1004.499	266.09	
1004.85	411.2	
1005.2	364.39	
1005.55	326.94	
1005.9	355.03	
1006.25	383.12	
1006.6	329.28	
1006.949	324.6	
1007.299	394.82	
1007.649	376.09	
1007.998	338.65	
1008.348	348.01	
1008.697	340.99	
1009.047	287.15	
1009.396	432.27	
1009.745	338.65	
1010.094	376.09	
1010.443	434.61	
1010.792	317.58	
1011.141	333.97	
1011.49	319.92	
1011.839	329.28	
1012.188	411.2	
1012.536	343.33	
1012.885	350.35	
1013.233	343.33	
1013.582	338.65	
1013.93	291.84	
1014.278	317.58	
1014.627	303.54	
1014.975	383.12	
1015.323	357.37	
1015.671	305.88	
1016.019	432.27	
1016.367	387.8	
1016.714	287.15	
1017.062	319.92	
1017.41	312.9	
1017.757	305.88	
1018.105	359.71	
1018.452	429.93	
1018.8	343.33	
1019.147	340.99	
1019.494	355.03	
1019.841	331.62	
1020.188	362.05	
1020.535	406.52	
1020.882	331.62	
1021.229	315.24	
1021.576	331.62	
1021.922	322.26	
1022.269	350.35	
1022.615	392.48	
1022.962	326.94	
1023.308	326.94	
1023.655	326.94	
