FLMS05814_1:101		
188.012	-124.19	
188.47	-124.19	
188.927	-124.19	
189.385	-138.24	
189.842	-42.28	
190.3	-63.34	
190.757	-75.04	
191.215	-91.43	
191.672	-51.64	
192.129	-77.38	
192.586	-79.72	
193.044	-51.64	
193.501	-18.87	
193.958	6.88	
194.415	-2.49	
194.872	105.18	
195.329	86.45	
195.787	65.39	
196.244	67.73	
196.7	91.13	
197.157	88.79	
197.614	135.6	
198.071	144.97	
198.528	224.55	
198.985	198.8	
199.441	273.7	
199.898	226.89	
200.355	264.33	
200.812	247.95	
201.268	215.18	
201.725	261.99	
202.181	346.25	
202.638	318.17	
203.094	325.19	
203.551	280.72	
204.007	322.85	
204.463	304.12	
204.92	341.57	
205.376	386.04	
205.832	336.89	
206.288	390.72	
206.744	376.68	
207.201	357.96	
207.657	383.7	
208.113	341.57	
208.569	311.14	
209.025	355.62	
209.481	402.43	
209.937	313.49	
210.392	390.72	
210.848	364.98	
211.304	397.74	
211.76	313.49	
212.215	357.96	
212.671	381.36	
213.127	355.62	
213.582	381.36	
214.038	320.51	
214.494	350.93	
214.949	367.32	
215.404	308.8	
215.86	301.78	
216.315	369.66	
216.771	269.02	
217.226	350.93	
217.681	318.17	
218.136	299.44	
218.592	306.46	
219.047	334.55	
219.502	357.96	
219.957	318.17	
220.412	243.27	
220.867	287.74	
221.322	334.55	
221.777	360.3	
222.232	369.66	
222.687	294.76	
223.142	386.04	
223.596	273.7	
224.051	357.96	
224.506	320.51	
224.96	273.7	
225.415	313.49	
225.87	290.08	
226.324	290.08	
226.779	299.44	
227.233	252.63	
227.688	301.78	
228.142	374.34	
228.597	332.21	
229.051	327.53	
229.505	322.85	
229.959	299.44	
230.414	383.7	
230.868	311.14	
231.322	271.36	
231.776	236.25	
232.23	379.02	
232.684	276.04	
233.138	243.27	
233.592	280.72	
234.046	346.25	
234.5	334.55	
234.954	306.46	
235.408	318.17	
235.861	276.04	
236.315	210.5	
236.769	329.87	
237.222	381.36	
237.676	322.85	
238.13	334.55	
238.583	339.23	
239.037	350.93	
239.49	329.87	
239.944	376.68	
240.397	315.83	
240.85	355.62	
241.304	400.09	
241.757	304.12	
242.21	280.72	
242.663	339.23	
243.117	257.31	
243.57	283.06	
244.023	301.78	
244.476	243.27	
244.929	346.25	
245.382	353.27	
245.835	322.85	
246.288	388.38	
246.741	313.49	
247.193	322.85	
247.646	315.83	
248.099	329.87	
248.552	367.32	
249.004	353.27	
249.457	376.68	
249.909	362.64	
250.362	379.02	
250.814	350.93	
251.267	348.59	
251.719	304.12	
252.172	334.55	
252.624	329.87	
253.076	297.1	
253.529	360.3	
253.981	325.19	
254.433	283.06	
254.885	322.85	
255.337	357.96	
255.79	348.59	
256.242	367.32	
256.694	350.93	
257.146	334.55	
257.598	416.47	
258.049	402.43	
258.501	290.08	
258.953	362.64	
259.405	381.36	
259.857	367.32	
260.308	341.57	
260.76	299.44	
261.212	376.68	
261.663	343.91	
262.115	285.4	
262.566	381.36	
263.018	379.02	
263.469	407.11	
263.92	348.59	
264.372	357.96	
264.823	334.55	
265.274	395.4	
265.726	287.74	
266.177	308.8	
266.628	364.98	
267.079	423.49	
267.53	299.44	
267.981	414.13	
268.432	336.89	
268.883	379.02	
269.334	308.8	
269.785	332.21	
270.236	360.3	
270.687	364.98	
271.137	409.45	
271.588	360.3	
272.039	395.4	
272.489	339.23	
272.94	304.12	
273.391	325.19	
273.841	348.59	
274.292	299.44	
274.742	444.56	
275.192	343.91	
275.643	432.85	
276.093	346.25	
276.543	379.02	
276.994	376.68	
277.444	372	
277.894	341.57	
278.344	322.85	
278.794	357.96	
279.244	435.19	
279.694	292.42	
280.144	400.09	
280.594	334.55	
281.044	332.21	
281.494	381.36	
281.944	360.3	
282.394	386.04	
282.843	390.72	
283.293	320.51	
283.743	343.91	
284.192	376.68	
284.642	350.93	
285.091	348.59	
285.541	304.12	
285.99	376.68	
286.44	388.38	
286.889	362.64	
287.338	383.7	
287.788	306.46	
288.237	430.51	
288.686	301.78	
289.135	334.55	
289.584	336.89	
290.034	432.85	
290.483	463.28	
290.932	402.43	
291.381	353.27	
291.83	341.57	
292.278	393.06	
292.727	362.64	
293.176	364.98	
293.625	320.51	
294.074	339.23	
294.522	393.06	
294.971	367.32	
295.42	364.98	
295.868	421.15	
296.317	336.89	
296.765	313.49	
297.214	285.4	
297.662	332.21	
298.11	449.24	
298.559	350.93	
299.007	343.91	
299.455	325.19	
299.903	343.91	
300.352	369.66	
300.8	381.36	
301.248	320.51	
301.696	400.09	
302.144	381.36	
302.592	409.45	
303.04	395.4	
303.488	407.11	
303.936	348.59	
304.383	353.27	
304.831	362.64	
305.279	407.11	
305.727	362.64	
306.174	388.38	
306.622	357.96	
307.069	395.4	
307.517	423.49	
307.964	386.04	
308.412	325.19	
308.859	407.11	
309.306	458.6	
309.754	463.28	
310.201	482	
310.648	418.81	
311.096	414.13	
311.543	482	
311.99	484.34	
312.437	460.94	
312.884	507.75	
313.331	519.45	
313.778	517.11	
314.225	666.91	
314.672	538.18	
315.118	617.76	
315.565	662.23	
316.012	706.7	
316.459	683.29	
316.905	563.92	
317.352	599.03	
317.798	690.31	
318.245	666.91	
318.691	702.01	
319.138	716.06	
319.584	781.59	
320.031	737.12	
320.477	786.27	
320.923	795.64	
321.37	765.21	
321.816	821.38	
322.262	952.45	
322.708	889.26	
323.154	940.75	
323.6	961.81	
324.046	924.37	
324.492	905.64	
324.938	1071.82	
325.384	1003.94	
325.83	1102.25	
326.276	1130.33	
326.721	1163.1	
327.167	1228.63	
327.613	1348	
328.058	1458.01	
328.504	1317.58	
328.949	1333.96	
329.395	1329.28	
329.84	1357.36	
330.286	1406.52	
330.731	1472.05	
331.177	1486.09	
331.622	1357.36	
332.067	1413.54	
332.512	1385.45	
332.957	1371.41	
333.403	1429.92	
333.848	1413.54	
334.293	1502.48	
334.738	1408.86	
335.183	1397.15	
335.628	1448.65	
336.072	1455.67	
336.517	1514.18	
336.962	1378.43	
337.407	1469.71	
337.852	1284.81	
338.296	1331.62	
338.741	1406.52	
339.185	1432.26	
339.63	1469.71	
340.074	1516.52	
340.519	1605.46	
340.963	1572.69	
341.408	1624.19	
341.852	1614.82	
342.296	1628.87	
342.741	1584.4	
343.185	1469.71	
343.629	1589.08	
344.073	1607.8	
344.517	1605.46	
344.961	1586.74	
345.405	1427.58	
345.849	1355.02	
346.293	1509.5	
346.737	1612.48	
347.181	1575.03	
347.624	1556.31	
348.068	1645.25	
348.512	1568.01	
348.955	1605.46	
349.399	1521.2	
349.843	1596.1	
350.286	1546.95	
350.73	1607.8	
351.173	1706.1	
351.617	1738.87	
352.06	1738.87	
352.503	1666.32	
352.946	1621.84	
353.39	1666.32	
353.833	1668.66	
354.276	1696.74	
354.719	1755.26	
355.162	1755.26	
355.605	1848.88	
356.048	1919.09	
356.491	1909.73	
356.934	1855.9	
357.377	1823.13	
357.82	1678.02	
358.262	1516.52	
358.705	1685.04	
359.148	1549.29	
359.59	1420.56	
360.033	1479.07	
360.475	1652.27	
360.918	1759.94	
361.36	1752.91	
361.803	1701.42	
362.245	1755.26	
362.688	1659.29	
363.13	1722.49	
363.572	1848.88	
364.014	1832.49	
364.456	1874.62	
364.899	1806.75	
365.341	1900.37	
365.783	1874.62	
366.225	1949.52	
366.667	1862.92	
367.108	2162.51	
367.55	2185.91	
367.992	2270.17	
368.434	2181.23	
368.876	2218.68	
369.317	2171.87	
369.759	2010.37	
370.201	2075.91	
370.642	2153.15	
371.084	2195.28	
371.525	2176.55	
371.966	2118.04	
372.408	2150.81	
372.849	2209.32	
373.29	2141.44	
373.732	2061.87	
374.173	1923.77	
374.614	1921.43	
375.055	1834.83	
375.496	1804.41	
375.937	1876.96	
376.378	1832.49	
376.819	1933.14	
377.26	2059.53	
377.701	1996.33	
378.142	2141.44	
378.583	2258.47	
379.023	2520.61	
379.464	2443.37	
379.905	2471.46	
380.345	2338.05	
380.786	2232.72	
381.226	2101.65	
381.667	2232.72	
382.107	2223.36	
382.548	2277.19	
382.988	2033.78	
383.428	1893.35	
383.868	1715.47	
384.309	1537.59	
384.749	1511.84	
385.189	1568.01	
385.629	1825.47	
386.069	2022.08	
386.509	1895.69	
386.949	1883.98	
387.389	1968.24	
387.829	2073.57	
388.268	2026.76	
388.708	2019.74	
389.148	2012.71	
389.588	1923.77	
390.027	2118.04	
390.467	2118.04	
390.906	2239.75	
391.346	2391.88	
391.785	2422.31	
392.225	2471.46	
392.664	2621.25	
393.103	2321.67	
393.543	2291.24	
393.982	1972.93	
394.421	1722.49	
394.86	1582.06	
395.299	1624.19	
395.738	1986.97	
396.177	2235.07	
396.616	2494.86	
397.055	2279.54	
397.494	2038.46	
397.933	1778.66	
398.372	1827.81	
398.81	2024.42	
399.249	2366.14	
399.688	2567.42	
400.126	2831.9	
400.565	2930.2	
401.004	2948.93	
401.442	3101.06	
401.88	3253.2	
402.319	3194.68	
402.757	3332.78	
403.195	3248.52	
403.634	3323.41	
404.072	3227.45	
404.51	3285.97	
404.948	3178.3	
405.386	3365.54	
405.824	3211.07	
406.262	3292.99	
406.7	3370.23	
407.138	3236.81	
407.576	3101.06	
408.014	3145.53	
408.452	3129.15	
408.889	3248.52	
409.327	3349.16	
409.765	3398.31	
410.202	3351.5	
410.64	3412.35	
411.077	3285.97	
411.515	3250.86	
411.952	3337.46	
412.389	3515.34	
412.827	3447.46	
413.264	3552.79	
413.701	3548.11	
414.138	3583.21	
414.575	3625.34	
415.013	3412.35	
415.45	3583.21	
415.887	3571.51	
416.324	3541.08	
416.76	3463.85	
417.197	3587.89	
417.634	3630.02	
418.071	3428.74	
418.508	3449.8	
418.944	3482.57	
419.381	3328.1	
419.818	3330.44	
420.254	3337.46	
420.691	3377.25	
421.127	3281.28	
421.563	3480.23	
422	3513	
422.436	3555.13	
422.872	3442.78	
423.309	3484.91	
423.745	3297.67	
424.181	3173.62	
424.617	3316.39	
425.053	3424.06	
425.489	3351.5	
425.925	3445.12	
426.361	3482.57	
426.797	3360.86	
427.233	3353.84	
427.668	3393.63	
428.104	3417.04	
428.54	3267.24	
428.975	3257.88	
429.411	3337.46	
429.847	3344.48	
430.282	3206.39	
430.717	3065.96	
431.153	2766.37	
431.588	2745.3	
432.024	2644.66	
432.459	2852.97	
432.894	3386.61	
433.329	3381.93	
433.764	3445.12	
434.199	3545.77	
434.634	3587.89	
435.069	3452.14	
435.504	3477.89	
435.939	3529.38	
436.374	3611.3	
436.809	3824.29	
437.244	3821.95	
437.678	3817.27	
438.113	3824.29	
438.548	3765.78	
438.982	3690.88	
439.417	3655.77	
439.851	3597.26	
440.286	3498.95	
440.72	3660.45	
441.154	3520.02	
441.589	3498.95	
442.023	3655.77	
442.457	3775.14	
442.891	3885.14	
443.326	3800.88	
443.76	4051.32	
444.194	3826.63	
444.628	3922.59	
445.062	3899.19	
445.495	4002.17	
445.929	3826.63	
446.363	3751.73	
446.797	3777.48	
447.23	3751.73	
447.664	3789.18	
448.098	4013.87	
448.531	3906.21	
448.965	3976.42	
449.398	4191.75	
449.832	4046.64	
450.265	4027.92	
450.698	3983.45	
451.132	4163.67	
451.565	4196.43	
451.998	4414.1	
452.431	4287.72	
452.864	4065.36	
453.297	4158.99	
453.73	4091.11	
454.163	3910.89	
454.596	3992.81	
455.029	4011.53	
455.462	4353.25	
455.895	4095.79	
456.327	4098.13	
456.76	4210.48	
457.193	4388.36	
457.625	4535.81	
458.058	4458.57	
458.49	4472.62	
458.923	4519.43	
459.355	4453.89	
459.787	4439.85	
460.22	4582.62	
460.652	4496.02	
461.084	4575.6	
461.516	4481.98	
461.948	4493.68	
462.381	4538.15	
462.813	4709.01	
463.245	4781.57	
463.676	4664.54	
464.108	4690.29	
464.54	4786.25	
464.972	4662.2	
465.404	4519.43	
465.835	4638.8	
466.267	4521.77	
466.699	4638.8	
467.13	4741.78	
467.562	4720.71	
467.993	4641.14	
468.424	4610.71	
468.856	4683.27	
469.287	4879.87	
469.718	4891.57	
470.15	4945.41	
470.581	4898.59	
471.012	4929.02	
471.443	4985.19	
471.874	4753.48	
472.305	4830.72	
472.736	4999.24	
473.167	5216.91	
473.598	5287.12	
474.028	5254.36	
474.459	5247.33	
474.89	5355	
475.32	5429.9	
475.751	5605.44	
476.182	5528.2	
476.612	5755.23	
477.043	5565.65	
477.473	5659.27	
477.903	5577.35	
478.334	5745.87	
478.764	6040.78	
479.194	6017.37	
479.624	6017.37	
480.054	6260.79	
480.484	6232.7	
480.914	6235.04	
481.344	6256.11	
481.774	6424.62	
482.204	6405.9	
482.634	6536.97	
483.064	6693.79	
483.494	6586.12	
483.923	6787.41	
484.353	6749.96	
484.782	6614.21	
485.212	6689.1	
485.642	6724.21	
486.071	6778.05	
486.5	6586.12	
486.93	6064.18	
487.359	5905.03	
487.788	5949.5	
488.217	6169.51	
488.647	6232.7	
489.076	6429.31	
489.505	6546.33	
489.934	6672.72	
490.363	6778.05	
490.792	6911.46	
491.221	7033.16	
491.649	7194.66	
492.078	7253.17	
492.507	6895.07	
492.936	7040.19	
493.364	6558.03	
493.793	6878.69	
494.221	7094.02	
494.65	6911.46	
495.078	7241.47	
495.507	7304.67	
495.935	7009.76	
496.363	7192.32	
496.791	7096.36	
497.22	7318.71	
497.648	7152.53	
498.076	7178.28	
498.504	7381.9	
498.932	7419.35	
499.36	7009.76	
499.788	7002.74	
500.216	6981.67	
500.643	7117.42	
501.071	6902.09	
501.499	6911.46	
501.927	6881.03	
502.354	6771.02	
502.782	6520.59	
503.209	6857.62	
503.637	6684.42	
504.064	6937.2	
504.491	6932.52	
504.919	6845.92	
505.346	6752.3	
505.773	6703.15	
506.2	6895.07	
506.628	6906.77	
507.055	7250.83	
507.482	7058.91	
507.909	7232.11	
508.335	6967.63	
508.762	7112.74	
509.189	6930.18	
509.616	7129.13	
510.043	7051.89	
510.469	7054.23	
510.896	7033.16	
511.323	7232.11	
511.749	6991.03	
512.176	7049.55	
512.602	7417.01	
513.028	7138.49	
513.455	7426.37	
513.881	7346.8	
514.307	7260.2	
514.733	6979.33	
515.16	7014.44	
515.586	6824.86	
516.012	7192.32	
516.438	7005.08	
516.864	7061.25	
517.29	7175.94	
517.715	6703.15	
518.141	6394.2	
518.567	6525.27	
518.993	6534.63	
519.418	6602.5	
519.844	6478.46	
520.269	6684.42	
520.695	6881.03	
521.12	7072.95	
521.546	7241.47	
521.971	6993.37	
522.396	7419.35	
522.822	7400.63	
523.247	7491.91	
523.672	7421.69	
524.097	7367.86	
524.522	7332.75	
524.947	7519.99	
525.372	7564.47	
525.797	7805.54	
526.222	7765.75	
526.647	7807.88	
527.071	7569.15	
527.496	7363.18	
527.921	7164.23	
528.345	7019.12	
528.77	7278.92	
529.194	7384.24	
529.619	7534.04	
530.043	7606.59	
530.468	7913.2	
530.892	7763.41	
531.316	7665.11	
531.74	8030.23	
532.164	8048.96	
532.589	8130.87	
533.013	8112.15	
533.437	7894.48	
533.861	7618.3	
534.284	7379.56	
534.708	7721.28	
535.132	7838.31	
535.556	7592.55	
535.98	7637.02	
536.403	7793.84	
536.827	8011.51	
537.25	8027.89	
537.674	7821.92	
538.097	7543.4	
538.521	7688.51	
538.944	7627.66	
539.367	7693.19	
539.791	7613.62	
540.214	7669.79	
540.637	7700.22	
541.06	7594.89	
541.483	7267.22	
541.906	7466.16	
542.329	7381.9	
542.752	7426.37	
543.175	7391.27	
543.598	7498.93	
544.02	7360.84	
544.443	7314.03	
544.866	7484.89	
545.288	7608.94	
545.711	7555.1	
546.133	7555.1	
546.556	7531.7	
546.978	7421.69	
547.4	7459.14	
547.823	7527.02	
548.245	7512.97	
548.667	7421.69	
549.089	7281.26	
549.511	7285.94	
549.933	7522.34	
550.355	7515.31	
550.777	7534.04	
551.199	7421.69	
551.621	7470.84	
552.043	7187.64	
552.465	7440.42	
552.886	7417.01	
553.308	7552.76	
553.729	7508.29	
554.151	7295.3	
554.572	7285.94	
554.994	7409.99	
555.415	7248.49	
555.837	7222.75	
556.258	7442.76	
556.679	7358.5	
557.1	7351.48	
557.521	7185.3	
557.942	7262.54	
558.363	7208.7	
558.784	7115.08	
559.205	7222.75	
559.626	6953.59	
560.047	7033.16	
560.468	7016.78	
560.888	7012.1	
561.309	6897.41	
561.73	7131.47	
562.15	6998.06	
562.571	7019.12	
562.991	6843.58	
563.412	6878.69	
563.832	6930.18	
564.252	6864.64	
564.673	6822.52	
565.093	6778.05	
565.513	6930.18	
565.933	6838.9	
566.353	6441.01	
566.773	6565.06	
567.193	6834.22	
567.613	6548.67	
568.033	6611.87	
568.452	6661.02	
568.872	6703.15	
569.292	6539.31	
569.711	6401.22	
570.131	6375.47	
570.551	6405.9	
570.97	6267.81	
571.389	6368.45	
571.809	6410.58	
572.228	6197.59	
572.647	6249.08	
573.067	6274.83	
573.486	6342.71	
573.905	6363.77	
574.324	6436.33	
574.743	6373.13	
575.162	6483.14	
575.581	6522.93	
576	6242.06	
576.419	6256.11	
576.837	6209.29	
577.256	6054.82	
577.675	6171.85	
578.093	6284.19	
578.512	6094.61	
578.93	5986.94	
579.349	5961.2	
579.767	6000.99	
580.185	5940.13	
580.604	5986.94	
581.022	6040.78	
581.44	5900.34	
581.858	5963.54	
582.276	5919.07	
582.694	5713.1	
583.112	5940.13	
583.53	5776.3	
583.948	6024.39	
584.366	5846.51	
584.784	5940.13	
585.201	5858.21	
585.619	5692.04	
586.037	5582.03	
586.454	5652.25	
586.872	5633.52	
587.289	5474.37	
587.707	5439.26	
588.124	5429.9	
588.541	5338.62	
588.958	5333.93	
589.376	5465	
589.793	5228.61	
590.21	4938.38	
590.627	4877.53	
591.044	4730.08	
591.461	4847.1	
591.878	4968.81	
592.294	5160.73	
592.711	5125.63	
593.128	5102.22	
593.545	5146.69	
593.961	5198.18	
594.378	5266.06	
594.794	5263.72	
595.211	5252.02	
595.627	5090.52	
596.043	5036.69	
596.46	5263.72	
596.876	5149.03	
597.292	5280.1	
597.708	5132.65	
598.124	5317.55	
598.54	5289.46	
598.956	5280.1	
599.372	5144.35	
599.788	5205.21	
600.204	5270.74	
600.62	5219.25	
601.035	5186.48	
601.451	5230.95	
601.867	5331.59	
602.282	5214.57	
602.698	5244.99	
603.113	5195.84	
603.529	5151.37	
603.944	5142.01	
604.359	5275.42	
604.774	5294.15	
605.19	5237.97	
605.605	5228.61	
606.02	5120.95	
606.435	5146.69	
606.85	5109.24	
607.265	5090.52	
607.68	5137.33	
608.094	5032.01	
608.509	4795.61	
608.924	4968.81	
609.338	5015.62	
609.753	4940.72	
610.168	4940.72	
610.582	4802.63	
610.997	4725.4	
611.411	4762.84	
611.825	4692.63	
612.24	4758.16	
612.654	4648.16	
613.068	4631.77	
613.482	4617.73	
613.896	4577.94	
614.31	4503.04	
614.724	4547.51	
615.138	4486.66	
615.552	4451.55	
615.966	4339.21	
616.379	4362.61	
616.793	4219.84	
617.207	4311.12	
617.62	4383.68	
618.034	4173.03	
618.447	4123.88	
618.861	4102.81	
619.274	4257.29	
619.687	4166.01	
620.101	4144.94	
620.514	4247.93	
620.927	4011.53	
621.34	4243.24	
621.753	4170.69	
622.166	4084.09	
622.579	4182.39	
622.992	3906.21	
623.405	4100.47	
623.817	3990.47	
624.23	3927.27	
624.643	3887.48	
625.055	3908.55	
625.468	3861.74	
625.88	3814.93	
626.293	3817.27	
626.705	3852.38	
627.118	3882.8	
627.53	3882.8	
627.942	3948.34	
628.354	3676.84	
628.766	3803.22	
629.179	3690.88	
629.591	3583.21	
630.003	3578.53	
630.414	3709.6	
630.826	3524.7	
631.238	3669.81	
631.65	3747.05	
632.061	3548.11	
632.473	3665.13	
632.885	3541.08	
633.296	3576.19	
633.708	3543.42	
634.119	3576.19	
634.53	3480.23	
634.942	3576.19	
635.353	3552.79	
635.764	3573.85	
636.175	3468.53	
636.586	3583.21	
636.998	3515.34	
637.408	3442.78	
637.819	3419.38	
638.23	3503.64	
638.641	3517.68	
639.052	3377.25	
639.463	3405.33	
639.873	3449.8	
640.284	3337.46	
640.694	3339.8	
641.105	3344.48	
641.515	3250.86	
641.926	3236.81	
642.336	3218.09	
642.746	3105.74	
643.157	3131.49	
643.567	3201.71	
643.977	3269.58	
644.387	3278.94	
644.797	3171.28	
645.207	3119.79	
645.617	3168.94	
646.026	3215.75	
646.436	3094.04	
646.846	3091.7	
647.256	3061.27	
647.665	3030.85	
648.075	3016.8	
648.484	2885.73	
648.894	2747.64	
649.303	2906.8	
649.713	2965.31	
650.122	2874.03	
650.531	2948.93	
650.94	2852.97	
651.349	2801.47	
651.758	2913.82	
652.167	2888.07	
652.576	2836.58	
652.985	2932.54	
653.394	2845.95	
653.803	2874.03	
654.212	2881.05	
654.62	2892.76	
655.029	2944.25	
655.437	2817.86	
655.846	2817.86	
656.254	2801.47	
656.663	2644.66	
657.071	2525.29	
657.479	2345.07	
657.888	2569.76	
658.296	2518.27	
658.704	2558.06	
659.112	2661.04	
659.52	2707.85	
659.928	2647	
660.336	2654.02	
660.744	2663.38	
661.152	2785.09	
661.559	2597.85	
661.967	2618.91	
662.375	2764.03	
662.782	2721.9	
663.19	2745.3	
663.597	2768.71	
664.005	2614.23	
664.412	2658.7	
664.819	2628.28	
665.226	2649.34	
665.634	2726.58	
666.041	2602.53	
666.448	2602.53	
666.855	2544.02	
667.262	2546.36	
667.669	2527.63	
668.075	2518.27	
668.482	2607.21	
668.889	2520.61	
669.296	2499.55	
669.702	2387.2	
670.109	2373.16	
670.515	2375.5	
670.922	2569.76	
671.328	2471.46	
671.734	2429.33	
672.141	2483.16	
672.547	2352.09	
672.953	2314.64	
673.359	2485.5	
673.765	2394.22	
674.171	2476.14	
674.577	2382.52	
674.983	2424.65	
675.389	2328.69	
675.795	2267.83	
676.201	2459.76	
676.606	2366.14	
677.012	2321.67	
677.417	2370.82	
677.823	2242.09	
678.228	2366.14	
678.634	2333.37	
679.039	2265.49	
679.444	2293.58	
679.849	2108.68	
680.255	2361.45	
680.66	2232.72	
681.065	2228.04	
681.47	2270.17	
681.875	2171.87	
682.28	2181.23	
682.684	2118.04	
683.089	2143.78	
683.494	2225.7	
683.899	2218.68	
684.303	2232.72	
684.708	2050.16	
685.112	2106.34	
685.517	2197.62	
685.921	2082.93	
686.325	2061.87	
686.729	1989.31	
687.134	1993.99	
687.538	2010.37	
687.942	1855.9	
688.346	1675.68	
688.75	1710.79	
689.154	1755.26	
689.558	1649.93	
689.961	1783.34	
690.365	1816.11	
690.769	1734.19	
691.173	1785.68	
691.576	1834.83	
691.98	1851.22	
692.383	1993.99	
692.786	1998.67	
693.19	1968.24	
693.593	2106.34	
693.996	2047.82	
694.399	2017.4	
694.803	1977.61	
695.206	2157.83	
695.609	2082.93	
696.012	2080.59	
696.414	2080.59	
696.817	2096.97	
697.22	2132.08	
697.623	2075.91	
698.025	2190.6	
698.428	2195.28	
698.831	2223.36	
699.233	2146.12	
699.636	2338.05	
700.038	2288.9	
700.44	2253.79	
700.842	2211.66	
701.245	2199.96	
701.647	2380.18	
702.049	2305.28	
702.451	2319.32	
702.853	2335.71	
703.255	2462.1	
703.657	2401.24	
704.058	2391.88	
704.46	2347.41	
704.862	2544.02	
705.264	2480.82	
705.665	2623.59	
706.067	2558.06	
706.468	2576.78	
706.869	2656.36	
707.271	2654.02	
707.672	2635.3	
708.073	2738.28	
708.474	2747.64	
708.876	2768.71	
709.277	2820.2	
709.678	2754.66	
710.079	2707.85	
710.479	2829.56	
710.88	2890.42	
711.281	2892.76	
711.682	2874.03	
712.082	2869.35	
712.483	3047.23	
712.883	3021.49	
713.284	3014.46	
713.684	3009.78	
714.085	2932.54	
714.485	2876.37	
714.885	2979.36	
715.285	3056.59	
715.686	2960.63	
716.086	2939.57	
716.486	3042.55	
716.886	2962.97	
717.285	3171.28	
717.685	2934.89	
718.085	2855.31	
718.485	2845.95	
718.884	2773.39	
719.284	2618.91	
719.684	2745.3	
720.083	2663.38	
720.483	2682.11	
720.882	2728.92	
721.281	2689.13	
721.68	2696.15	
722.08	2885.73	
722.479	3058.93	
722.878	3026.17	
723.277	3168.94	
723.676	3173.62	
724.075	3061.27	
724.474	3208.73	
724.872	2962.97	
725.271	2951.27	
725.67	3061.27	
726.068	3070.64	
726.467	3157.24	
726.865	3157.24	
727.264	3192.34	
727.662	3257.88	
728.061	3229.79	
728.459	3206.39	
728.857	3314.05	
729.255	3271.92	
729.653	3314.05	
730.051	3267.24	
730.449	3381.93	
730.847	3276.6	
731.245	3325.75	
731.643	3337.46	
732.041	3463.85	
732.438	3435.76	
732.836	3655.77	
733.233	3496.61	
733.631	3784.5	
734.028	3646.41	
734.426	3950.68	
734.823	3924.93	
735.22	3995.15	
735.617	4011.53	
736.015	3901.53	
736.412	4086.43	
736.809	4105.15	
737.206	4168.35	
737.603	4098.13	
737.999	4196.43	
738.396	4215.16	
738.793	4201.12	
739.19	4212.82	
739.586	4107.49	
739.983	4236.22	
740.379	4034.94	
740.776	4126.22	
741.172	4357.93	
741.568	4304.1	
741.965	4168.35	
742.361	4123.88	
742.757	4088.77	
743.153	4280.69	
743.549	4088.77	
743.945	4273.67	
744.341	4411.76	
744.737	4346.23	
745.133	4301.76	
745.528	4388.36	
745.924	4393.04	
746.32	4339.21	
746.715	4362.61	
747.111	4201.12	
747.506	4425.81	
747.901	4395.38	
748.297	4346.23	
748.692	4367.29	
749.087	4163.67	
749.482	4285.37	
749.877	4229.2	
750.272	4390.7	
750.667	4196.43	
751.062	4276.01	
751.457	4154.3	
751.852	4154.3	
752.247	4123.88	
752.641	4245.59	
753.036	4322.82	
753.43	4224.52	
753.825	4285.37	
754.219	4149.62	
754.614	4126.22	
755.008	4219.84	
755.402	4184.73	
755.796	4280.69	
756.19	4142.6	
756.584	4149.62	
756.978	4177.71	
757.372	4105.15	
757.766	4245.59	
758.16	4196.43	
758.554	4226.86	
758.948	4119.2	
759.341	4187.07	
759.735	4060.68	
760.128	3931.95	
760.522	3428.74	
760.915	2654.02	
761.308	2045.48	
761.702	1645.25	
762.095	1591.42	
762.488	1661.63	
762.881	1949.52	
763.274	2043.14	
763.667	2038.46	
764.06	1745.89	
764.453	1771.64	
764.846	1820.79	
765.239	2054.84	
765.631	2122.72	
766.024	2356.77	
766.416	2490.18	
766.809	2562.74	
767.201	2806.16	
767.594	2923.18	
767.986	3152.56	
768.378	3290.65	
768.77	3311.71	
769.163	3442.78	
769.555	3468.53	
769.947	3578.53	
770.339	3428.74	
770.73	3578.53	
771.122	3620.66	
771.514	3672.15	
771.906	3637.05	
772.297	3674.49	
772.689	3566.83	
773.081	3536.4	
773.472	3487.25	
773.863	3424.06	
774.255	3587.89	
774.646	3505.98	
775.037	3466.19	
775.428	3517.68	
775.82	3339.8	
776.211	3337.46	
776.602	3405.33	
776.993	3356.18	
777.383	3438.1	
777.774	3367.88	
778.165	3302.35	
778.556	3288.31	
778.946	3307.03	
779.337	3080	
779.727	3213.41	
780.118	3218.09	
780.508	3220.43	
780.898	3178.3	
781.289	3084.68	
781.679	3206.39	
782.069	3058.93	
782.459	3070.64	
782.849	3007.44	
783.239	3143.19	
783.629	2979.36	
784.019	3035.53	
784.408	2962.97	
784.798	2967.65	
785.188	2965.31	
785.577	3019.14	
785.967	2948.93	
786.356	2946.59	
786.746	3019.14	
787.135	2946.59	
787.524	2867.01	
787.914	2864.67	
788.303	2852.97	
788.692	2876.37	
789.081	2852.97	
789.47	2855.31	
789.859	2766.37	
790.248	2651.68	
790.636	2691.47	
791.025	2614.23	
791.414	2724.24	
791.802	2675.09	
792.191	2710.19	
792.579	2600.19	
792.968	2579.12	
793.356	2588.49	
793.744	2595.51	
794.133	2497.21	
794.521	2412.95	
794.909	2600.19	
795.297	2487.84	
795.685	2424.65	
796.073	2520.61	
796.461	2398.9	
796.848	2459.76	
797.236	2431.67	
797.624	2462.1	
798.011	2387.2	
798.399	2368.48	
798.787	2445.71	
799.174	2492.52	
799.561	2368.48	
799.949	2419.97	
800.336	2335.71	
800.723	2415.29	
801.11	2331.03	
801.497	2438.69	
801.884	2291.24	
802.271	2342.73	
802.658	2288.9	
803.045	2316.98	
803.432	2389.54	
803.818	2225.7	
804.205	2256.13	
804.591	2305.28	
804.978	2239.75	
805.364	2153.15	
805.751	2267.83	
806.137	2260.81	
806.523	2143.78	
806.91	2209.32	
807.296	2176.55	
807.682	2157.83	
808.068	2141.44	
808.454	2068.89	
808.84	2106.34	
809.225	2122.72	
809.611	2277.19	
809.997	2075.91	
810.382	2106.34	
810.768	2064.21	
811.153	2010.37	
811.539	2008.03	
811.924	1916.75	
812.31	1961.22	
812.695	1902.71	
813.08	1982.29	
813.465	1977.61	
813.85	1898.03	
814.235	1823.13	
814.62	1778.66	
815.005	1860.58	
815.39	1773.98	
815.775	1766.96	
816.159	1734.19	
816.544	1769.3	
816.929	1668.66	
817.313	1593.76	
817.697	1692.06	
818.082	1661.63	
818.466	1544.61	
818.85	1563.33	
819.235	1488.43	
819.619	1560.99	
820.003	1528.22	
820.387	1502.48	
820.771	1511.84	
821.155	1619.5	
821.538	1645.25	
821.922	1685.04	
822.306	1696.74	
822.689	1607.8	
823.073	1530.56	
823.457	1607.8	
823.84	1408.86	
824.223	1441.62	
824.607	1500.14	
824.99	1575.03	
825.373	1556.31	
825.756	1560.99	
826.139	1591.42	
826.522	1553.97	
826.905	1568.01	
827.288	1600.78	
827.671	1668.66	
828.054	1600.78	
828.436	1549.29	
828.819	1518.86	
829.201	1483.75	
829.584	1511.84	
829.966	1558.65	
830.349	1406.52	
830.731	1465.03	
831.113	1383.11	
831.495	1453.33	
831.878	1434.6	
832.26	1474.39	
832.642	1500.14	
833.024	1331.62	
833.405	1422.9	
833.787	1436.94	
834.169	1434.6	
834.551	1483.75	
834.932	1427.58	
835.314	1418.22	
835.695	1467.37	
836.077	1493.12	
836.458	1490.77	
836.839	1472.05	
837.22	1439.28	
837.602	1490.77	
837.983	1373.75	
838.364	1460.35	
838.745	1432.26	
839.126	1448.65	
839.506	1474.39	
839.887	1458.01	
840.268	1422.9	
840.649	1418.22	
841.029	1420.56	
841.41	1448.65	
841.79	1462.69	
842.171	1535.25	
842.551	1383.11	
842.931	1462.69	
843.311	1345.66	
843.691	1413.54	
844.072	1362.05	
844.452	1336.3	
844.832	1310.55	
845.211	1378.43	
845.591	1352.68	
845.971	1345.66	
846.351	1359.7	
846.73	1366.73	
847.11	1324.6	
847.489	1392.47	
847.869	1275.45	
848.248	1413.54	
848.627	1366.73	
849.007	1401.83	
849.386	1289.49	
849.765	1263.74	
850.144	1422.9	
850.523	1207.57	
850.902	1252.04	
851.281	1252.04	
851.66	1273.11	
852.038	1254.38	
852.417	1170.12	
852.796	1252.04	
853.174	1270.76	
853.553	1235.66	
853.931	1315.23	
854.309	1216.93	
854.688	1205.23	
855.066	1106.93	
855.444	1043.73	
855.822	1097.56	
856.2	1156.08	
856.578	1172.46	
856.956	1160.76	
857.334	1200.55	
857.712	1235.66	
858.089	1177.14	
858.467	1263.74	
858.844	1216.93	
859.222	1123.31	
859.599	1123.31	
859.977	1186.51	
860.354	1142.04	
860.731	1142.04	
861.109	1142.04	
861.486	1076.5	
861.863	1167.78	
862.24	1137.35	
862.617	1123.31	
862.993	1151.4	
863.37	1113.95	
863.747	1125.65	
864.124	1106.93	
864.5	1142.04	
864.877	1067.14	
865.253	1043.73	
865.63	1113.95	
866.006	1127.99	
866.382	1057.78	
866.758	1043.73	
867.135	1120.97	
867.511	1048.41	
867.887	933.73	
868.263	1039.05	
868.639	961.81	
869.014	1046.07	
869.39	1010.97	
869.766	1092.88	
870.141	936.07	
870.517	929.05	
870.892	989.9	
871.268	973.52	
871.643	985.22	
872.019	922.02	
872.394	959.47	
872.769	999.26	
873.144	1025.01	
873.519	992.24	
873.894	952.45	
874.269	1003.94	
874.644	985.22	
875.019	1060.12	
875.393	893.94	
875.768	858.83	
876.143	875.21	
876.517	926.71	
876.891	926.71	
877.266	924.37	
877.64	896.28	
878.014	896.28	
878.389	805	
878.763	968.84	
879.137	886.92	
879.511	924.37	
879.885	933.73	
880.259	912.66	
880.632	844.79	
881.006	910.32	
881.38	868.19	
881.753	891.6	
882.127	886.92	
882.5	936.07	
882.874	903.3	
883.247	975.86	
883.62	926.71	
883.994	975.86	
884.367	898.62	
884.74	975.86	
885.113	945.43	
885.486	959.47	
885.859	982.88	
886.231	964.15	
886.604	898.62	
886.977	1025.01	
887.349	886.92	
887.722	954.79	
888.094	950.11	
888.467	1034.37	
888.839	1003.94	
889.211	900.96	
889.584	940.75	
889.956	1036.71	
890.328	872.87	
890.7	917.34	
891.072	982.88	
891.444	910.32	
891.816	924.37	
892.187	954.79	
892.559	996.92	
892.931	940.75	
893.302	875.21	
893.674	910.32	
894.045	922.02	
894.416	840.11	
894.788	807.34	
895.159	835.42	
895.53	823.72	
895.901	868.19	
896.272	793.3	
896.643	809.68	
897.014	819.04	
897.385	814.36	
897.756	755.85	
898.126	807.34	
898.497	727.76	
898.867	741.8	
899.238	730.1	
899.608	699.67	
899.979	664.57	
900.349	652.86	
900.719	636.48	
901.089	631.8	
901.459	648.18	
901.829	645.84	
902.199	615.41	
902.569	603.71	
902.939	652.86	
903.309	655.2	
903.679	570.94	
904.048	620.1	
904.418	713.72	
904.787	592.01	
905.157	631.8	
905.526	711.38	
905.895	659.88	
906.265	561.58	
906.634	645.84	
907.003	657.54	
907.372	650.52	
907.741	587.33	
908.11	603.71	
908.478	673.93	
908.847	533.5	
909.216	648.18	
909.585	629.46	
909.953	587.33	
910.322	556.9	
910.69	580.31	
911.058	570.94	
911.427	617.76	
911.795	526.47	
912.163	517.11	
912.531	566.26	
912.899	528.81	
913.267	608.39	
913.635	641.16	
914.003	608.39	
914.37	601.37	
914.738	493.71	
915.106	552.22	
915.473	563.92	
915.841	514.77	
916.208	552.22	
916.575	582.65	
916.943	486.69	
917.31	533.5	
917.677	500.73	
918.044	524.13	
918.411	627.12	
918.778	472.64	
919.145	608.39	
919.512	535.84	
919.879	416.47	
920.245	482	
920.612	507.75	
920.978	524.13	
921.345	500.73	
921.711	521.79	
922.078	517.11	
922.444	547.54	
922.81	472.64	
923.176	512.43	
923.542	446.9	
923.908	524.13	
924.274	559.24	
924.64	446.9	
925.006	484.34	
925.371	474.98	
925.737	533.5	
926.103	409.45	
926.468	484.34	
926.834	521.79	
927.199	493.71	
927.564	510.09	
927.93	446.9	
928.295	442.21	
928.66	484.34	
929.025	498.39	
929.39	512.43	
929.755	470.3	
930.12	482	
930.484	446.9	
930.849	538.18	
931.214	442.21	
931.578	444.56	
931.943	460.94	
932.307	446.9	
932.672	362.64	
933.036	411.79	
933.4	465.62	
933.764	393.06	
934.128	428.17	
934.492	381.36	
934.856	336.89	
935.22	418.81	
935.584	285.4	
935.948	381.36	
936.311	357.96	
936.675	407.11	
937.039	395.4	
937.402	329.87	
937.765	348.59	
938.129	393.06	
938.492	353.27	
938.855	364.98	
939.218	393.06	
939.581	332.21	
939.944	290.08	
940.307	367.32	
940.67	350.93	
941.033	379.02	
941.396	325.19	
941.758	318.17	
942.121	355.62	
942.483	381.36	
942.846	409.45	
943.208	428.17	
943.571	276.04	
943.933	393.06	
944.295	339.23	
944.657	269.02	
945.019	376.68	
945.381	325.19	
945.743	346.25	
946.105	360.3	
946.467	367.32	
946.828	360.3	
947.19	343.91	
947.551	313.49	
947.913	437.53	
948.274	332.21	
948.636	381.36	
948.997	357.96	
949.358	348.59	
949.719	357.96	
950.08	357.96	
950.441	362.64	
950.802	402.43	
951.163	355.62	
951.524	369.66	
951.885	346.25	
952.245	386.04	
952.606	341.57	
952.966	360.3	
953.327	339.23	
953.687	364.98	
954.047	299.44	
954.408	386.04	
954.768	311.14	
955.128	322.85	
955.488	355.62	
955.848	350.93	
956.208	341.57	
956.568	397.74	
956.927	386.04	
957.287	430.51	
957.647	460.94	
958.006	353.27	
958.366	357.96	
958.725	369.66	
959.084	313.49	
959.444	350.93	
959.803	400.09	
960.162	332.21	
960.521	428.17	
960.88	320.51	
961.239	306.46	
961.598	292.42	
961.957	311.14	
962.315	287.74	
962.674	332.21	
963.033	414.13	
963.391	350.93	
963.75	271.36	
964.108	372	
964.466	348.59	
964.824	393.06	
965.183	386.04	
965.541	336.89	
965.899	329.87	
966.257	407.11	
966.614	393.06	
966.972	350.93	
967.33	374.34	
967.688	379.02	
968.045	400.09	
968.403	397.74	
968.76	404.77	
969.118	350.93	
969.475	367.32	
969.832	343.91	
970.189	343.91	
970.546	346.25	
970.903	325.19	
971.26	341.57	
971.617	329.87	
971.974	329.87	
972.331	383.7	
972.688	372	
973.044	414.13	
973.401	332.21	
973.757	369.66	
974.114	402.43	
974.47	381.36	
974.826	393.06	
975.182	311.14	
975.538	414.13	
975.895	388.38	
976.251	376.68	
976.606	336.89	
976.962	332.21	
977.318	374.34	
977.674	357.96	
978.029	350.93	
978.385	379.02	
978.74	381.36	
979.096	360.3	
979.451	322.85	
979.806	386.04	
980.162	386.04	
980.517	357.96	
980.872	306.46	
981.227	264.33	
981.582	369.66	
981.937	332.21	
982.291	332.21	
982.646	311.14	
983.001	332.21	
983.355	423.49	
983.71	339.23	
984.064	334.55	
984.419	388.38	
984.773	334.55	
985.127	425.83	
985.481	360.3	
985.835	343.91	
986.189	367.32	
986.543	357.96	
986.897	362.64	
987.251	306.46	
987.605	348.59	
987.958	355.62	
988.312	336.89	
988.665	320.51	
989.019	334.55	
989.372	364.98	
989.725	332.21	
990.079	355.62	
990.432	355.62	
990.785	334.55	
991.138	327.53	
991.491	343.91	
991.844	276.04	
992.197	383.7	
992.549	311.14	
992.902	322.85	
993.254	297.1	
993.607	287.74	
993.959	271.36	
994.312	327.53	
994.664	353.27	
995.016	339.23	
995.368	372	
995.721	364.98	
996.073	299.44	
996.425	362.64	
996.776	346.25	
997.128	297.1	
997.48	393.06	
997.832	355.62	
998.183	334.55	
998.535	332.21	
998.886	343.91	
999.237	364.98	
999.589	322.85	
999.94	325.19	
1000.291	273.7	
1000.642	269.02	
1000.993	327.53	
1001.344	348.59	
1001.695	348.59	
1002.046	308.8	
1002.397	343.91	
1002.747	379.02	
1003.098	336.89	
1003.448	393.06	
1003.799	341.57	
1004.149	306.46	
1004.499	315.83	
1004.85	327.53	
1005.2	355.62	
1005.55	334.55	
1005.9	372	
1006.25	339.23	
1006.6	355.62	
1006.949	327.53	
1007.299	362.64	
1007.649	353.27	
1007.998	313.49	
1008.348	285.4	
1008.697	346.25	
1009.047	409.45	
1009.396	414.13	
1009.745	381.36	
1010.094	320.51	
1010.443	299.44	
1010.792	343.91	
1011.141	430.51	
1011.49	334.55	
1011.839	290.08	
1012.188	299.44	
1012.536	348.59	
1012.885	299.44	
1013.233	325.19	
1013.582	318.17	
1013.93	332.21	
1014.278	336.89	
1014.627	318.17	
1014.975	357.96	
1015.323	411.79	
1015.671	404.77	
1016.019	360.3	
1016.367	280.72	
1016.714	322.85	
1017.062	346.25	
1017.41	327.53	
1017.757	311.14	
1018.105	304.12	
1018.452	362.64	
1018.8	304.12	
1019.147	346.25	
1019.494	336.89	
1019.841	334.55	
1020.188	301.78	
1020.535	381.36	
1020.882	393.06	
1021.229	313.49	
1021.576	283.06	
1021.922	364.98	
1022.269	353.27	
1022.615	290.08	
1022.962	418.81	
1023.308	418.81	
1023.655	418.81	
