FLMS05814_1:101		
188.012	16.68	
188.47	16.68	
188.927	16.68	
189.385	-60.56	
189.842	-95.67	
190.3	-37.16	
190.757	-88.65	
191.215	-86.31	
191.672	-147.16	
192.129	-23.11	
192.586	-32.47	
193.044	58.81	
193.501	14.34	
193.958	-48.86	
194.415	30.72	
194.872	40.08	
195.329	-6.73	
195.787	-16.09	
196.244	51.78	
196.7	129.02	
197.157	161.79	
197.614	157.11	
198.071	241.37	
198.528	185.19	
198.985	234.35	
199.441	246.05	
199.898	290.52	
200.355	267.11	
200.812	234.35	
201.268	309.24	
201.725	283.5	
202.181	309.24	
202.638	311.58	
203.094	318.61	
203.551	309.24	
204.007	349.03	
204.463	318.61	
204.92	381.8	
205.376	332.65	
205.832	384.14	
206.288	437.97	
206.744	304.56	
207.201	365.42	
207.657	274.14	
208.113	327.97	
208.569	416.91	
209.025	344.35	
209.481	388.82	
209.937	288.18	
210.392	407.55	
210.848	330.31	
211.304	393.5	
211.76	372.44	
212.215	290.52	
212.671	386.48	
213.127	377.12	
213.582	374.78	
214.038	440.31	
214.494	402.86	
214.949	381.8	
215.404	334.99	
215.86	365.42	
216.315	327.97	
216.771	384.14	
217.226	309.24	
217.681	267.11	
218.136	313.92	
218.592	370.1	
219.047	248.39	
219.502	332.65	
219.957	377.12	
220.412	358.39	
220.867	325.63	
221.322	372.44	
221.777	302.22	
222.232	217.96	
222.687	302.22	
223.142	267.11	
223.596	318.61	
224.051	386.48	
224.506	292.86	
224.96	306.9	
225.415	363.08	
225.87	281.16	
226.324	344.35	
226.779	297.54	
227.233	309.24	
227.688	388.82	
228.142	351.37	
228.597	332.65	
229.051	346.69	
229.505	318.61	
229.959	372.44	
230.414	325.63	
230.868	264.77	
231.322	323.29	
231.776	337.33	
232.23	379.46	
232.684	360.74	
233.138	325.63	
233.592	367.76	
234.046	299.88	
234.5	409.89	
234.954	325.63	
235.408	370.1	
235.861	330.31	
236.315	299.88	
236.769	412.23	
237.222	337.33	
237.676	395.84	
238.13	292.86	
238.583	342.01	
239.037	360.74	
239.49	388.82	
239.944	349.03	
240.397	288.18	
240.85	330.31	
241.304	358.39	
241.757	325.63	
242.21	353.71	
242.663	393.5	
243.117	363.08	
243.57	391.16	
244.023	351.37	
244.476	327.97	
244.929	351.37	
245.382	313.92	
245.835	454.36	
246.288	353.71	
246.741	351.37	
247.193	377.12	
247.646	330.31	
248.099	367.76	
248.552	379.46	
249.004	250.73	
249.457	353.71	
249.909	400.52	
250.362	349.03	
250.814	372.44	
251.267	374.78	
251.719	337.33	
252.172	370.1	
252.624	367.76	
253.076	327.97	
253.529	412.23	
253.981	388.82	
254.433	278.82	
254.885	367.76	
255.337	327.97	
255.79	407.55	
256.242	349.03	
256.694	384.14	
257.146	344.35	
257.598	388.82	
258.049	344.35	
258.501	344.35	
258.953	360.74	
259.405	407.55	
259.857	358.39	
260.308	379.46	
260.76	402.86	
261.212	363.08	
261.663	320.95	
262.115	330.31	
262.566	367.76	
263.018	356.05	
263.469	360.74	
263.92	334.99	
264.372	334.99	
264.823	330.31	
265.274	267.11	
265.726	377.12	
266.177	384.14	
266.628	374.78	
267.079	386.48	
267.53	381.8	
267.981	381.8	
268.432	365.42	
268.883	384.14	
269.334	320.95	
269.785	416.91	
270.236	402.86	
270.687	407.55	
271.137	407.55	
271.588	437.97	
272.039	414.57	
272.489	323.29	
272.94	320.95	
273.391	381.8	
273.841	332.65	
274.292	381.8	
274.742	372.44	
275.192	395.84	
275.643	360.74	
276.093	386.48	
276.543	407.55	
276.994	356.05	
277.444	363.08	
277.894	363.08	
278.344	339.67	
278.794	400.52	
279.244	388.82	
279.694	379.46	
280.144	346.69	
280.594	419.25	
281.044	327.97	
281.494	447.33	
281.944	363.08	
282.394	365.42	
282.843	267.11	
283.293	370.1	
283.743	327.97	
284.192	370.1	
284.642	356.05	
285.091	363.08	
285.541	377.12	
285.99	332.65	
286.44	381.8	
286.889	379.46	
287.338	351.37	
287.788	414.57	
288.237	377.12	
288.686	412.23	
289.135	358.39	
289.584	306.9	
290.034	334.99	
290.483	414.57	
290.932	416.91	
291.381	344.35	
291.83	327.97	
292.278	393.5	
292.727	367.76	
293.176	367.76	
293.625	337.33	
294.074	356.05	
294.522	323.29	
294.971	363.08	
295.42	344.35	
295.868	351.37	
296.317	309.24	
296.765	363.08	
297.214	402.86	
297.662	360.74	
298.11	363.08	
298.559	379.46	
299.007	356.05	
299.455	426.27	
299.903	372.44	
300.352	365.42	
300.8	339.67	
301.248	290.52	
301.696	377.12	
302.144	332.65	
302.592	360.74	
303.04	320.95	
303.488	402.86	
303.936	423.93	
304.383	475.42	
304.831	400.52	
305.279	344.35	
305.727	412.23	
306.174	419.25	
306.622	365.42	
307.069	416.91	
307.517	370.1	
307.964	384.14	
308.412	342.01	
308.859	482.44	
309.306	386.48	
309.754	386.48	
310.201	393.5	
310.648	419.25	
311.096	437.97	
311.543	461.38	
311.99	419.25	
312.437	473.08	
312.884	515.21	
313.331	444.99	
313.778	484.78	
314.225	444.99	
314.672	587.77	
315.118	538.62	
315.565	494.15	
316.012	590.11	
316.459	578.4	
316.905	557.34	
317.352	592.45	
317.798	683.73	
318.245	618.19	
318.691	646.28	
319.138	620.53	
319.584	643.94	
320.031	594.79	
320.477	632.24	
320.923	744.58	
321.37	770.33	
321.816	805.44	
322.262	789.05	
322.708	760.97	
323.154	798.42	
323.6	760.97	
324.046	772.67	
324.492	732.88	
324.938	863.95	
325.384	873.31	
325.83	915.44	
326.276	892.04	
326.721	966.93	
327.167	1079.28	
327.613	1065.24	
328.058	978.64	
328.504	1060.56	
328.949	1004.38	
329.395	1065.24	
329.84	1062.9	
330.286	1102.68	
330.731	1116.73	
331.177	1196.31	
331.622	1175.24	
332.067	1215.03	
332.512	1189.28	
332.957	1210.35	
333.403	1151.84	
333.848	1149.5	
334.293	1198.65	
334.738	1142.47	
335.183	1112.05	
335.628	1240.78	
336.072	1226.73	
336.517	1217.37	
336.962	1193.97	
337.407	1175.24	
337.852	1102.68	
338.296	1048.85	
338.741	1044.17	
339.185	1107.37	
339.63	1186.94	
340.074	1212.69	
340.519	1222.05	
340.963	1294.61	
341.408	1360.14	
341.852	1306.31	
342.296	1271.2	
342.741	1318.01	
343.185	1261.84	
343.629	1374.19	
344.073	1360.14	
344.517	1385.89	
344.961	1198.65	
345.405	1222.05	
345.849	1208.01	
346.293	1289.93	
346.737	1348.44	
347.181	1325.04	
347.624	1233.75	
348.068	1278.23	
348.512	1310.99	
348.955	1212.69	
349.399	1233.75	
349.843	1339.08	
350.286	1299.29	
350.73	1259.5	
351.173	1289.93	
351.617	1404.61	
352.06	1399.93	
352.503	1315.67	
352.946	1332.06	
353.39	1292.27	
353.833	1287.59	
354.276	1355.46	
354.719	1411.64	
355.162	1392.91	
355.605	1470.15	
356.048	1449.08	
356.491	1559.09	
356.934	1484.19	
357.377	1432.7	
357.82	1353.12	
358.262	1362.48	
358.705	1238.44	
359.148	1313.33	
359.59	1198.65	
360.033	1200.99	
360.475	1350.78	
360.918	1430.36	
361.36	1505.26	
361.803	1488.87	
362.245	1500.58	
362.688	1416.32	
363.13	1362.48	
363.572	1413.98	
364.014	1456.11	
364.456	1533.34	
364.899	1575.47	
365.341	1514.62	
365.783	1601.22	
366.225	1622.28	
366.667	1690.16	
367.108	1804.85	
367.55	1751.01	
367.992	1704.2	
368.434	1734.63	
368.876	1701.86	
369.317	1727.61	
369.759	1685.48	
370.201	1666.75	
370.642	1814.21	
371.084	1821.23	
371.525	1753.35	
371.966	1680.8	
372.408	1755.69	
372.849	1821.23	
373.29	1715.91	
373.732	1711.22	
374.173	1547.39	
374.614	1650.37	
375.055	1350.78	
375.496	1495.89	
375.937	1479.51	
376.378	1603.56	
376.819	1729.95	
377.26	1715.91	
377.701	1755.69	
378.142	1755.69	
378.583	1823.57	
379.023	1961.66	
379.464	2099.75	
379.905	2010.81	
380.345	1818.89	
380.786	1736.97	
381.226	1734.63	
381.667	1762.72	
382.107	1966.34	
382.548	1720.59	
382.988	1683.14	
383.428	1594.2	
383.868	1449.08	
384.309	1301.63	
384.749	1278.23	
385.189	1353.12	
385.629	1425.68	
386.069	1545.05	
386.509	1676.12	
386.949	1594.2	
387.389	1580.15	
387.829	1725.27	
388.268	1671.44	
388.708	1704.2	
389.148	1758.03	
389.588	1629.31	
390.027	1748.67	
390.467	1786.12	
390.906	1793.14	
391.346	1825.91	
391.785	1971.02	
392.225	2055.28	
392.664	2036.56	
393.103	2099.75	
393.543	1919.53	
393.982	1636.33	
394.421	1355.46	
394.86	1378.87	
395.299	1444.4	
395.738	1633.99	
396.177	1905.49	
396.616	1966.34	
397.055	2029.54	
397.494	1715.91	
397.933	1467.81	
398.372	1411.64	
398.81	1624.62	
399.249	1886.76	
399.688	2226.14	
400.126	2294.02	
400.565	2336.15	
401.004	2507.01	
401.442	2595.95	
401.88	2584.24	
402.319	2598.29	
402.757	2712.97	
403.195	2897.88	
403.634	2755.1	
404.072	2635.74	
404.51	2689.57	
404.948	2682.55	
405.386	2736.38	
405.824	2563.18	
406.262	2652.12	
406.7	2680.21	
407.138	2591.27	
407.576	2694.25	
408.014	2584.24	
408.452	2553.82	
408.889	2783.19	
409.327	2724.68	
409.765	2729.36	
410.202	2771.49	
410.64	2874.47	
411.077	2708.29	
411.515	2598.29	
411.952	2652.12	
412.389	2879.15	
412.827	2841.7	
413.264	3059.37	
413.701	3045.33	
414.138	2844.04	
414.575	2975.11	
415.013	2984.48	
415.45	2851.07	
415.887	2937.66	
416.324	2902.56	
416.76	2921.28	
417.197	2935.32	
417.634	2811.28	
418.071	2808.94	
418.508	2860.43	
418.944	2893.19	
419.381	2876.81	
419.818	2923.62	
420.254	2818.3	
420.691	2862.77	
421.127	2720	
421.563	2801.91	
422	2890.85	
422.436	2949.37	
422.872	2813.62	
423.309	2975.11	
423.745	2830	
424.181	2705.95	
424.617	2682.55	
425.053	2764.47	
425.489	2724.68	
425.925	2947.03	
426.361	2860.43	
426.797	2745.74	
427.233	2755.1	
427.668	2902.56	
428.104	2902.56	
428.54	2727.02	
428.975	2717.65	
429.411	2787.87	
429.847	2734.04	
430.282	2635.74	
430.717	2581.9	
431.153	2605.31	
431.588	2387.64	
432.024	2317.42	
432.459	2441.47	
432.894	2668.5	
433.329	2820.64	
433.764	3000.86	
434.199	2961.07	
434.634	3033.63	
435.069	2996.18	
435.504	2811.28	
435.939	2947.03	
436.374	2951.71	
436.809	3169.38	
437.244	3094.48	
437.678	3148.31	
438.113	3202.15	
438.548	3082.78	
438.982	3012.56	
439.417	3007.88	
439.851	2984.48	
440.286	3042.99	
440.72	3073.42	
441.154	3197.46	
441.589	3026.61	
442.023	3019.58	
442.457	3230.23	
442.891	3143.63	
443.326	3410.45	
443.76	3298.11	
444.194	3326.19	
444.628	3216.19	
445.062	3333.22	
445.495	3340.24	
445.929	3298.11	
446.363	3190.44	
446.797	3129.59	
447.23	3202.15	
447.664	3197.46	
448.098	3302.79	
448.531	3450.24	
448.965	3457.26	
449.398	3412.79	
449.832	3415.13	
450.265	3351.94	
450.698	3438.54	
451.132	3419.82	
451.565	3536.84	
451.998	3543.86	
452.431	3646.85	
452.864	3536.84	
453.297	3522.8	
453.73	3487.69	
454.163	3405.77	
454.596	3335.56	
455.029	3431.52	
455.462	3499.39	
455.895	3377.69	
456.327	3581.31	
456.76	3691.32	
457.193	3597.7	
457.625	3674.93	
458.058	3806	
458.49	3836.43	
458.923	3822.39	
459.355	3588.33	
459.787	3672.59	
460.22	3798.98	
460.652	3731.11	
461.084	3761.53	
461.516	3714.72	
461.948	3920.69	
462.381	3745.15	
462.813	3948.78	
463.245	3829.41	
463.676	3904.31	
464.108	4100.91	
464.54	4035.38	
464.972	3997.93	
465.404	4002.61	
465.835	3951.12	
466.267	3880.9	
466.699	3899.63	
467.13	3820.05	
467.562	3845.79	
467.993	3965.16	
468.424	3901.97	
468.856	4145.38	
469.287	4030.7	
469.718	4152.4	
470.15	3958.14	
470.581	4236.66	
471.012	4007.29	
471.443	4047.08	
471.874	4154.74	
472.305	4129	
472.736	4210.92	
473.167	4512.85	
473.598	4323.26	
474.028	4447.31	
474.459	4531.57	
474.89	4573.7	
475.32	4522.21	
475.751	4489.44	
476.182	4746.9	
476.612	4840.52	
477.043	4674.34	
477.473	4840.52	
477.903	4866.27	
478.334	4915.42	
478.764	4971.59	
479.194	5161.17	
479.624	5065.21	
480.054	5083.94	
480.484	5135.43	
480.914	5378.84	
481.344	5348.42	
481.774	5327.35	
482.204	5556.72	
482.634	5540.34	
483.064	5577.79	
483.494	5690.13	
483.923	5495.87	
484.353	5563.75	
484.782	5580.13	
485.212	5631.62	
485.642	5687.79	
486.071	5692.48	
486.5	5540.34	
486.93	5271.18	
487.359	5034.78	
487.788	5142.45	
488.217	5205.64	
488.647	5247.77	
489.076	5477.15	
489.505	5523.96	
489.934	5624.6	
490.363	5828.23	
490.792	5676.09	
491.221	5987.38	
491.649	5926.53	
492.078	5931.21	
492.507	5858.65	
492.936	5769.71	
493.364	5886.74	
493.793	5893.76	
494.221	5971	
494.65	5875.04	
495.078	5839.93	
495.507	6038.87	
495.935	6050.58	
496.363	6146.54	
496.791	6017.81	
497.22	6006.11	
497.648	6020.15	
498.076	6050.58	
498.504	6256.54	
498.932	6076.32	
499.36	5919.51	
499.788	6024.83	
500.216	5919.51	
500.643	6031.85	
501.071	5968.66	
501.499	5999.09	
501.927	5825.89	
502.354	5853.97	
502.782	5741.63	
503.209	5526.3	
503.637	5594.17	
504.064	5666.73	
504.491	5853.97	
504.919	5746.31	
505.346	5886.74	
505.773	5797.8	
506.2	5802.48	
506.628	5971	
507.055	6146.54	
507.482	5931.21	
507.909	5999.09	
508.335	6076.32	
508.762	5860.99	
509.189	5905.46	
509.616	5863.33	
510.043	6076.32	
510.469	5992.06	
510.896	6043.56	
511.323	5870.36	
511.749	5905.46	
512.176	5800.14	
512.602	6169.94	
513.028	6233.14	
513.455	6132.5	
513.881	6132.5	
514.307	6209.73	
514.733	6081	
515.16	5963.98	
515.586	5954.62	
516.012	5954.62	
516.438	5971	
516.864	6116.11	
517.29	6020.15	
517.715	5846.95	
518.141	5538	
518.567	5299.27	
518.993	5582.47	
519.418	5664.39	
519.844	5502.89	
520.269	5755.67	
520.695	5832.91	
521.12	5980.36	
521.546	6095.05	
521.971	6048.24	
522.396	6057.6	
522.822	6315.06	
523.247	6244.84	
523.672	6324.42	
524.097	6165.26	
524.522	6301.01	
524.947	6471.87	
525.372	6689.54	
525.797	6392.3	
526.222	6490.6	
526.647	6553.79	
527.071	6331.44	
527.496	6364.21	
527.921	6141.86	
528.345	6139.52	
528.77	6052.92	
529.194	6270.59	
529.619	6352.51	
530.043	6478.9	
530.468	6478.9	
530.892	6691.88	
531.316	6450.81	
531.74	6673.16	
532.164	6942.32	
532.589	6638.05	
533.013	6717.63	
533.437	6806.57	
533.861	6329.1	
534.284	6476.55	
534.708	6413.36	
535.132	6411.02	
535.556	6581.88	
535.98	6380.59	
536.403	6661.46	
536.827	6670.82	
537.25	6787.85	
537.674	6586.56	
538.097	6490.6	
538.521	6411.02	
538.944	6209.73	
539.367	6595.92	
539.791	6186.33	
540.214	6387.61	
540.637	6506.98	
541.06	6354.85	
541.483	6247.18	
541.906	6282.29	
542.329	6200.37	
542.752	6183.99	
543.175	6291.65	
543.598	6256.54	
544.02	6375.91	
544.443	6242.5	
544.866	6298.67	
545.288	6193.35	
545.711	6462.51	
546.133	6530.39	
546.556	6539.75	
546.978	6319.74	
547.4	6392.3	
547.823	6411.02	
548.245	6251.86	
548.667	6261.23	
549.089	6151.22	
549.511	6394.64	
549.933	6380.59	
550.355	6506.98	
550.777	6198.03	
551.199	6282.29	
551.621	6183.99	
552.043	6448.47	
552.465	6235.48	
552.886	6394.64	
553.308	6324.42	
553.729	6120.79	
554.151	6155.9	
554.572	6305.7	
554.994	6371.23	
555.415	6425.06	
555.837	6291.65	
556.258	6415.7	
556.679	6312.72	
557.1	6303.36	
557.521	6130.16	
557.942	6207.39	
558.363	6092.71	
558.784	6055.26	
559.205	6162.92	
559.626	6076.32	
560.047	5954.62	
560.468	5884.4	
560.888	5790.78	
561.309	5924.19	
561.73	6001.43	
562.15	6015.47	
562.571	5975.68	
562.991	5961.64	
563.412	5893.76	
563.832	5786.1	
564.252	5928.87	
564.673	5671.41	
565.093	5772.05	
565.513	5839.93	
565.933	5692.48	
566.353	5760.35	
566.773	5743.97	
567.193	5582.47	
567.613	5519.28	
568.033	5711.2	
568.452	5713.54	
568.872	5605.88	
569.292	5484.17	
569.711	5624.6	
570.131	5519.28	
570.551	5512.25	
570.97	5463.1	
571.389	5683.11	
571.809	5238.41	
572.228	5231.39	
572.647	5411.61	
573.067	5367.14	
573.486	5285.22	
573.905	5545.02	
574.324	5425.65	
574.743	5435.02	
575.162	5437.36	
575.581	5568.43	
576	5460.76	
576.419	5526.3	
576.837	5278.2	
577.256	5257.14	
577.675	5205.64	
578.093	5273.52	
578.512	5343.74	
578.93	5154.15	
579.349	5282.88	
579.767	5102.66	
580.185	5217.35	
580.604	4901.37	
581.022	5179.9	
581.44	5170.54	
581.858	5205.64	
582.276	5081.6	
582.694	5030.1	
583.112	5095.64	
583.53	5006.7	
583.948	5065.21	
584.366	4910.74	
584.784	5086.28	
585.201	5044.15	
585.619	4938.82	
586.037	4896.69	
586.454	4772.64	
586.872	4899.03	
587.289	4760.94	
587.707	4758.6	
588.124	4817.12	
588.541	4625.19	
588.958	4604.13	
589.376	4538.59	
589.793	4529.23	
590.21	4327.94	
590.627	4241.34	
591.044	4227.3	
591.461	4339.65	
591.878	4353.69	
592.294	4477.74	
592.711	4494.12	
593.128	4440.29	
593.545	4491.78	
593.961	4508.16	
594.378	4435.61	
594.794	4540.93	
595.211	4524.55	
595.627	4400.5	
596.043	4379.43	
596.46	4498.8	
596.876	4386.46	
597.292	4557.32	
597.708	4480.08	
598.124	4470.72	
598.54	4515.19	
598.956	4613.49	
599.372	4564.34	
599.788	4622.85	
600.204	4543.27	
600.62	4510.5	
601.035	4494.12	
601.451	4491.78	
601.867	4461.35	
602.282	4477.74	
602.698	4583.06	
603.113	4564.34	
603.529	4461.35	
603.944	4576.04	
604.359	4538.59	
604.774	4510.5	
605.19	4576.04	
605.605	4538.59	
606.02	4601.79	
606.435	4653.28	
606.85	4466.03	
607.265	4484.76	
607.68	4377.09	
608.094	4346.67	
608.509	4409.86	
608.924	4367.73	
609.338	4330.28	
609.753	4196.87	
610.168	4248.36	
610.582	4320.92	
610.997	4018.99	
611.411	4037.72	
611.825	4131.34	
612.24	4175.81	
612.654	4126.66	
613.068	4037.72	
613.482	4084.53	
613.896	4178.15	
614.31	4054.1	
614.724	3885.58	
615.138	3878.56	
615.552	3817.71	
615.966	3911.33	
616.379	3834.09	
616.793	3834.09	
617.207	3887.92	
617.62	3791.96	
618.034	3679.61	
618.447	3686.64	
618.861	3625.78	
619.274	3756.85	
619.687	3679.61	
620.101	3660.89	
620.514	3646.85	
620.927	3593.01	
621.34	3841.11	
621.753	3618.76	
622.166	3595.36	
622.579	3625.78	
622.992	3553.23	
623.405	3625.78	
623.817	3513.44	
624.23	3557.91	
624.643	3443.22	
625.055	3387.05	
625.468	3424.5	
625.88	3401.09	
626.293	3356.62	
626.705	3328.53	
627.118	3328.53	
627.53	3263	
627.942	3373	
628.354	3298.11	
628.766	3349.6	
629.179	3223.21	
629.591	3152.99	
630.003	3134.27	
630.414	3307.47	
630.826	3145.97	
631.238	3227.89	
631.65	3164.7	
632.061	3071.08	
632.473	3260.66	
632.885	3099.16	
633.296	3141.29	
633.708	3103.84	
634.119	3122.57	
634.53	3096.82	
634.942	3094.48	
635.353	3082.78	
635.764	3082.78	
636.175	3115.55	
636.586	3117.89	
636.998	3199.8	
637.408	3050.01	
637.819	3138.95	
638.23	3014.9	
638.641	2991.5	
639.052	3005.54	
639.463	2921.28	
639.873	2918.94	
640.284	3136.61	
640.694	2998.52	
641.105	2968.09	
641.515	2879.15	
641.926	2930.64	
642.336	2925.96	
642.746	2890.85	
643.157	2860.43	
643.567	2792.55	
643.977	2780.85	
644.387	2872.13	
644.797	2851.07	
645.207	2820.64	
645.617	2820.64	
646.026	2729.36	
646.436	2734.04	
646.846	2764.47	
647.256	2684.89	
647.665	2689.57	
648.075	2652.12	
648.484	2631.05	
648.894	2670.84	
649.303	2621.69	
649.713	2755.1	
650.122	2638.08	
650.531	2551.48	
650.94	2418.07	
651.349	2588.93	
651.758	2652.12	
652.167	2560.84	
652.576	2525.73	
652.985	2591.27	
653.394	2492.96	
653.803	2516.37	
654.212	2577.22	
654.62	2560.84	
655.029	2574.88	
655.437	2530.41	
655.846	2518.71	
656.254	2577.22	
656.663	2418.07	
657.071	2406.36	
657.479	2216.78	
657.888	2200.4	
658.296	2155.93	
658.704	2258.91	
659.112	2242.53	
659.52	2336.15	
659.928	2247.21	
660.336	2287	
660.744	2366.57	
661.152	2282.31	
661.559	2464.88	
661.967	2467.22	
662.375	2263.59	
662.782	2406.36	
663.19	2429.77	
663.597	2375.94	
664.005	2338.49	
664.412	2322.1	
664.819	2317.42	
665.226	2315.08	
665.634	2303.38	
666.041	2340.83	
666.448	2270.61	
666.855	2352.53	
667.262	2240.19	
667.669	2289.34	
668.075	2279.97	
668.482	2319.76	
668.889	2287	
669.296	2301.04	
669.702	2212.1	
670.109	2179.33	
670.515	2191.03	
670.922	2249.55	
671.328	2331.47	
671.734	2165.29	
672.141	2106.77	
672.547	2144.22	
672.953	2160.61	
673.359	2130.18	
673.765	2127.84	
674.171	2111.46	
674.577	2209.76	
674.983	2120.82	
675.389	2151.24	
675.795	1978.05	
676.201	2109.12	
676.606	2116.14	
677.012	2020.17	
677.417	2064.65	
677.823	2141.88	
678.228	2109.12	
678.634	2045.92	
679.039	2008.47	
679.444	2085.71	
679.849	2059.96	
680.255	2066.99	
680.66	2099.75	
681.065	2043.58	
681.47	2013.15	
681.875	2017.83	
682.28	1999.11	
682.684	1987.41	
683.089	1931.23	
683.494	2008.47	
683.899	1935.92	
684.303	1949.96	
684.708	1903.15	
685.112	1917.19	
685.517	2010.81	
685.921	2017.83	
686.325	1907.83	
686.729	1879.74	
687.134	1802.51	
687.538	1854	
687.942	1715.91	
688.346	1708.88	
688.75	1605.9	
689.154	1650.37	
689.558	1624.62	
689.961	1556.75	
690.365	1561.43	
690.769	1608.24	
691.173	1701.86	
691.576	1725.27	
691.98	1795.48	
692.383	1629.31	
692.786	1774.42	
693.19	1835.27	
693.593	1814.21	
693.996	1825.91	
694.399	1783.78	
694.803	1711.22	
695.206	1825.91	
695.609	1854	
696.012	1891.45	
696.414	1739.31	
696.817	1849.32	
697.22	2003.79	
697.623	1868.04	
698.025	1956.98	
698.428	1882.08	
698.831	1973.36	
699.233	1942.94	
699.636	2071.67	
700.038	2027.2	
700.44	2102.09	
700.842	2069.33	
701.245	1973.36	
701.647	1992.09	
702.049	2132.52	
702.451	2057.62	
702.853	2111.46	
703.255	2148.9	
703.657	2069.33	
704.058	2069.33	
704.46	2139.54	
704.862	2244.87	
705.264	2272.95	
705.665	2223.8	
706.067	2237.84	
706.468	2296.36	
706.869	2261.25	
707.271	2237.84	
707.672	2287	
708.073	2345.51	
708.474	2427.43	
708.876	2474.24	
709.277	2518.71	
709.678	2511.69	
710.079	2577.22	
710.479	2455.51	
710.88	2535.09	
711.281	2528.07	
711.682	2614.67	
712.082	2586.58	
712.483	2647.44	
712.883	2701.27	
713.284	2668.5	
713.684	2619.35	
714.085	2684.89	
714.485	2602.97	
714.885	2628.71	
715.285	2720	
715.686	2677.87	
716.086	2715.31	
716.486	2734.04	
716.886	2771.49	
717.285	2727.02	
717.685	2696.59	
718.085	2579.56	
718.485	2640.42	
718.884	2499.98	
719.284	2492.96	
719.684	2364.23	
720.083	2446.15	
720.483	2434.45	
720.882	2485.94	
721.281	2385.3	
721.68	2413.38	
722.08	2605.31	
722.479	2528.07	
722.878	2708.29	
723.277	2911.92	
723.676	2902.56	
724.075	2867.45	
724.474	2837.02	
724.872	2806.59	
725.271	2766.81	
725.67	2743.4	
726.068	2895.54	
726.467	2893.19	
726.865	2925.96	
727.264	2792.55	
727.662	2790.21	
728.061	2853.41	
728.459	2860.43	
728.857	2820.64	
729.255	3007.88	
729.653	3033.63	
730.051	3113.21	
730.449	3031.29	
730.847	3031.29	
731.245	3021.92	
731.643	3000.86	
732.041	3167.04	
732.438	3174.06	
732.836	3258.32	
733.233	3305.13	
733.631	3480.67	
734.028	3433.86	
734.426	3492.37	
734.823	3581.31	
735.22	3534.5	
735.617	3618.76	
736.015	3707.7	
736.412	3726.43	
736.809	3672.59	
737.206	3621.1	
737.603	3578.97	
737.999	3674.93	
738.396	3740.47	
738.793	3798.98	
739.19	3731.11	
739.586	3770.9	
739.983	3841.11	
740.379	3841.11	
740.776	3880.9	
741.172	3752.17	
741.568	3834.09	
741.965	3953.46	
742.361	3864.52	
742.757	3958.14	
743.153	3913.67	
743.549	4018.99	
743.945	4009.63	
744.341	3993.25	
744.737	4068.14	
745.133	3955.8	
745.528	3873.88	
745.924	3967.5	
746.32	3972.18	
746.715	3911.33	
747.111	3953.46	
747.506	4021.33	
747.901	3969.84	
748.297	4000.27	
748.692	4030.7	
749.087	3939.41	
749.482	4000.27	
749.877	4086.87	
750.272	3817.71	
750.667	3967.5	
751.062	3894.94	
751.457	3934.73	
751.852	3841.11	
752.247	3890.26	
752.641	3937.07	
753.036	3824.73	
753.43	3789.62	
753.825	3733.45	
754.219	3887.92	
754.614	3775.58	
755.008	3892.6	
755.402	3810.68	
755.796	3852.81	
756.19	3836.43	
756.584	3873.88	
756.978	3679.61	
757.372	3810.68	
757.766	4014.31	
758.16	3969.84	
758.554	3857.5	
758.948	3885.58	
759.341	3815.37	
759.735	3768.56	
760.128	3534.5	
760.522	3075.76	
760.915	2495.3	
761.308	1870.38	
761.702	1608.24	
762.095	1491.21	
762.488	1715.91	
762.881	1701.86	
763.274	1877.4	
763.667	1854	
764.06	1697.18	
764.453	1617.6	
764.846	1779.1	
765.239	1861.02	
765.631	1952.3	
766.024	2123.16	
766.416	2397	
766.809	2518.71	
767.201	2537.43	
767.594	2750.42	
767.986	2813.62	
768.378	3094.48	
768.77	3141.29	
769.163	3127.25	
769.555	3183.42	
769.947	3335.56	
770.339	3316.83	
770.73	3237.25	
771.122	3328.53	
771.514	3351.94	
771.906	3293.43	
772.297	3298.11	
772.689	3384.71	
773.081	3335.56	
773.472	3380.03	
773.863	3431.52	
774.255	3288.75	
774.646	3349.6	
775.037	3227.89	
775.428	3206.83	
775.82	3087.46	
776.211	3124.91	
776.602	3160.02	
776.993	3113.21	
777.383	3064.05	
777.774	3103.84	
778.165	3019.58	
778.556	3087.46	
778.946	3026.61	
779.337	3003.2	
779.727	3068.73	
780.118	3035.97	
780.508	2921.28	
780.898	2956.39	
781.289	2907.24	
781.679	3028.95	
782.069	2858.09	
782.459	2790.21	
782.849	2996.18	
783.239	2947.03	
783.629	2848.72	
784.019	2778.51	
784.408	2780.85	
784.798	2893.19	
785.188	2715.31	
785.577	2755.1	
785.967	2794.89	
786.356	2687.23	
786.746	2752.76	
787.135	2682.55	
787.524	2638.08	
787.914	2755.1	
788.303	2715.31	
788.692	2528.07	
789.081	2628.71	
789.47	2574.88	
789.859	2609.99	
790.248	2598.29	
790.636	2654.46	
791.025	2495.3	
791.414	2439.13	
791.802	2542.11	
792.191	2436.79	
792.579	2441.47	
792.968	2357.21	
793.356	2464.88	
793.744	2338.49	
794.133	2427.43	
794.521	2514.03	
794.909	2387.64	
795.297	2352.53	
795.685	2275.29	
796.073	2291.68	
796.461	2315.08	
796.848	2205.08	
797.236	2394.66	
797.624	2233.16	
798.011	2350.19	
798.399	2179.33	
798.787	2193.37	
799.174	2289.34	
799.561	2389.98	
799.949	2228.48	
800.336	2181.67	
800.723	2160.61	
801.11	2193.37	
801.497	2174.65	
801.884	2256.57	
802.271	2078.69	
802.658	2205.08	
803.045	2179.33	
803.432	2169.97	
803.818	2088.05	
804.205	2186.35	
804.591	1973.36	
804.978	2088.05	
805.364	1980.39	
805.751	2003.79	
806.137	2066.99	
806.523	2045.92	
806.91	2078.69	
807.296	1898.47	
807.682	2092.73	
808.068	2045.92	
808.454	1949.96	
808.84	1971.02	
809.225	1868.04	
809.611	2043.58	
809.997	1987.41	
810.382	1879.74	
810.768	1978.05	
811.153	2010.81	
811.539	1823.57	
811.924	1907.83	
812.31	1933.58	
812.695	1893.79	
813.08	1722.93	
813.465	1882.08	
813.85	1797.82	
814.235	1861.02	
814.62	1814.21	
815.005	1694.84	
815.39	1619.94	
815.775	1694.84	
816.159	1601.22	
816.544	1531	
816.929	1577.81	
817.313	1582.49	
817.697	1573.13	
818.082	1423.34	
818.466	1477.17	
818.85	1556.75	
819.235	1488.87	
819.619	1512.28	
820.003	1657.39	
820.387	1512.28	
820.771	1575.47	
821.155	1521.64	
821.538	1495.89	
821.922	1512.28	
822.306	1594.2	
822.689	1552.07	
823.073	1580.15	
823.457	1404.61	
823.84	1439.72	
824.223	1421	
824.607	1404.61	
824.99	1428.02	
825.373	1390.57	
825.756	1460.79	
826.139	1456.11	
826.522	1559.09	
826.905	1477.17	
827.288	1491.21	
827.671	1442.06	
828.054	1538.02	
828.436	1388.23	
828.819	1456.11	
829.201	1392.91	
829.584	1381.21	
829.966	1491.21	
830.349	1392.91	
830.731	1346.1	
831.113	1423.34	
831.495	1341.42	
831.878	1332.06	
832.26	1385.89	
832.642	1413.98	
833.024	1507.6	
833.405	1341.42	
833.787	1435.04	
834.169	1385.89	
834.551	1310.99	
834.932	1451.42	
835.314	1299.29	
835.695	1523.98	
836.077	1474.83	
836.458	1409.3	
836.839	1348.44	
837.22	1409.3	
837.602	1334.4	
837.983	1495.89	
838.364	1486.53	
838.745	1301.63	
839.126	1397.59	
839.506	1369.51	
839.887	1409.3	
840.268	1325.04	
840.649	1423.34	
841.029	1406.95	
841.41	1416.32	
841.79	1350.78	
842.171	1285.25	
842.551	1357.8	
842.931	1303.97	
843.311	1303.97	
843.691	1261.84	
844.072	1327.38	
844.452	1259.5	
844.832	1332.06	
845.211	1346.1	
845.591	1301.63	
845.971	1226.73	
846.351	1205.67	
846.73	1266.52	
847.11	1231.41	
847.489	1306.31	
847.869	1222.05	
848.248	1203.33	
848.627	1271.2	
849.007	1238.44	
849.386	1271.2	
849.765	1280.57	
850.144	1219.71	
850.523	1208.01	
850.902	1172.9	
851.281	1236.1	
851.66	1170.56	
852.038	1168.22	
852.417	1137.79	
852.796	1215.03	
853.174	1175.24	
853.553	1086.3	
853.931	1165.88	
854.309	1229.07	
854.688	1048.85	
855.066	1135.45	
855.444	1062.9	
855.822	1116.73	
856.2	1083.96	
856.578	1142.47	
856.956	1107.37	
857.334	1102.68	
857.712	1107.37	
858.089	1105.03	
858.467	1067.58	
858.844	1158.86	
859.222	1137.79	
859.599	1032.47	
859.977	1105.03	
860.354	1100.34	
860.731	1053.53	
861.109	1083.96	
861.486	1079.28	
861.863	1053.53	
862.24	1135.45	
862.617	1083.96	
862.993	992.68	
863.37	1055.87	
863.747	1083.96	
864.124	1004.38	
864.5	1025.45	
864.877	1100.34	
865.253	1086.3	
865.63	1039.49	
866.006	938.85	
866.382	929.49	
866.758	915.44	
867.135	941.19	
867.511	1006.72	
867.887	1069.92	
868.263	999.7	
868.639	936.51	
869.014	1018.43	
869.39	971.61	
869.766	952.89	
870.141	908.42	
870.517	959.91	
870.892	1034.81	
871.268	903.74	
871.643	969.27	
872.019	908.42	
872.394	957.57	
872.769	910.76	
873.144	929.49	
873.519	929.49	
873.894	913.1	
874.269	999.7	
874.644	948.21	
875.019	896.72	
875.393	756.29	
875.768	962.25	
876.143	856.93	
876.517	873.31	
876.891	959.91	
877.266	894.38	
877.64	870.97	
878.014	793.73	
878.389	887.36	
878.763	882.67	
879.137	723.52	
879.511	875.65	
879.885	927.14	
880.259	894.38	
880.632	915.44	
881.006	859.27	
881.38	920.12	
881.753	908.42	
882.127	849.91	
882.5	885.02	
882.874	964.59	
883.247	1004.38	
883.62	861.61	
883.994	838.2	
884.367	938.85	
884.74	894.38	
885.113	948.21	
885.486	917.78	
885.859	873.31	
886.231	845.23	
886.604	910.76	
886.977	863.95	
887.349	959.91	
887.722	920.12	
888.094	966.93	
888.467	952.89	
888.839	929.49	
889.211	877.99	
889.584	1027.79	
889.956	906.08	
890.328	814.8	
890.7	859.27	
891.072	945.87	
891.444	856.93	
891.816	922.46	
892.187	894.38	
892.559	899.06	
892.931	894.38	
893.302	877.99	
893.674	901.4	
894.045	934.17	
894.416	842.89	
894.788	817.14	
895.159	814.8	
895.53	840.54	
895.901	833.52	
896.272	842.89	
896.643	789.05	
897.014	702.45	
897.385	838.2	
897.756	749.26	
898.126	744.58	
898.497	681.39	
898.867	805.44	
899.238	718.84	
899.608	707.13	
899.979	695.43	
900.349	660.32	
900.719	688.41	
901.089	702.45	
901.459	667.35	
901.829	667.35	
902.199	611.17	
902.569	672.03	
902.939	627.56	
903.309	615.85	
903.679	606.49	
904.048	695.43	
904.418	580.75	
904.787	557.34	
905.157	590.11	
905.526	660.32	
905.895	676.71	
906.265	613.51	
906.634	611.17	
907.003	683.73	
907.372	704.79	
907.741	629.9	
908.11	592.45	
908.478	629.9	
908.847	562.02	
909.216	545.64	
909.585	569.04	
909.953	512.87	
910.322	489.46	
910.69	538.62	
911.058	545.64	
911.427	613.51	
911.795	618.19	
912.163	517.55	
912.531	587.77	
912.899	573.72	
913.267	601.81	
913.635	585.43	
914.003	540.96	
914.37	435.63	
914.738	540.96	
915.106	498.83	
915.473	569.04	
915.841	608.83	
916.208	555	
916.575	524.57	
916.943	517.55	
917.31	524.57	
917.677	529.25	
918.044	615.85	
918.411	599.47	
918.778	508.19	
919.145	510.53	
919.512	475.42	
919.879	491.81	
920.245	505.85	
920.612	517.55	
920.978	489.46	
921.345	533.93	
921.711	470.74	
922.078	547.98	
922.444	512.87	
922.81	517.55	
923.176	510.53	
923.542	526.91	
923.908	587.77	
924.274	487.12	
924.64	587.77	
925.006	555	
925.371	545.64	
925.737	519.89	
926.103	519.89	
926.468	505.85	
926.834	475.42	
927.199	470.74	
927.564	531.59	
927.93	503.51	
928.295	557.34	
928.66	538.62	
929.025	466.06	
929.39	449.68	
929.755	468.4	
930.12	456.7	
930.484	391.16	
930.849	374.78	
931.214	524.57	
931.578	473.08	
931.943	444.99	
932.307	463.72	
932.672	407.55	
933.036	398.18	
933.4	414.57	
933.764	423.93	
934.128	372.44	
934.492	461.38	
934.856	386.48	
935.22	372.44	
935.584	381.8	
935.948	356.05	
936.311	391.16	
936.675	405.21	
937.039	365.42	
937.402	463.72	
937.765	388.82	
938.129	430.95	
938.492	419.25	
938.855	393.5	
939.218	344.35	
939.581	395.84	
939.944	398.18	
940.307	360.74	
940.67	337.33	
941.033	402.86	
941.396	325.63	
941.758	278.82	
942.121	349.03	
942.483	384.14	
942.846	384.14	
943.208	412.23	
943.571	379.46	
943.933	442.65	
944.295	402.86	
944.657	388.82	
945.019	365.42	
945.381	414.57	
945.743	391.16	
946.105	384.14	
946.467	405.21	
946.828	351.37	
947.19	334.99	
947.551	426.27	
947.913	407.55	
948.274	358.39	
948.636	386.48	
948.997	332.65	
949.358	311.58	
949.719	428.61	
950.08	405.21	
950.441	334.99	
950.802	400.52	
951.163	442.65	
951.524	388.82	
951.885	367.76	
952.245	365.42	
952.606	337.33	
952.966	395.84	
953.327	395.84	
953.687	349.03	
954.047	384.14	
954.408	393.5	
954.768	339.67	
955.128	400.52	
955.488	363.08	
955.848	337.33	
956.208	351.37	
956.568	409.89	
956.927	421.59	
957.287	412.23	
957.647	398.18	
958.006	381.8	
958.366	416.91	
958.725	318.61	
959.084	430.95	
959.444	414.57	
959.803	388.82	
960.162	358.39	
960.521	370.1	
960.88	393.5	
961.239	339.67	
961.598	367.76	
961.957	377.12	
962.315	414.57	
962.674	430.95	
963.033	381.8	
963.391	381.8	
963.75	386.48	
964.108	452.02	
964.466	393.5	
964.824	346.69	
965.183	398.18	
965.541	442.65	
965.899	260.09	
966.257	304.56	
966.614	388.82	
966.972	372.44	
967.33	353.71	
967.688	426.27	
968.045	442.65	
968.403	381.8	
968.76	407.55	
969.118	374.78	
969.475	344.35	
969.832	433.29	
970.189	374.78	
970.546	349.03	
970.903	332.65	
971.26	370.1	
971.617	414.57	
971.974	351.37	
972.331	363.08	
972.688	414.57	
973.044	353.71	
973.401	414.57	
973.757	400.52	
974.114	393.5	
974.47	363.08	
974.826	356.05	
975.182	367.76	
975.538	374.78	
975.895	435.63	
976.251	337.33	
976.606	374.78	
976.962	377.12	
977.318	309.24	
977.674	325.63	
978.029	346.69	
978.385	370.1	
978.74	363.08	
979.096	332.65	
979.451	346.69	
979.806	374.78	
980.162	339.67	
980.517	421.59	
980.872	283.5	
981.227	323.29	
981.582	426.27	
981.937	391.16	
982.291	342.01	
982.646	391.16	
983.001	339.67	
983.355	372.44	
983.71	398.18	
984.064	405.21	
984.419	365.42	
984.773	353.71	
985.127	402.86	
985.481	334.99	
985.835	395.84	
986.189	398.18	
986.543	318.61	
986.897	342.01	
987.251	360.74	
987.605	316.26	
987.958	381.8	
988.312	337.33	
988.665	330.31	
989.019	325.63	
989.372	267.11	
989.725	370.1	
990.079	346.69	
990.432	330.31	
990.785	342.01	
991.138	358.39	
991.491	367.76	
991.844	281.16	
992.197	334.99	
992.549	320.95	
992.902	349.03	
993.254	381.8	
993.607	360.74	
993.959	360.74	
994.312	400.52	
994.664	353.71	
995.016	393.5	
995.368	363.08	
995.721	349.03	
996.073	407.55	
996.425	388.82	
996.776	356.05	
997.128	332.65	
997.48	325.63	
997.832	447.33	
998.183	353.71	
998.535	393.5	
998.886	414.57	
999.237	309.24	
999.589	435.63	
999.94	416.91	
1000.291	412.23	
1000.642	302.22	
1000.993	346.69	
1001.344	353.71	
1001.695	297.54	
1002.046	421.59	
1002.397	292.86	
1002.747	360.74	
1003.098	402.86	
1003.448	342.01	
1003.799	351.37	
1004.149	339.67	
1004.499	330.31	
1004.85	337.33	
1005.2	311.58	
1005.55	334.99	
1005.9	292.86	
1006.25	381.8	
1006.6	332.65	
1006.949	353.71	
1007.299	351.37	
1007.649	325.63	
1007.998	327.97	
1008.348	363.08	
1008.697	313.92	
1009.047	353.71	
1009.396	407.55	
1009.745	356.05	
1010.094	370.1	
1010.443	367.76	
1010.792	393.5	
1011.141	325.63	
1011.49	346.69	
1011.839	367.76	
1012.188	344.35	
1012.536	351.37	
1012.885	384.14	
1013.233	342.01	
1013.582	339.67	
1013.93	295.2	
1014.278	339.67	
1014.627	342.01	
1014.975	405.21	
1015.323	386.48	
1015.671	400.52	
1016.019	386.48	
1016.367	320.95	
1016.714	316.26	
1017.062	377.12	
1017.41	351.37	
1017.757	386.48	
1018.105	344.35	
1018.452	384.14	
1018.8	358.39	
1019.147	386.48	
1019.494	302.22	
1019.841	318.61	
1020.188	342.01	
1020.535	386.48	
1020.882	358.39	
1021.229	372.44	
1021.576	304.56	
1021.922	353.71	
1022.269	344.35	
1022.615	400.52	
1022.962	430.95	
1023.308	430.95	
1023.655	430.95	
