FLMS05814_1:101		
188.012	-41.54	
188.47	-41.54	
188.927	-41.54	
189.385	-104.74	
189.842	-11.12	
190.3	-137.51	
190.757	33.35	
191.215	-170.27	
191.672	-139.85	
192.129	-22.82	
192.586	7.61	
193.044	-1.76	
193.501	-4.1	
193.958	23.99	
194.415	35.69	
194.872	42.71	
195.329	42.71	
195.787	115.27	
196.244	68.46	
196.7	75.48	
197.157	31.01	
197.614	129.31	
198.071	119.95	
198.528	265.07	
198.985	543.59	
199.441	555.29	
199.898	581.04	
200.355	599.76	
200.812	536.57	
201.268	459.33	
201.725	583.38	
202.181	665.3	
202.638	543.59	
203.094	559.97	
203.551	637.21	
204.007	564.65	
204.463	684.02	
204.92	637.21	
205.376	637.21	
205.832	604.44	
206.288	513.16	
206.744	520.18	
207.201	543.59	
207.657	576.36	
208.113	578.7	
208.569	627.85	
209.025	634.87	
209.481	595.08	
209.937	686.36	
210.392	552.95	
210.848	599.76	
211.304	618.49	
211.76	667.64	
212.215	630.19	
212.671	665.3	
213.127	632.53	
213.582	515.5	
214.038	583.38	
214.494	672.32	
214.949	637.21	
215.404	630.19	
215.86	613.81	
216.315	634.87	
216.771	557.63	
217.226	613.81	
217.681	574.02	
218.136	592.74	
218.592	712.11	
219.047	527.21	
219.502	620.83	
219.957	630.19	
220.412	616.15	
220.867	623.17	
221.322	602.1	
221.777	574.02	
222.232	630.19	
222.687	571.68	
223.142	541.25	
223.596	517.84	
224.051	536.57	
224.506	574.02	
224.96	552.95	
225.415	581.04	
225.87	602.1	
226.324	588.06	
226.779	569.34	
227.233	599.76	
227.688	623.17	
228.142	653.59	
228.597	566.99	
229.051	627.85	
229.505	562.31	
229.959	686.36	
230.414	585.72	
230.868	559.97	
231.322	618.49	
231.776	632.53	
232.23	494.44	
232.684	630.19	
233.138	548.27	
233.592	581.04	
234.046	564.65	
234.5	576.36	
234.954	545.93	
235.408	639.55	
235.861	618.49	
236.315	588.06	
236.769	616.15	
237.222	677	
237.676	630.19	
238.13	665.3	
238.583	641.89	
239.037	604.44	
239.49	662.96	
239.944	719.13	
240.397	641.89	
240.85	606.78	
241.304	611.46	
241.757	590.4	
242.21	618.49	
242.663	574.02	
243.117	693.38	
243.57	625.51	
244.023	637.21	
244.476	646.57	
244.929	658.28	
245.382	674.66	
245.835	623.17	
246.288	595.08	
246.741	613.81	
247.193	648.91	
247.646	660.62	
248.099	672.32	
248.552	625.51	
249.004	616.15	
249.457	569.34	
249.909	602.1	
250.362	665.3	
250.814	609.12	
251.267	632.53	
251.719	651.25	
252.172	662.96	
252.624	665.3	
253.076	702.75	
253.529	541.25	
253.981	648.91	
254.433	674.66	
254.885	688.7	
255.337	590.4	
255.79	641.89	
256.242	588.06	
256.694	623.17	
257.146	662.96	
257.598	599.76	
258.049	611.46	
258.501	707.43	
258.953	639.55	
259.405	674.66	
259.857	641.89	
260.308	719.13	
260.76	662.96	
261.212	662.96	
261.663	735.51	
262.115	747.22	
262.566	651.25	
263.018	679.34	
263.469	646.57	
263.92	630.19	
264.372	646.57	
264.823	686.36	
265.274	602.1	
265.726	651.25	
266.177	714.45	
266.628	632.53	
267.079	677	
267.53	719.13	
267.981	606.78	
268.432	639.55	
268.883	620.83	
269.334	695.72	
269.785	730.83	
270.236	679.34	
270.687	634.87	
271.137	658.28	
271.588	630.19	
272.039	627.85	
272.489	723.81	
272.94	637.21	
273.391	588.06	
273.841	700.41	
274.292	735.51	
274.742	536.57	
275.192	730.83	
275.643	623.17	
276.093	655.94	
276.543	644.23	
276.994	672.32	
277.444	641.89	
277.894	648.91	
278.344	618.49	
278.794	613.81	
279.244	623.17	
279.694	686.36	
280.144	672.32	
280.594	698.06	
281.044	686.36	
281.494	681.68	
281.944	681.68	
282.394	627.85	
282.843	751.9	
283.293	737.85	
283.743	641.89	
284.192	716.79	
284.642	726.15	
285.091	597.42	
285.541	712.11	
285.99	630.19	
286.44	681.68	
286.889	686.36	
287.338	660.62	
287.788	744.88	
288.237	691.04	
288.686	674.66	
289.135	681.68	
289.584	705.09	
290.034	705.09	
290.483	655.94	
290.932	655.94	
291.381	646.57	
291.83	620.83	
292.278	677	
292.727	735.51	
293.176	712.11	
293.625	716.79	
294.074	625.51	
294.522	630.19	
294.971	733.17	
295.42	669.98	
295.868	691.04	
296.317	674.66	
296.765	695.72	
297.214	691.04	
297.662	714.45	
298.11	782.32	
298.559	698.06	
299.007	686.36	
299.455	651.25	
299.903	686.36	
300.352	700.41	
300.8	761.26	
301.248	686.36	
301.696	723.81	
302.144	761.26	
302.592	726.15	
303.04	667.64	
303.488	700.41	
303.936	779.98	
304.383	677	
304.831	756.58	
305.279	751.9	
305.727	782.32	
306.174	817.43	
306.622	803.39	
307.069	833.82	
307.517	826.79	
307.964	943.82	
308.412	967.23	
308.859	946.16	
309.306	1011.7	
309.754	1140.43	
310.201	1100.64	
310.648	1074.89	
311.096	1095.96	
311.543	1241.07	
311.99	1358.1	
312.437	1458.74	
312.884	1470.44	
313.331	1596.83	
313.778	1636.62	
314.225	1770.03	
314.672	1798.12	
315.118	1798.12	
315.565	1936.21	
316.012	1999.4	
316.459	2064.94	
316.905	2064.94	
317.352	1994.72	
317.798	2303.67	
318.245	2502.62	
318.691	2521.34	
319.138	2516.66	
319.584	2514.32	
320.031	2729.65	
320.477	2816.25	
320.923	2966.04	
321.37	2977.75	
321.816	3284.36	
322.262	3406.06	
322.708	3590.97	
323.154	3544.16	
323.6	3595.65	
324.046	3576.92	
324.492	3740.76	
324.938	3986.52	
325.384	4201.85	
325.83	4480.37	
326.276	4592.72	
326.721	4983.59	
327.167	5388.5	
327.613	5903.42	
328.058	5915.12	
328.504	5816.82	
328.949	5933.84	
329.395	5709.15	
329.84	5915.12	
330.286	6142.15	
330.731	6734.31	
331.177	6830.27	
331.622	6947.3	
332.067	6460.46	
332.512	6483.87	
332.957	6640.68	
333.403	6673.45	
333.848	6596.21	
334.293	6731.97	
334.738	6729.63	
335.183	6795.16	
335.628	6975.38	
336.072	7090.07	
336.517	7176.67	
336.962	7162.62	
337.407	6853.67	
337.852	6446.42	
338.296	6486.21	
338.741	6696.86	
339.185	7003.47	
339.63	7298.38	
340.074	7525.41	
340.519	7682.22	
340.963	7932.66	
341.408	8229.91	
341.852	8138.63	
342.296	8126.93	
342.741	8054.37	
343.185	8180.76	
343.629	8454.6	
344.073	8672.27	
344.517	8679.29	
344.961	8269.7	
345.405	7602.65	
345.849	7551.15	
346.293	8147.99	
346.737	8332.89	
347.181	8428.85	
347.624	8772.91	
348.068	8667.59	
348.512	8559.92	
348.955	8562.26	
349.399	8634.82	
349.843	8702.7	
350.286	8702.7	
350.73	8527.16	
351.173	9182.51	
351.617	9575.72	
352.06	9814.45	
352.503	9552.31	
352.946	9657.64	
353.39	9484.44	
353.833	9400.18	
354.276	9650.61	
354.719	10076.59	
355.162	10713.22	
355.605	10987.06	
356.048	10935.57	
356.491	11132.17	
356.934	10727.26	
357.377	10507.25	
357.82	10025.1	
358.262	9334.64	
358.705	9376.77	
359.148	8927.39	
359.59	8489.71	
360.033	8613.76	
360.475	9994.67	
360.918	11115.79	
361.36	11509	
361.803	11080.68	
362.245	10734.28	
362.688	10525.97	
363.13	10507.25	
363.572	11246.86	
364.014	11462.19	
364.456	11640.07	
364.899	11827.31	
365.341	12173.71	
365.783	12005.19	
366.225	12342.23	
366.667	13044.39	
367.108	14205.3	
367.55	14556.38	
367.992	14425.31	
368.434	14425.31	
368.876	14139.76	
369.317	13854.22	
369.759	13851.88	
370.201	14184.23	
370.642	14975.33	
371.084	15197.68	
371.525	14820.86	
371.966	14163.17	
372.408	14727.24	
372.849	14743.62	
373.29	14472.12	
373.732	13622.5	
374.173	13341.64	
374.614	12808	
375.055	12105.84	
375.496	12293.08	
375.937	12283.72	
376.378	12686.29	
376.819	13753.57	
377.26	14310.62	
377.701	14385.52	
378.142	15050.23	
378.583	15949	
379.023	16992.87	
379.464	17332.25	
379.905	16789.25	
380.345	15956.02	
380.786	15239.81	
381.226	15382.59	
381.667	15647.07	
382.107	15993.47	
382.548	15576.85	
382.988	14212.32	
383.428	12789.27	
383.868	12056.68	
384.309	11129.83	
384.749	10898.12	
385.189	11628.37	
385.629	12761.19	
386.069	14128.06	
386.509	14174.87	
386.949	13842.51	
387.389	14011.03	
387.829	14357.43	
388.268	14465.1	
388.708	14432.33	
389.148	14603.19	
389.588	14650	
390.027	15207.05	
390.467	16183.05	
390.906	17566.31	
391.346	17985.26	
391.785	18411.24	
392.225	18694.44	
392.664	19251.49	
393.103	18914.45	
393.543	17311.19	
393.982	14790.43	
394.421	12349.25	
394.86	11513.68	
395.299	12609.05	
395.738	15242.15	
396.177	17432.9	
396.616	18355.07	
397.055	18607.84	
397.494	16370.29	
397.933	14207.64	
398.372	13603.78	
398.81	15384.93	
399.249	18862.96	
399.688	21203.5	
400.126	22631.22	
400.565	23888.09	
401.004	24831.33	
401.442	24819.63	
401.88	25751.16	
402.319	25889.25	
402.757	26783.34	
403.195	27288.89	
403.634	27408.26	
404.072	26956.53	
404.51	26895.68	
404.948	26935.47	
405.386	27066.54	
405.824	26577.37	
406.262	26797.38	
406.7	27005.69	
407.138	26724.82	
407.576	26757.59	
408.014	26715.46	
408.452	26830.15	
408.889	28126.8	
409.327	28449.8	
409.765	29510.06	
410.202	30252.01	
410.64	29833.05	
411.077	28828.96	
411.515	28817.26	
411.952	29182.38	
412.389	30790.33	
412.827	30926.08	
413.264	31810.81	
413.701	31518.24	
414.138	30886.29	
414.575	31031.41	
415.013	30467.34	
415.45	30680.33	
415.887	30757.56	
416.324	31068.86	
416.76	31122.69	
417.197	31412.91	
417.634	31944.22	
418.071	31525.26	
418.508	30392.44	
418.944	30111.58	
419.381	30003.91	
419.818	30071.79	
420.254	30373.72	
420.691	30486.06	
421.127	30083.49	
421.563	30207.54	
422	30975.23	
422.436	31946.56	
422.872	31969.96	
423.309	31113.33	
423.745	30851.19	
424.181	29793.26	
424.617	30762.25	
425.053	31335.68	
425.489	31015.02	
425.925	31726.55	
426.361	31356.74	
426.797	30240.31	
427.233	30816.08	
427.668	32281.25	
428.104	30717.78	
428.54	30991.62	
428.975	30984.6	
429.411	31665.69	
429.847	30839.48	
430.282	30553.94	
430.717	29634.11	
431.153	28065.95	
431.588	26380.76	
432.024	25269.01	
432.459	27284.21	
432.894	30453.3	
433.329	32711.91	
433.764	34345.61	
434.199	35178.84	
434.634	35532.26	
435.069	34757.54	
435.504	34125.6	
435.939	34764.56	
436.374	35190.54	
436.809	37535.76	
437.244	37432.77	
437.678	38525.8	
438.113	37577.89	
438.548	36555.07	
438.982	35448	
439.417	34727.11	
439.851	34668.6	
440.286	34266.03	
440.72	35546.3	
441.154	35326.29	
441.589	36168.88	
442.023	36686.14	
442.457	37861.09	
442.891	38600.7	
443.326	38832.41	
443.76	39586.07	
444.194	39670.32	
444.628	39218.6	
445.062	39438.61	
445.495	39724.16	
445.929	40288.23	
446.363	39305.2	
446.797	38703.68	
447.23	38148.98	
447.664	38287.07	
448.098	39675.01	
448.531	40241.42	
448.965	41311.04	
449.398	41966.39	
449.832	41018.47	
450.265	41554.46	
450.698	41898.51	
451.132	42647.49	
451.565	43574.34	
451.998	44370.12	
452.431	44220.33	
452.864	43883.29	
453.297	43611.79	
453.73	42741.11	
454.163	41800.21	
454.596	41884.47	
455.029	42516.42	
455.462	44220.33	
455.895	43335.6	
456.327	44171.18	
456.76	44709.5	
457.193	45666.78	
457.625	45545.07	
458.058	47387.07	
458.49	47831.77	
458.923	46766.83	
459.355	46371.28	
459.787	47972.21	
460.22	47351.96	
460.652	46399.37	
461.084	47632.83	
461.516	46577.25	
461.948	48150.09	
462.381	48487.12	
462.813	49807.19	
463.245	48852.25	
463.676	49540.36	
464.108	49811.87	
464.54	49769.74	
464.972	49708.88	
465.404	49086.3	
465.835	49041.83	
466.267	48728.2	
466.699	50162.95	
467.13	50347.85	
467.562	49685.48	
467.993	50113.8	
468.424	49531	
468.856	51047.67	
469.287	51192.78	
469.718	51478.33	
470.15	51604.72	
470.581	52210.92	
471.012	51986.22	
471.443	52578.38	
471.874	51817.71	
472.305	52082.19	
472.736	53065.21	
473.167	54427.4	
473.598	54595.92	
474.028	54413.36	
474.459	54844.02	
474.89	55017.22	
475.32	55454.9	
475.751	56063.44	
476.182	56398.13	
476.612	56618.14	
477.043	56339.62	
477.473	57266.47	
477.903	57083.91	
478.334	57807.14	
478.764	58783.14	
479.194	59028.9	
479.624	58743.35	
480.054	59410.4	
480.484	59855.1	
480.914	60274.06	
481.344	60002.56	
481.774	60271.72	
482.204	60489.39	
482.634	61137.72	
483.064	61889.03	
483.494	61631.57	
483.923	61561.36	
484.353	61594.12	
484.782	62055.21	
485.212	62448.42	
485.642	62291.6	
486.071	62265.86	
486.5	62123.08	
486.93	61114.31	
487.359	60037.67	
487.788	59742.76	
488.217	60657.91	
488.647	60969.2	
489.076	61921.8	
489.505	62305.65	
489.934	62392.25	
490.363	62703.54	
490.792	62797.16	
491.221	62797.16	
491.649	62797.16	
492.078	62797.16	
492.507	62797.16	
492.936	62797.16	
493.364	62797.16	
493.793	62797.16	
494.221	62797.16	
494.65	62797.16	
495.078	62797.16	
495.507	62797.16	
495.935	62797.16	
496.363	62797.16	
496.791	62797.16	
497.22	62797.16	
497.648	62797.16	
498.076	62797.16	
498.504	62797.16	
498.932	62797.16	
499.36	62797.16	
499.788	62797.16	
500.216	62797.16	
500.643	62797.16	
501.071	62797.16	
501.499	62797.16	
501.927	62797.16	
502.354	62797.16	
502.782	62797.16	
503.209	62797.16	
503.637	62797.16	
504.064	62797.16	
504.491	62797.16	
504.919	62797.16	
505.346	62797.16	
505.773	62797.16	
506.2	62797.16	
506.628	62797.16	
507.055	62797.16	
507.482	62797.16	
507.909	62797.16	
508.335	62797.16	
508.762	62797.16	
509.189	62797.16	
509.616	62797.16	
510.043	62797.16	
510.469	62797.16	
510.896	62797.16	
511.323	62797.16	
511.749	62797.16	
512.176	62797.16	
512.602	62797.16	
513.028	62797.16	
513.455	62797.16	
513.881	62797.16	
514.307	62797.16	
514.733	62797.16	
515.16	62797.16	
515.586	62797.16	
516.012	62797.16	
516.438	62797.16	
516.864	62797.16	
517.29	62797.16	
517.715	62797.16	
518.141	61884.35	
518.567	61306.24	
518.993	62062.23	
519.418	62064.57	
519.844	62322.03	
520.269	62469.48	
520.695	62797.16	
521.12	62797.16	
521.546	62797.16	
521.971	62797.16	
522.396	62797.16	
522.822	62797.16	
523.247	62797.16	
523.672	62797.16	
524.097	62797.16	
524.522	62797.16	
524.947	62797.16	
525.372	62797.16	
525.797	62797.16	
526.222	62797.16	
526.647	62797.16	
527.071	62797.16	
527.496	62797.16	
527.921	62797.16	
528.345	62682.47	
528.77	62797.16	
529.194	62797.16	
529.619	62797.16	
530.043	62797.16	
530.468	62797.16	
530.892	62797.16	
531.316	62797.16	
531.74	62797.16	
532.164	62797.16	
532.589	62797.16	
533.013	62797.16	
533.437	62797.16	
533.861	62797.16	
534.284	62797.16	
534.708	62797.16	
535.132	62797.16	
535.556	62797.16	
535.98	62797.16	
536.403	62797.16	
536.827	62797.16	
537.25	62797.16	
537.674	62797.16	
538.097	62797.16	
538.521	62797.16	
538.944	62797.16	
539.367	62797.16	
539.791	62797.16	
540.214	62797.16	
540.637	62797.16	
541.06	62797.16	
541.483	62797.16	
541.906	62549.06	
542.329	62719.92	
542.752	62797.16	
543.175	62797.16	
543.598	62797.16	
544.02	62797.16	
544.443	62785.46	
544.866	62797.16	
545.288	62797.16	
545.711	62797.16	
546.133	62797.16	
546.556	62797.16	
546.978	62797.16	
547.4	62797.16	
547.823	62797.16	
548.245	62797.16	
548.667	62797.16	
549.089	62797.16	
549.511	62797.16	
549.933	62797.16	
550.355	62797.16	
550.777	62797.16	
551.199	62797.16	
551.621	62797.16	
552.043	62797.16	
552.465	62797.16	
552.886	62797.16	
553.308	62797.16	
553.729	62797.16	
554.151	62797.16	
554.572	62694.17	
554.994	62797.16	
555.415	62797.16	
555.837	62797.16	
556.258	62797.16	
556.679	62797.16	
557.1	62797.16	
557.521	62794.82	
557.942	62647.36	
558.363	62460.12	
558.784	62258.84	
559.205	62202.66	
559.626	62588.85	
560.047	62097.34	
560.468	61900.73	
560.888	61804.77	
561.309	61898.39	
561.73	61877.33	
562.15	62202.66	
562.571	62235.43	
562.991	61783.71	
563.412	61975.63	
563.832	62125.42	
564.252	62043.51	
564.673	62050.53	
565.093	62008.4	
565.513	61767.32	
565.933	61982.65	
566.353	61893.71	
566.773	61402.2	
567.193	61016.01	
567.613	61006.65	
568.033	61128.36	
568.452	61692.43	
568.872	61619.87	
569.292	61900.73	
569.711	61367.09	
570.131	61048.78	
570.551	61175.17	
570.97	61177.51	
571.389	61177.51	
571.809	60920.05	
572.228	60573.65	
572.647	60992.61	
573.067	60969.2	
573.486	61109.63	
573.905	61594.12	
574.324	62132.45	
574.743	61495.82	
575.162	61633.91	
575.581	61755.62	
576	61697.11	
576.419	61207.93	
576.837	61062.82	
577.256	61226.66	
577.675	61310.92	
578.093	61617.53	
578.512	61542.63	
578.93	61287.51	
579.349	60686	
579.767	60522.16	
580.185	60566.63	
580.604	60370.02	
581.022	60791.32	
581.44	60653.23	
581.858	60641.52	
582.276	60454.28	
582.694	60426.2	
583.112	61207.93	
583.53	60599.4	
583.948	60973.88	
584.366	60866.22	
584.784	60758.55	
585.201	60634.5	
585.619	60063.41	
586.037	59777.87	
586.454	59812.98	
586.872	59581.26	
587.289	59532.11	
587.707	59152.94	
588.124	59454.87	
588.541	58977.4	
588.958	59019.53	
589.376	58879.1	
589.793	57851.61	
590.21	57004.33	
590.627	56030.67	
591.044	56154.72	
591.461	56547.93	
591.878	57210.3	
592.294	57685.43	
592.711	57741.6	
593.128	57956.93	
593.545	58190.98	
593.961	57970.97	
594.378	58095.02	
594.794	58324.39	
595.211	58230.77	
595.627	58141.83	
596.043	57900.76	
596.46	58024.81	
596.876	57985.02	
597.292	58387.59	
597.708	58797.18	
598.124	59049.96	
598.54	58715.26	
598.956	58539.72	
599.372	58539.72	
599.788	59017.19	
600.204	58825.27	
600.62	58773.78	
601.035	59113.16	
601.451	58827.61	
601.867	59220.82	
602.282	58937.61	
602.698	58645.05	
603.113	58462.49	
603.529	58801.86	
603.944	58703.56	
604.359	58858.04	
604.774	59384.66	
605.19	59284.01	
605.605	58991.45	
606.02	58848.67	
606.435	59253.59	
606.85	59127.2	
607.265	58193.32	
607.68	58167.58	
608.094	58088	
608.509	58490.57	
608.924	58113.75	
609.338	58022.47	
609.753	57399.88	
610.168	57285.2	
610.582	57238.39	
610.997	57149.45	
611.411	56831.13	
611.825	56505.8	
612.24	56585.38	
612.654	56571.33	
613.068	56353.66	
613.482	56025.99	
613.896	56161.74	
614.31	55836.41	
614.724	55628.1	
615.138	55347.23	
615.552	55389.36	
615.966	55288.72	
616.379	55546.18	
616.793	54797.21	
617.207	54675.5	
617.62	54462.51	
618.034	53797.8	
618.447	53542.68	
618.861	54034.19	
619.274	54324.42	
619.687	54162.92	
620.101	54013.13	
620.514	54380.59	
620.927	53910.14	
621.34	54228.46	
621.753	53989.72	
622.166	53755.67	
622.579	54022.49	
622.992	53301.6	
623.405	52852.22	
623.817	52863.92	
624.23	52690.73	
624.643	52337.3	
625.055	52168.79	
625.468	51939.41	
625.88	51841.11	
626.293	51637.48	
626.705	51167.04	
627.118	51363.64	
627.53	51033.63	
627.942	51068.73	
628.354	50422.75	
628.766	50221.46	
629.179	50001.45	
629.591	49554.41	
630.003	49816.55	
630.414	49713.56	
630.826	49266.52	
631.238	49128.43	
631.65	48945.87	
632.061	49193.96	
632.473	48866.29	
632.885	48803.1	
633.296	48601.81	
633.708	48636.92	
634.119	48896.72	
634.53	48934.17	
634.942	49170.56	
635.353	47857.52	
635.764	47733.47	
636.175	48430.95	
636.586	48473.08	
636.998	48267.11	
637.408	48117.32	
637.819	47974.55	
638.23	47794.32	
638.641	47773.26	
639.052	47871.56	
639.463	47754.54	
639.873	47768.58	
640.284	47911.35	
640.694	46390	
641.105	47136.63	
641.515	46904.92	
641.926	46322.13	
642.336	46602.99	
642.746	45898.49	
643.157	45126.11	
643.567	45598.9	
643.977	44873.34	
644.387	45453.79	
644.797	45559.11	
645.207	44648.64	
645.617	45025.47	
646.026	46052.97	
646.436	44540.98	
646.846	45011.43	
647.256	43932.44	
647.665	44107.98	
648.075	44180.54	
648.484	42745.79	
648.894	42649.83	
649.303	43185.81	
649.713	43082.83	
650.122	42013.2	
650.531	41694.89	
650.94	41453.81	
651.349	42055.33	
651.758	42434.5	
652.167	42755.15	
652.576	43555.61	
652.985	42631.1	
653.394	42476.63	
653.803	41772.13	
654.212	41783.83	
654.62	42404.07	
655.029	41786.17	
655.437	42331.51	
655.846	42191.08	
656.254	41779.15	
656.663	40199.29	
657.071	38663.89	
657.479	37292.34	
657.888	36988.07	
658.296	37559.16	
658.704	37776.83	
659.112	39050.08	
659.52	39642.24	
659.928	39911.4	
660.336	40187.58	
660.744	39649.26	
661.152	39686.71	
661.559	40007.36	
661.967	40370.15	
662.375	40508.24	
662.782	40627.6	
663.19	40159.5	
663.597	39951.19	
664.005	40187.58	
664.412	39307.54	
664.819	39225.62	
665.226	39796.71	
665.634	38968.16	
666.041	38986.89	
666.448	39132	
666.855	39218.6	
667.262	39246.69	
667.669	37928.97	
668.075	37877.47	
668.482	37847.05	
668.889	37364.9	
669.296	37584.91	
669.702	37760.45	
670.109	37421.07	
670.515	37737.04	
670.922	38778.58	
671.328	37933.65	
671.734	37671.51	
672.141	37856.41	
672.547	37182.34	
672.953	36306.98	
673.359	36512.94	
673.765	35918.45	
674.171	35785.04	
674.577	36519.96	
674.983	35806.1	
675.389	36054.2	
675.795	35719.5	
676.201	35064.15	
676.606	35525.24	
677.012	35096.92	
677.417	35281.82	
677.823	35036.06	
678.228	34811.37	
678.634	35059.47	
679.039	34912.02	
679.444	34773.92	
679.849	34596.04	
680.255	34329.22	
680.66	33507.69	
681.065	33634.08	
681.47	34006.23	
681.875	33524.08	
682.28	33718.34	
682.684	33900.9	
683.089	33350.88	
683.494	33037.25	
683.899	32852.34	
684.303	32517.65	
684.708	32117.42	
685.112	32578.5	
685.517	31799.1	
685.921	31377.81	
686.325	31539.3	
686.729	31370.79	
687.134	30685.01	
687.538	28370.22	
687.942	26310.55	
688.346	24098.74	
688.75	23794.47	
689.154	23618.93	
689.558	24353.86	
689.961	24948.36	
690.365	25301.78	
690.769	25079.43	
691.173	25709.03	
691.576	25917.34	
691.98	26060.11	
692.383	26469.7	
692.786	26851.21	
693.19	27291.23	
693.593	27237.4	
693.996	26811.42	
694.399	26661.63	
694.803	27038.45	
695.206	26560.98	
695.609	26844.19	
696.012	26598.43	
696.414	27136.76	
696.817	26649.92	
697.22	26649.92	
697.623	27616.57	
698.025	27426.98	
698.428	27302.93	
698.831	27209.31	
699.233	27153.14	
699.636	26921.43	
700.038	26652.27	
700.44	25968.83	
700.842	26366.72	
701.245	25486.68	
701.647	25496.04	
702.049	25592	
702.451	25755.84	
702.853	25041.98	
703.255	24573.87	
703.657	25037.3	
704.058	25154.32	
704.46	25105.17	
704.862	25484.34	
705.264	25535.83	
705.665	24807.92	
706.067	25545.19	
706.468	25439.87	
706.869	25212.84	
707.271	24723.66	
707.672	24786.86	
708.073	24779.84	
708.474	25276.03	
708.876	24552.8	
709.277	24871.12	
709.678	24695.58	
710.079	24768.13	
710.479	24075.34	
710.88	24274.28	
711.281	24709.62	
711.682	24515.36	
712.082	24531.74	
712.483	24129.17	
712.883	23761.7	
713.284	23838.94	
713.684	23670.42	
714.085	24278.96	
714.485	23773.41	
714.885	23897.45	
715.285	24180.66	
715.686	23871.71	
716.086	23604.89	
716.486	23150.82	
716.886	23113.38	
717.285	23405.94	
717.685	22113.97	
718.085	21020.94	
718.485	20166.64	
718.884	19548.74	
719.284	19043.18	
719.684	18612.53	
720.083	18254.42	
720.483	17517.15	
720.882	17606.09	
721.281	17985.26	
721.68	18149.1	
722.08	18500.18	
722.479	19361.5	
722.878	19616.61	
723.277	20419.42	
723.676	20417.08	
724.075	20583.26	
724.474	19272.56	
724.872	18460.39	
725.271	19239.79	
725.67	19174.25	
726.068	18642.95	
726.467	18338.68	
726.865	18317.62	
727.264	18603.16	
727.662	18481.46	
728.061	18362.09	
728.459	18537.63	
728.857	18666.36	
729.255	18884.03	
729.653	18841.9	
730.051	18460.39	
730.449	18195.91	
730.847	18158.46	
731.245	18790.41	
731.643	18741.25	
732.041	18415.92	
732.438	18179.53	
732.836	18834.88	
733.233	19188.3	
733.631	19118.08	
734.028	18888.71	
734.426	19450.44	
734.823	20208.77	
735.22	19930.25	
735.617	20349.2	
736.015	19841.31	
736.412	19939.61	
736.809	19696.19	
737.206	19988.76	
737.603	20033.23	
737.999	20150.26	
738.396	20152.6	
738.793	19642.36	
739.19	19497.25	
739.586	19801.52	
739.983	19583.85	
740.379	19785.13	
740.776	19581.51	
741.172	19256.17	
741.568	19483.2	
741.965	19160.21	
742.361	19012.76	
742.757	19279.58	
743.153	19155.53	
743.549	19319.37	
743.945	19438.73	
744.341	19043.18	
744.737	19022.12	
745.133	19661.09	
745.528	19176.59	
745.924	19139.15	
746.32	19080.63	
746.715	19618.96	
747.111	19001.05	
747.506	19218.72	
747.901	18975.31	
748.297	18729.55	
748.692	19059.57	
749.087	19106.38	
749.482	18907.43	
749.877	18603.16	
750.272	18764.66	
750.667	17854.19	
751.062	17929.09	
751.457	17978.24	
751.852	17765.25	
752.247	17556.94	
752.641	17854.19	
753.036	17713.76	
753.43	17697.38	
753.825	17556.94	
754.219	17585.03	
754.614	17615.46	
755.008	18144.42	
755.402	17327.57	
755.796	17327.57	
756.19	17196.5	
756.584	17379.06	
756.978	17423.53	
757.372	17030.32	
757.766	17142.67	
758.16	17526.52	
758.554	17065.43	
758.948	17128.63	
759.341	16716.69	
759.735	16234.54	
760.128	14998.74	
760.522	13149.71	
760.915	9777	
761.308	7267.95	
761.702	5678.72	
762.095	5496.16	
762.488	6341.1	
762.881	7136.88	
763.274	7413.06	
763.667	7090.07	
764.06	6867.72	
764.453	6556.43	
764.846	6860.7	
765.239	7270.29	
765.631	7984.15	
766.024	8676.95	
766.416	9542.95	
766.809	10046.16	
767.201	10530.66	
767.594	11352.18	
767.986	12091.79	
768.378	12955.45	
768.77	13823.79	
769.163	13435.26	
769.555	13999.33	
769.947	14083.59	
770.339	14287.22	
770.73	14186.57	
771.122	14305.94	
771.514	14303.6	
771.906	14406.58	
772.297	13912.73	
772.689	14181.89	
773.081	14207.64	
773.472	14235.72	
773.863	14015.71	
774.255	13599.1	
774.646	13940.82	
775.037	13498.45	
775.428	13292.49	
775.82	13154.4	
776.211	13170.78	
776.602	12990.56	
776.993	13145.03	
777.383	13444.62	
777.774	13140.35	
778.165	13130.99	
778.556	12908.64	
778.946	12845.45	
779.337	12424.15	
779.727	12257.97	
780.118	12337.55	
780.508	12297.76	
780.898	12396.06	
781.289	12190.1	
781.679	11892.85	
782.069	12054.34	
782.459	11626.03	
782.849	11656.45	
783.239	12213.5	
783.629	11738.37	
784.019	11799.23	
784.408	11609.64	
784.798	11534.75	
785.188	11696.24	
785.577	11384.95	
785.967	11214.09	
786.356	11057.28	
786.746	11052.59	
787.135	11045.57	
787.524	10884.08	
787.914	10715.56	
788.303	10940.25	
788.692	10970.68	
789.081	10537.68	
789.47	10198.3	
789.859	10118.72	
790.248	10193.62	
790.636	10500.23	
791.025	10053.19	
791.414	10095.32	
791.802	10111.7	
792.191	10055.53	
792.579	9365.07	
792.968	9423.58	
793.356	9791.05	
793.744	9475.07	
794.133	9362.73	
794.521	9322.94	
794.909	9468.05	
795.297	9095.91	
795.685	9241.02	
796.073	9404.86	
796.461	8988.24	
796.848	8934.41	
797.236	9074.84	
797.624	8988.24	
798.011	8911	
798.399	8847.81	
798.787	8859.51	
799.174	8836.11	
799.561	8679.29	
799.949	8618.44	
800.336	8955.47	
800.723	8592.69	
801.11	8566.95	
801.497	8459.28	
801.884	8330.55	
802.271	8447.58	
802.658	8253.31	
803.045	8220.55	
803.432	8129.27	
803.818	8112.88	
804.205	7984.15	
804.591	8105.86	
804.978	7972.45	
805.364	7754.78	
805.751	8040.33	
806.137	7752.44	
806.523	7729.03	
806.91	7679.88	
807.296	7839.04	
807.682	7752.44	
808.068	7761.8	
808.454	7619.03	
808.84	7576.9	
809.225	7590.94	
809.611	7429.45	
809.997	7321.78	
810.382	7452.85	
810.768	7146.24	
811.153	7265.61	
811.539	6926.23	
811.924	7115.81	
812.31	6600.9	
812.695	6738.99	
813.08	6764.73	
813.465	6713.24	
813.85	6671.11	
814.235	6479.19	
814.62	6380.89	
815.005	6430.04	
815.39	6174.92	
815.775	5985.33	
816.159	5931.5	
816.544	5592.12	
816.929	5725.54	
817.313	5554.68	
817.697	5465.74	
818.082	5451.69	
818.466	5545.31	
818.85	5568.72	
819.235	5325.3	
819.619	5505.53	
820.003	5194.23	
820.387	5105.29	
820.771	5327.64	
821.155	5561.7	
821.538	5678.72	
821.922	5889.37	
822.306	5479.78	
822.689	5519.57	
823.073	5407.22	
823.457	5095.93	
823.84	4826.77	
824.223	4810.39	
824.607	4927.41	
824.99	5119.34	
825.373	5250.41	
825.756	5465.74	
826.139	5435.31	
826.522	5222.32	
826.905	5196.57	
827.288	5177.85	
827.671	5191.89	
828.054	5245.73	
828.436	5205.94	
828.819	5098.27	
829.201	5121.68	
829.584	4932.09	
829.966	4772.94	
830.349	4765.92	
830.731	4861.88	
831.113	4906.35	
831.495	4826.77	
831.878	4840.81	
832.26	4775.28	
832.642	4777.62	
833.024	4775.28	
833.405	4927.41	
833.787	4803.36	
834.169	4686.34	
834.551	4843.15	
834.932	4822.09	
835.314	4829.11	
835.695	4864.22	
836.077	5011.67	
836.458	4852.52	
836.839	4625.48	
837.22	4485.05	
837.602	4637.19	
837.983	4782.3	
838.364	4880.6	
838.745	4812.73	
839.126	4826.77	
839.506	4819.75	
839.887	4779.96	
840.268	4599.74	
840.649	4681.66	
841.029	4566.97	
841.41	4616.12	
841.79	4786.98	
842.171	4524.84	
842.551	4545.91	
842.931	4569.31	
843.311	4438.24	
843.691	4487.39	
844.072	4332.92	
844.452	4515.48	
844.832	4536.54	
845.211	4527.18	
845.591	4440.58	
845.971	4428.88	
846.351	4426.54	
846.73	4300.15	
847.11	4328.24	
847.489	4384.41	
847.869	4293.13	
848.248	4246.32	
848.627	4042.69	
849.007	4098.86	
849.386	4140.99	
849.765	4019.28	
850.144	4056.73	
850.523	4021.63	
850.902	3974.81	
851.281	3888.21	
851.66	3916.3	
852.038	3827.36	
852.417	3920.98	
852.796	3775.87	
853.174	3789.91	
853.553	3710.33	
853.931	3726.72	
854.309	3675.23	
854.688	3457.56	
855.066	3530.11	
855.444	3382.66	
855.822	3403.72	
856.2	3368.62	
856.578	3452.88	
856.956	3441.17	
857.334	3495	
857.712	3724.38	
858.089	3497.35	
858.467	3553.52	
858.844	3593.31	
859.222	3574.58	
859.599	3417.77	
859.977	3537.13	
860.354	3485.64	
860.731	3338.19	
861.109	3342.87	
861.486	3380.32	
861.863	3300.74	
862.24	3513.73	
862.617	3410.75	
862.993	3230.52	
863.37	3324.15	
863.747	3359.25	
864.124	3190.74	
864.5	3368.62	
864.877	3179.03	
865.253	3221.16	
865.63	3216.48	
866.006	3043.28	
866.382	3127.54	
866.758	3143.92	
867.135	2930.94	
867.511	2792.84	
867.887	2935.62	
868.263	2753.06	
868.639	2879.44	
869.014	3076.05	
869.39	2853.7	
869.766	2858.38	
870.141	2977.75	
870.517	2736.67	
870.892	2792.84	
871.268	2898.17	
871.643	2867.74	
872.019	2813.91	
872.394	2797.53	
872.769	2741.35	
873.144	2746.03	
873.519	2703.9	
873.894	2746.03	
874.269	2692.2	
874.644	2575.17	
875.019	2558.79	
875.393	2556.45	
875.768	2558.79	
876.143	2568.15	
876.517	2631.35	
876.891	2600.92	
877.266	2547.09	
877.64	2460.49	
878.014	2460.49	
878.389	2458.15	
878.763	2589.22	
879.137	2612.62	
879.511	2533.04	
879.885	2537.73	
880.259	2413.68	
880.632	2633.69	
881.006	2645.39	
881.38	2469.85	
881.753	2509.64	
882.127	2448.79	
882.5	2544.75	
882.874	2554.11	
883.247	2406.66	
883.62	2476.87	
883.994	2465.17	
884.367	2678.16	
884.74	2528.36	
885.113	2467.51	
885.486	2530.7	
885.859	2675.82	
886.231	2528.36	
886.604	2636.03	
886.977	2661.77	
887.349	2516.66	
887.722	2528.36	
888.094	2607.94	
888.467	2694.54	
888.839	2750.71	
889.211	2551.77	
889.584	2659.43	
889.956	2624.33	
890.328	2743.69	
890.7	2631.35	
891.072	2694.54	
891.444	2486.23	
891.816	2540.07	
892.187	2551.77	
892.559	2593.9	
892.931	2476.87	
893.302	2338.78	
893.674	2465.17	
894.045	2385.59	
894.416	2383.25	
894.788	2291.97	
895.159	2317.72	
895.53	2245.16	
895.901	2177.28	
896.272	2142.18	
896.643	2041.53	
897.014	1973.66	
897.385	1929.19	
897.756	1973.66	
898.126	1896.42	
898.497	1943.23	
898.867	1826.2	
899.238	1840.25	
899.608	1718.54	
899.979	1519.59	
900.349	1678.75	
900.719	1671.73	
901.089	1486.83	
901.459	1510.23	
901.829	1631.94	
902.199	1454.06	
902.569	1416.61	
902.939	1390.86	
903.309	1472.78	
903.679	1519.59	
904.048	1397.88	
904.418	1444.7	
904.787	1449.38	
905.157	1407.25	
905.526	1514.91	
905.895	1468.1	
906.265	1454.06	
906.634	1484.48	
907.003	1449.38	
907.372	1432.99	
907.741	1386.18	
908.11	1463.42	
908.478	1280.86	
908.847	1292.56	
909.216	1250.43	
909.585	1245.75	
909.953	1308.94	
910.322	1278.52	
910.69	1208.3	
911.058	1159.15	
911.427	1180.22	
911.795	1217.66	
912.163	1131.06	
912.531	1217.66	
912.899	1110	
913.267	1217.66	
913.635	1250.43	
914.003	1245.75	
914.37	1170.85	
914.738	1126.38	
915.106	1039.78	
915.473	1145.11	
915.841	1175.53	
916.208	1166.17	
916.575	1093.62	
916.943	1049.15	
917.31	1037.44	
917.677	1102.98	
918.044	1028.08	
918.411	1142.77	
918.778	1152.13	
919.145	1039.78	
919.512	1110	
919.879	1049.15	
920.245	1011.7	
920.612	983.61	
920.978	941.48	
921.345	1046.8	
921.711	1166.17	
922.078	1072.55	
922.444	1021.06	
922.81	971.91	
923.176	946.16	
923.542	985.95	
923.908	981.27	
924.274	932.12	
924.64	941.48	
925.006	1007.02	
925.371	1042.12	
925.737	983.61	
926.103	962.55	
926.468	999.99	
926.834	868.92	
927.199	897.01	
927.564	904.03	
927.93	983.61	
928.295	974.25	
928.66	969.57	
929.025	932.12	
929.39	925.1	
929.755	885.31	
930.12	843.18	
930.484	906.37	
930.849	854.88	
931.214	810.41	
931.578	789.35	
931.943	758.92	
932.307	698.06	
932.672	681.68	
933.036	602.1	
933.4	709.77	
933.764	669.98	
934.128	667.64	
934.492	566.99	
934.856	606.78	
935.22	590.4	
935.584	602.1	
935.948	606.78	
936.311	522.52	
936.675	524.87	
937.039	585.72	
937.402	475.71	
937.765	515.5	
938.129	557.63	
938.492	552.95	
938.855	513.16	
939.218	538.91	
939.581	510.82	
939.944	517.84	
940.307	515.5	
940.67	407.84	
941.033	517.84	
941.396	564.65	
941.758	545.93	
942.121	534.23	
942.483	574.02	
942.846	545.93	
943.208	471.03	
943.571	559.97	
943.933	506.14	
944.295	578.7	
944.657	536.57	
945.019	536.57	
945.381	534.23	
945.743	543.59	
946.105	581.04	
946.467	494.44	
946.828	559.97	
947.19	524.87	
947.551	482.74	
947.913	501.46	
948.274	482.74	
948.636	459.33	
948.997	515.5	
949.358	414.86	
949.719	456.99	
950.08	471.03	
950.441	487.42	
950.802	571.68	
951.163	424.22	
951.524	520.18	
951.885	461.67	
952.245	520.18	
952.606	510.82	
952.966	527.21	
953.327	503.8	
953.687	471.03	
954.047	508.48	
954.408	531.89	
954.768	513.16	
955.128	449.97	
955.488	517.84	
955.848	574.02	
956.208	538.91	
956.568	501.46	
956.927	548.27	
957.287	531.89	
957.647	494.44	
958.006	471.03	
958.366	536.57	
958.725	494.44	
959.084	431.24	
959.444	473.37	
959.803	517.84	
960.162	466.35	
960.521	506.14	
960.88	487.42	
961.239	499.12	
961.598	485.08	
961.957	440.61	
962.315	506.14	
962.674	482.74	
963.033	424.22	
963.391	501.46	
963.75	510.82	
964.108	482.74	
964.466	466.35	
964.824	513.16	
965.183	527.21	
965.541	555.29	
965.899	485.08	
966.257	538.91	
966.614	459.33	
966.972	471.03	
967.33	503.8	
967.688	520.18	
968.045	428.9	
968.403	520.18	
968.76	536.57	
969.118	548.27	
969.475	531.89	
969.832	449.97	
970.189	489.76	
970.546	471.03	
970.903	499.12	
971.26	454.65	
971.617	421.88	
971.974	550.61	
972.331	461.67	
972.688	461.67	
973.044	456.99	
973.401	501.46	
973.757	515.5	
974.114	588.06	
974.47	480.39	
974.826	445.29	
975.182	442.95	
975.538	548.27	
975.895	473.37	
976.251	574.02	
976.606	541.25	
976.962	508.48	
977.318	489.76	
977.674	545.93	
978.029	447.63	
978.385	417.2	
978.74	499.12	
979.096	466.35	
979.451	396.14	
979.806	435.92	
980.162	428.9	
980.517	461.67	
980.872	440.61	
981.227	428.9	
981.582	461.67	
981.937	412.52	
982.291	456.99	
982.646	454.65	
983.001	435.92	
983.355	466.35	
983.71	449.97	
984.064	468.69	
984.419	461.67	
984.773	438.27	
985.127	468.69	
985.481	417.2	
985.835	454.65	
986.189	456.99	
986.543	403.16	
986.897	487.42	
987.251	485.08	
987.605	475.71	
987.958	478.05	
988.312	449.97	
988.665	473.37	
989.019	506.14	
989.372	421.88	
989.725	431.24	
990.079	506.14	
990.432	466.35	
990.785	435.92	
991.138	506.14	
991.491	454.65	
991.844	426.56	
992.197	426.56	
992.549	391.45	
992.902	403.16	
993.254	447.63	
993.607	405.5	
993.959	485.08	
994.312	426.56	
994.664	407.84	
995.016	421.88	
995.368	419.54	
995.721	478.05	
996.073	419.54	
996.425	424.22	
996.776	459.33	
997.128	459.33	
997.48	370.39	
997.832	449.97	
998.183	456.99	
998.535	445.29	
998.886	421.88	
999.237	414.86	
999.589	459.33	
999.94	351.67	
1000.291	368.05	
1000.642	426.56	
1000.993	424.22	
1001.344	417.2	
1001.695	410.18	
1002.046	414.86	
1002.397	485.08	
1002.747	428.9	
1003.098	396.14	
1003.448	445.29	
1003.799	400.82	
1004.149	417.2	
1004.499	365.71	
1004.85	372.73	
1005.2	456.99	
1005.55	421.88	
1005.9	428.9	
1006.25	431.24	
1006.6	421.88	
1006.949	426.56	
1007.299	445.29	
1007.649	379.75	
1007.998	403.16	
1008.348	379.75	
1008.697	494.44	
1009.047	391.45	
1009.396	424.22	
1009.745	431.24	
1010.094	386.77	
1010.443	468.69	
1010.792	403.16	
1011.141	405.5	
1011.49	431.24	
1011.839	400.82	
1012.188	389.11	
1012.536	431.24	
1012.885	414.86	
1013.233	459.33	
1013.582	421.88	
1013.93	372.73	
1014.278	440.61	
1014.627	386.77	
1014.975	379.75	
1015.323	342.3	
1015.671	342.3	
1016.019	412.52	
1016.367	368.05	
1016.714	382.09	
1017.062	410.18	
1017.41	428.9	
1017.757	379.75	
1018.105	377.41	
1018.452	365.71	
1018.8	346.98	
1019.147	449.97	
1019.494	410.18	
1019.841	419.54	
1020.188	393.8	
1020.535	304.85	
1020.882	389.11	
1021.229	431.24	
1021.576	379.75	
1021.922	431.24	
1022.269	368.05	
1022.615	368.05	
1022.962	342.3	
1023.308	342.3	
1023.655	342.3	
