Time	Channel A	Channel B
(ms)	(V)	(V)

0.00000000	2.25947300	-0.43491630
0.02000000	2.25947300	-0.43491630
0.04000000	2.34805600	-0.52196110
0.06000000	2.34805600	-0.52196110
0.08000000	2.34805600	-0.52196110
0.10000000	2.34805600	-0.52196110
0.12000000	2.39234700	-0.52196110
0.14000000	2.43663900	-0.60900590
0.16000000	2.43663900	-0.60900590
0.18000000	2.48093000	-0.60900590
0.19999999	2.43663900	-0.60900590
0.21999999	2.48093000	-0.60900590
0.23999999	2.48093000	-0.60900590
0.25999999	2.52522100	-0.69605070
0.27999999	2.52522100	-0.69605070
0.29999999	2.52522100	-0.69605070
0.31999999	2.56951300	-0.69605070
0.33999999	2.56951300	-0.69605070
0.35999999	2.61395800	-0.78309550
0.37999999	2.61395800	-0.78309550
0.39999999	2.61395800	-0.78309550
0.41999999	2.61395800	-0.78309550
0.43999999	2.61395800	-0.86983270
0.45999999	2.65824900	-0.86983270
0.47999999	2.65824900	-0.86983270
0.49999999	2.65824900	-0.86983270
0.51999999	2.70254100	-0.95687750
0.53999999	2.70254100	-0.95687750
0.55999999	2.70254100	-0.95687750
0.57999999	2.70254100	-0.95687750
0.59999998	2.70254100	-0.95687750
0.61999998	2.70254100	-0.95687750
0.63999998	2.70254100	-1.04392200
0.65999998	2.74683200	-1.04392200
0.67999998	2.74683200	-1.04392200
0.69999998	2.74683200	-1.04392200
0.71999998	2.74683200	-1.04392200
0.73999998	2.74683200	-1.13096700
0.75999998	2.74683200	-1.13096700
0.77999998	2.79112300	-1.13096700
0.79999998	2.74683200	-1.13096700
0.81999998	2.79112300	-1.13096700
0.83999998	2.79112300	-1.21801200
0.85999998	2.74683200	-1.21801200
0.87999998	2.79112300	-1.21801200
0.89999998	2.79112300	-1.21801200
0.91999998	2.79112300	-1.21801200
0.93999998	2.79112300	-1.21801200
0.95999998	2.79112300	-1.30505700
0.97999998	2.79112300	-1.30505700
0.99999997	2.79112300	-1.30505700
1.01999997	2.79112300	-1.39210100
1.03999997	2.79112300	-1.30505700
1.05999997	2.83541500	-1.39210100
1.07999997	2.83541500	-1.39210100
1.09999997	2.83541500	-1.39210100
1.11999997	2.83541500	-1.47914600
1.13999997	2.79112300	-1.39210100
1.15999997	2.83541500	-1.47914600
1.17999997	2.79112300	-1.47914600
1.19999997	2.83541500	-1.47914600
1.21999997	2.83541500	-1.47914600
1.23999997	2.87970600	-1.47914600
1.25999997	2.83541500	-1.56619100
1.27999997	2.87970600	-1.56619100
1.29999997	2.87970600	-1.56619100
1.31999997	2.87970600	-1.56619100
1.33999997	2.87970600	-1.65323600
1.35999997	2.87970600	-1.65323600
1.37999997	2.87970600	-1.65323600
1.39999996	2.87970600	-1.65323600
1.41999996	2.87970600	-1.65323600
1.43999996	2.87970600	-1.65323600
1.45999996	2.87970600	-1.73997300
1.47999996	2.87970600	-1.73997300
1.49999996	2.92399700	-1.73997300
1.51999996	2.92399700	-1.73997300
1.53999996	2.92399700	-1.82701800
1.55999996	2.92399700	-1.82701800
1.57999996	2.92399700	-1.82701800
1.59999996	2.92399700	-1.82701800
1.61999996	2.92399700	-1.91406300
1.63999996	2.92399700	-1.91406300
1.65999996	2.92399700	-1.91406300
1.67999996	2.92399700	-1.91406300
1.69999996	2.92399700	-1.91406300
1.71999996	2.96828900	-1.91406300
1.73999996	2.92399700	-1.91406300
1.75999996	2.96828900	-2.00110700
1.77999996	2.92399700	-2.00110700
1.79999995	2.96828900	-2.00110700
1.81999995	2.96828900	-2.00110700
1.83999995	2.96828900	-2.00110700
1.85999995	3.01258000	-2.08815200
1.87999995	2.96828900	-2.08815200
1.89999995	2.96828900	-2.08815200
1.91999995	2.96828900	-2.17519700
1.93999995	2.96828900	-2.17519700
1.95999995	2.96828900	-2.17519700
1.97999995	2.96828900	-2.17519700
1.99999995	2.96828900	-2.17519700
2.01999995	2.96828900	-2.17519700
2.03999995	2.96828900	-2.17519700
2.05999995	2.92399700	-2.26224200
2.07999995	2.96828900	-2.26224200
2.09999995	2.96828900	-2.26224200
2.11999995	2.96828900	-2.26224200
2.13999995	2.96828900	-2.34928600
2.15999995	2.96828900	-2.34928600
2.17999994	2.96828900	-2.34928600
2.19999994	2.96828900	-2.34928600
2.21999994	2.96828900	-2.43633100
2.23999994	2.96828900	-2.43633100
2.25999994	2.96828900	-2.43633100
2.27999994	2.96828900	-2.43633100
2.29999994	2.96828900	-2.43633100
2.31999994	2.96828900	-2.43633100
2.33999994	2.96828900	-2.52337600
2.35999994	2.96828900	-2.52337600
2.37999994	2.96828900	-2.52337600
2.39999994	2.96828900	-2.52337600
2.41999994	2.96828900	-2.52337600
2.43999994	2.92399700	-2.61011300
2.45999994	2.96828900	-2.61011300
2.47999994	2.96828900	-2.61011300
2.49999994	2.96828900	-2.61011300
2.51999994	2.96828900	-2.61011300
2.53999994	2.96828900	-2.69715800
2.55999994	3.01258000	-2.61011300
2.57999993	2.96828900	-2.69715800
2.59999993	3.01258000	-2.69715800
2.61999993	2.96828900	-2.69715800
2.63999993	2.96828900	-2.69715800
2.65999993	2.96828900	-2.78420300
2.67999993	3.01258000	-2.78420300
2.69999993	3.01258000	-2.78420300
2.71999993	3.01258000	-2.78420300
2.73999993	3.01258000	-2.78420300
2.75999993	2.96828900	-2.87124800
2.77999993	2.96828900	-2.87124800
2.79999993	2.96828900	-2.87124800
2.81999993	2.96828900	-2.87124800
2.83999993	2.96828900	-2.87124800
2.85999993	3.01258000	-2.95829200
2.87999993	2.96828900	-2.95829200
2.89999993	2.96828900	-2.95829200
2.91999993	3.01258000	-2.95829200
2.93999993	3.01258000	-2.95829200
2.95999993	3.01258000	-2.95829200
2.97999992	3.01258000	-3.04533700
2.99999992	3.01258000	-3.04533700
3.01999992	3.01258000	-3.04533700
3.03999992	3.01258000	-3.13238200
3.05999992	3.01258000	-3.13238200
3.07999992	3.01258000	-3.13238200
3.09999992	3.01258000	-3.13238200
3.11999992	3.01258000	-3.13238200
3.13999992	3.01258000	-3.13238200
3.15999992	3.01258000	-3.21942700
3.17999992	3.01258000	-3.21942700
3.19999992	3.01258000	-3.21942700
3.21999992	3.01258000	-3.21942700
3.23999992	3.05687100	-3.21942700
3.25999992	3.01258000	-3.21942700
3.27999992	3.01258000	-3.30647100
3.29999992	3.05687100	-3.30647100
3.31999992	3.01258000	-3.30647100
3.33999992	3.01258000	-3.30647100
3.35999992	3.01258000	-3.30647100
3.37999991	3.01258000	-3.39351600
3.39999991	3.01258000	-3.39351600
3.41999991	3.01258000	-3.39351600
3.43999991	3.01258000	-3.39351600
3.45999991	3.01258000	-3.39351600
3.47999991	3.01258000	-3.48025300
3.49999991	3.01258000	-3.48025300
3.51999991	3.01258000	-3.48025300
3.53999991	3.01258000	-3.48025300
3.55999991	3.01258000	-3.56729800
3.57999991	3.01258000	-3.56729800
3.59999991	3.01258000	-3.56729800
3.61999991	3.01258000	-3.56729800
3.63999991	3.01258000	-3.56729800
3.65999991	2.96828900	-3.56729800
3.67999991	3.01258000	-3.65434300
3.69999991	3.01258000	-3.65434300
3.71999991	3.01258000	-3.65434300
3.73999991	3.01258000	-3.65434300
3.75999991	3.01258000	-3.65434300
3.77999990	3.01258000	-3.74138800
3.79999990	3.01258000	-3.74138800
3.81999990	3.01258000	-3.74138800
3.83999990	3.01258000	-3.74138800
3.85999990	2.96828900	-3.82843300
3.87999990	3.01258000	-3.82843300
3.89999990	2.96828900	-3.82843300
3.91999990	3.01258000	-3.82843300
3.93999990	3.01258000	-3.82843300
3.95999990	3.01258000	-3.82843300
3.97999990	3.01258000	-3.91547700
3.99999990	3.01258000	-3.91547700
4.01999990	2.96828900	-3.91547700
4.03999990	3.01258000	-3.91547700
4.05999990	3.01258000	-4.00252200
4.07999990	3.01258000	-3.91547700
4.09999990	3.01258000	-4.00252200
4.11999990	3.01258000	-4.00252200
4.13999990	3.01258000	-4.00252200
4.15999989	3.01258000	-4.00252200
4.17999989	3.01258000	-4.08956700
4.19999989	3.01258000	-4.08956700
4.21999989	3.01258000	-4.08956700
4.23999989	3.01258000	-4.08956700
4.25999989	3.01258000	-4.08956700
4.27999989	3.01258000	-4.17661200
4.29999989	3.05687100	-4.17661200
4.31999989	3.05687100	-4.17661200
4.33999989	3.01258000	-4.17661200
4.35999989	3.01258000	-4.17661200
4.37999989	3.01258000	-4.17661200
4.39999989	3.05687100	-4.08956700
4.41999989	3.05687100	-4.08956700
4.43999989	3.05687100	-4.08956700
4.45999989	3.05687100	-4.08956700
4.47999989	3.05687100	-4.00252200
4.49999989	3.05687100	-4.00252200
4.51999989	3.01258000	-4.08956700
4.53999989	3.05687100	-4.00252200
4.55999988	3.05687100	-4.00252200
4.57999988	3.05687100	-4.00252200
4.59999988	3.05687100	-3.91547700
4.61999988	3.01258000	-3.91547700
4.63999988	3.05687100	-3.91547700
4.65999988	3.05687100	-3.91547700
4.67999988	3.05687100	-3.82843300
4.69999988	3.05687100	-3.82843300
4.71999988	3.05687100	-3.82843300
4.73999988	3.05687100	-3.82843300
4.75999988	3.05687100	-3.82843300
4.77999988	3.05687100	-3.82843300
4.79999988	3.05687100	-3.82843300
4.81999988	3.05687100	-3.74138800
4.83999988	3.05687100	-3.74138800
4.85999988	3.05687100	-3.74138800
4.87999988	3.05687100	-3.65434300
4.89999988	3.05687100	-3.74138800
4.91999988	3.01258000	-3.65434300
4.93999988	3.05687100	-3.65434300
4.95999987	3.05687100	-3.65434300
4.97999987	3.05687100	-3.65434300
4.99999987	3.05687100	-3.56729800
5.01999987	3.05687100	-3.56729800
5.03999987	3.05687100	-3.56729800
5.05999987	3.05687100	-3.56729800
5.07999987	3.05687100	-3.56729800
5.09999987	3.05687100	-3.48025300
5.11999987	3.05687100	-3.48025300
5.13999987	3.05687100	-3.48025300
5.15999987	3.05687100	-3.48025300
5.17999987	3.05687100	-3.48025300
5.19999987	3.05687100	-3.48025300
5.21999987	3.05687100	-3.39351600
5.23999987	3.05687100	-3.39351600
5.25999987	3.01258000	-3.39351600
5.27999987	3.05687100	-3.30647100
5.29999987	3.05687100	-3.30647100
5.31999987	3.05687100	-3.30647100
5.33999987	3.05687100	-3.30647100
5.35999986	3.01258000	-3.30647100
5.37999986	3.01258000	-3.30647100
5.39999986	3.05687100	-3.21942700
5.41999986	3.01258000	-3.21942700
5.43999986	3.05687100	-3.21942700
5.45999986	3.05687100	-3.21942700
5.47999986	3.05687100	-3.21942700
5.49999986	3.01258000	-3.13238200
5.51999986	3.05687100	-3.13238200
5.53999986	3.05687100	-3.13238200
5.55999986	3.05687100	-3.13238200
5.57999986	3.05687100	-3.13238200
5.59999986	3.05687100	-3.04533700
5.61999986	3.05687100	-3.04533700
5.63999986	3.05687100	-3.04533700
5.65999986	3.05687100	-3.04533700
5.67999986	3.05687100	-3.04533700
5.69999986	3.05687100	-2.95829200
5.71999986	3.05687100	-2.95829200
5.73999985	3.05687100	-2.95829200
5.75999985	3.01258000	-2.95829200
5.77999985	3.05687100	-2.87124800
5.79999985	3.10131600	-2.87124800
5.81999985	3.05687100	-2.87124800
5.83999985	3.05687100	-2.87124800
5.85999985	3.05687100	-2.87124800
5.87999985	3.05687100	-2.87124800
5.89999985	3.05687100	-2.78420300
5.91999985	3.05687100	-2.78420300
5.93999985	3.10131600	-2.78420300
5.95999985	3.10131600	-2.78420300
5.97999985	3.05687100	-2.69715800
5.99999985	3.05687100	-2.78420300
6.01999985	3.10131600	-2.69715800
6.03999985	3.10131600	-2.69715800
6.05999985	3.10131600	-2.69715800
6.07999985	3.10131600	-2.61011300
6.09999985	3.05687100	-2.61011300
6.11999985	3.14560800	-2.61011300
6.13999984	3.05687100	-2.61011300
6.15999984	3.05687100	-2.61011300
6.17999984	3.05687100	-2.61011300
6.19999984	3.05687100	-2.52337600
6.21999984	3.10131600	-2.52337600
6.23999984	3.05687100	-2.52337600
6.25999984	3.10131600	-2.52337600
6.27999984	3.05687100	-2.43633100
6.29999984	3.10131600	-2.43633100
6.31999984	3.10131600	-2.43633100
6.33999984	3.05687100	-2.43633100
6.35999984	3.05687100	-2.43633100
6.37999984	3.05687100	-2.43633100
6.39999984	3.05687100	-2.34928600
6.41999984	3.10131600	-2.34928600
6.43999984	3.10131600	-2.34928600
6.45999984	3.10131600	-2.34928600
6.47999984	3.10131600	-2.26224200
6.49999984	3.05687100	-2.34928600
6.51999984	3.10131600	-2.26224200
6.53999983	3.05687100	-2.26224200
6.55999983	3.05687100	-2.26224200
6.57999983	3.10131600	-2.26224200
6.59999983	3.10131600	-2.17519700
6.61999983	3.10131600	-2.17519700
6.63999983	3.05687100	-2.17519700
6.65999983	3.05687100	-2.17519700
6.67999983	3.10131600	-2.17519700
6.69999983	3.10131600	-2.08815200
6.71999983	3.05687100	-2.08815200
6.73999983	3.05687100	-2.08815200
6.75999983	3.05687100	-2.08815200
6.77999983	3.05687100	-2.08815200
6.79999983	3.10131600	-2.00110700
6.81999983	3.05687100	-2.00110700
6.83999983	3.05687100	-2.00110700
6.85999983	3.10131600	-2.00110700
6.87999983	3.05687100	-1.91406300
6.89999983	3.10131600	-1.91406300
6.91999983	3.10131600	-1.91406300
6.93999982	3.10131600	-1.91406300
6.95999982	3.10131600	-1.91406300
6.97999982	3.05687100	-1.91406300
6.99999982	3.05687100	-1.82701800
7.01999982	3.05687100	-1.82701800
7.03999982	3.05687100	-1.82701800
7.05999982	3.05687100	-1.82701800
7.07999982	3.05687100	-1.73997300
7.09999982	3.10131600	-1.82701800
7.11999982	3.10131600	-1.73997300
7.13999982	3.05687100	-1.73997300
7.15999982	3.05687100	-1.73997300
7.17999982	3.05687100	-1.73997300
7.19999982	3.05687100	-1.65323600
7.21999982	3.10131600	-1.65323600
7.23999982	3.05687100	-1.65323600
7.25999982	3.05687100	-1.65323600
7.27999982	3.05687100	-1.65323600
7.29999982	3.10131600	-1.56619100
7.31999982	3.10131600	-1.56619100
7.33999981	3.10131600	-1.56619100
7.35999981	3.05687100	-1.56619100
7.37999981	3.10131600	-1.47914600
7.39999981	3.05687100	-1.47914600
7.41999981	3.05687100	-1.47914600
7.43999981	3.05687100	-1.47914600
7.45999981	3.05687100	-1.47914600
7.47999981	3.10131600	-1.39210100
7.49999981	3.10131600	-1.47914600
7.51999981	3.05687100	-1.39210100
7.53999981	3.05687100	-1.39210100
7.55999981	3.05687100	-1.39210100
7.57999981	3.05687100	-1.30505700
7.59999981	3.05687100	-1.30505700
7.61999981	3.05687100	-1.30505700
7.63999981	3.10131600	-1.30505700
7.65999981	3.05687100	-1.30505700
7.67999981	3.10131600	-1.30505700
7.69999981	3.10131600	-1.30505700
7.71999980	3.05687100	-1.21801200
7.73999980	3.05687100	-1.21801200
7.75999980	3.05687100	-1.21801200
7.77999980	3.05687100	-1.21801200
7.79999980	3.10131600	-1.13096700
7.81999980	3.10131600	-1.13096700
7.83999980	3.05687100	-1.13096700
7.85999980	3.05687100	-1.13096700
7.87999980	3.05687100	-1.04392200
7.89999980	3.05687100	-1.04392200
7.91999980	3.05687100	-1.04392200
7.93999980	3.05687100	-1.04392200
7.95999980	3.05687100	-1.04392200
7.97999980	3.05687100	-0.95687750
7.99999980	3.05687100	-0.95687750
8.01999980	3.05687100	-0.95687750
8.03999980	3.10131600	-0.95687750
8.05999980	3.05687100	-0.95687750
8.07999980	3.05687100	-0.95687750
8.09999980	3.05687100	-0.86983270
8.11999979	3.05687100	-0.86983270
8.13999979	3.10131600	-0.86983270
8.15999979	3.05687100	-0.86983270
8.17999979	3.10131600	-0.86983270
8.19999979	3.05687100	-0.78309550
8.21999979	3.10131600	-0.78309550
8.23999979	3.10131600	-0.78309550
8.25999979	3.10131600	-0.78309550
8.27999979	3.10131600	-0.78309550
8.29999979	3.05687100	-0.69605070
8.31999979	3.05687100	-0.69605070
8.33999979	3.10131600	-0.69605070
8.35999979	3.05687100	-0.69605070
8.37999979	3.10131600	-0.60900590
8.39999979	3.05687100	-0.60900590
8.41999979	3.05687100	-0.60900590
8.43999979	3.05687100	-0.60900590
8.45999979	3.05687100	-0.60900590
8.47999979	3.05687100	-0.52196110
8.49999979	3.05687100	-0.52196110
8.51999978	3.05687100	-0.52196110
8.53999978	3.10131600	-0.52196110
8.55999978	3.05687100	-0.52196110
8.57999978	3.10131600	-0.43491630
8.59999978	3.10131600	-0.43491630
8.61999978	3.10131600	-0.43491630
8.63999978	3.05687100	-0.43491630
8.65999978	3.05687100	-0.43491630
8.67999978	3.10131600	-0.34787150
8.69999978	3.05687100	-0.34787150
8.71999978	3.05687100	-0.34787150
8.73999978	3.05687100	-0.34787150
8.75999978	3.10131600	-0.26082680
8.77999978	3.10131600	-0.26082680
8.79999978	3.05687100	-0.26082680
8.81999978	3.05687100	-0.26082680
8.83999978	3.05687100	-0.26082680
8.85999978	3.10131600	-0.26082680
8.87999978	3.05687100	-0.26082680
8.89999978	3.05687100	-0.17378200
8.91999977	3.10131600	-0.17378200
8.93999977	3.05687100	-0.17378200
8.95999977	3.05687100	-0.08673721
8.97999977	3.10131600	-0.08673721
8.99999977	3.05687100	-0.08673721
9.01999977	3.05687100	-0.08673721
9.03999977	3.10131600	-0.08673721
9.05999977	3.10131600	0.00000000
9.07999977	3.10131600	0.00000000
9.09999977	3.05687100	0.00000000
9.11999977	3.05687100	0.00000000
9.13999977	3.05687100	0.08673721
9.15999977	3.10131600	0.08673721
9.17999977	3.05687100	0.08673721
9.19999977	3.05687100	0.08673721
9.21999977	3.01258000	0.17378200
9.23999977	3.05687100	0.17378200
9.25999977	3.01258000	0.17378200
9.27999977	3.01258000	0.17378200
9.29999977	3.01258000	0.17378200
9.31999976	3.01258000	0.26082680
9.33999976	2.96828900	0.26082680
9.35999976	2.96828900	0.26082680
9.37999976	2.96828900	0.26082680
9.39999976	2.92399700	0.34787150
9.41999976	2.92399700	0.34787150
9.43999976	2.87970600	0.34787150
9.45999976	2.92399700	0.34787150
9.47999976	2.87970600	0.34787150
9.49999976	2.83541500	0.34787150
9.51999976	2.79112300	0.43491630
9.53999976	2.79112300	0.43491630
9.55999976	2.79112300	0.52196110
9.57999976	2.79112300	0.52196110
9.59999976	2.74683200	0.52196110
9.61999976	2.70254100	0.52196110
9.63999976	2.70254100	0.52196110
9.65999976	2.65824900	0.60900590
9.67999976	2.61395800	0.60900590
9.69999975	2.61395800	0.60900590
9.71999975	2.56951300	0.69605070
9.73999975	2.56951300	0.69605070
9.75999975	2.52522100	0.69605070
9.77999975	2.48093000	0.69605070
9.79999975	2.43663900	0.69605070
9.81999975	2.39234700	0.78309550
9.83999975	2.34805600	0.78309550
9.85999975	2.39234700	0.78309550
9.87999975	2.25947300	0.78309550
9.89999975	2.30376500	0.86983270
9.91999975	2.25947300	0.86983270
9.93999975	2.21518200	0.86983270
9.95999975	2.17089100	0.86983270
9.97999975	2.12659900	0.95687750
9.99999975	2.12659900	0.95687750
10.01999975	2.08230800	0.95687750
10.03999975	2.03786300	0.95687750
10.05999975	2.03786300	1.04392200
10.07999975	1.94928000	1.04392200
10.09999974	1.94928000	1.04392200
10.11999974	1.90498900	1.04392200
10.13999974	1.86069800	1.04392200
10.15999974	1.86069800	1.13096700
10.17999974	1.81640600	1.13096700
10.19999974	1.72782400	1.13096700
10.21999974	1.72782400	1.21801200
10.23999974	1.68353200	1.21801200
10.25999974	1.63924100	1.21801200
10.27999974	1.63924100	1.21801200
10.29999974	1.59495000	1.30505700
10.31999974	1.55065800	1.30505700
10.33999974	1.55065800	1.30505700
10.35999974	1.46192200	1.39210100
10.37999974	1.50621300	1.39210100
10.39999974	1.46192200	1.39210100
10.41999974	1.41763000	1.39210100
10.43999974	1.41763000	1.39210100
10.45999974	1.37333900	1.39210100
10.47999974	1.37333900	1.47914600
10.49999973	1.37333900	1.47914600
10.51999973	1.32904800	1.47914600
10.53999973	1.32904800	1.47914600
10.55999973	1.28475600	1.56619100
10.57999973	1.32904800	1.56619100
10.59999973	1.28475600	1.56619100
10.61999973	1.24046500	1.56619100
10.63999973	1.28475600	1.56619100
10.65999973	1.28475600	1.65323600
10.67999973	1.24046500	1.65323600
10.69999973	1.24046500	1.65323600
10.71999973	1.28475600	1.65323600
10.73999973	1.24046500	1.73997300
10.75999973	1.24046500	1.73997300
10.77999973	1.24046500	1.73997300
10.79999973	1.24046500	1.73997300
10.81999973	1.24046500	1.82701800
10.83999973	1.28475600	1.82701800
10.85999973	1.28475600	1.82701800
10.87999973	1.28475600	1.82701800
10.89999972	1.37333900	1.82701800
10.91999972	1.37333900	1.91406300
10.93999972	1.41763000	1.91406300
10.95999972	1.37333900	1.91406300
10.97999972	1.41763000	2.00110700
10.99999972	1.41763000	2.00110700
11.01999972	1.46192200	2.00110700
11.03999972	1.50621300	2.00110700
11.05999972	1.55065800	2.08815200
11.07999972	1.59495000	2.08815200
11.09999972	1.55065800	2.08815200
11.11999972	1.59495000	2.08815200
11.13999972	1.68353200	2.08815200
11.15999972	1.72782400	2.08815200
11.17999972	1.72782400	2.17519700
11.19999972	1.77211500	2.17519700
11.21999972	1.86069800	2.26224200
11.23999972	1.86069800	2.26224200
11.25999972	1.90498900	2.26224200
11.27999972	1.94928000	2.26224200
11.29999971	1.99357200	2.26224200
11.31999971	1.99357200	2.34928600
11.33999971	2.08230800	2.34928600
11.35999971	2.12659900	2.34928600
11.37999971	2.12659900	2.34928600
11.39999971	2.17089100	2.43633100
11.41999971	2.21518200	2.43633100
11.43999971	2.25947300	2.43633100
11.45999971	2.30376500	2.43633100
11.47999971	2.34805600	2.43633100
11.49999971	2.39234700	2.43633100
11.51999971	2.43663900	2.52337600
11.53999971	2.48093000	2.52337600
11.55999971	2.52522100	2.52337600
11.57999971	2.52522100	2.61011300
11.59999971	2.56951300	2.61011300
11.61999971	2.61395800	2.61011300
11.63999971	2.61395800	2.69715800
11.65999971	2.65824900	2.69715800
11.67999970	2.70254100	2.69715800
11.69999970	2.70254100	2.69715800
11.71999970	2.74683200	2.69715800
11.73999970	2.74683200	2.69715800
11.75999970	2.74683200	2.78420300
11.77999970	2.83541500	2.78420300
11.79999970	2.83541500	2.78420300
11.81999970	2.83541500	2.78420300
11.83999970	2.83541500	2.87124800
11.85999970	2.87970600	2.87124800
11.87999970	2.83541500	2.87124800
11.89999970	2.87970600	2.95829200
11.91999970	2.87970600	2.95829200
11.93999970	2.87970600	2.95829200
11.95999970	2.87970600	2.95829200
11.97999970	2.92399700	2.95829200
11.99999970	2.87970600	2.95829200
12.01999970	2.87970600	3.04533700
12.03999970	2.83541500	3.04533700
12.05999970	2.83541500	3.04533700
12.07999969	2.87970600	3.04533700
12.09999969	2.83541500	3.13238200
12.11999969	2.83541500	3.13238200
12.13999969	2.79112300	3.13238200
12.15999969	2.79112300	3.13238200
12.17999969	2.74683200	3.21942700
12.19999969	2.74683200	3.21942700
12.21999969	2.74683200	3.21942700
12.23999969	2.74683200	3.21942700
12.25999969	2.65824900	3.30647100
12.27999969	2.65824900	3.30647100
12.29999969	2.61395800	3.30647100
12.31999969	2.56951300	3.39351600
12.33999969	2.56951300	3.39351600
12.35999969	2.52522100	3.39351600
12.37999969	2.48093000	3.39351600
12.39999969	2.43663900	3.39351600
12.41999969	2.43663900	3.48025300
12.43999969	2.39234700	3.48025300
12.45999969	2.34805600	3.48025300
12.47999968	2.30376500	3.48025300
12.49999968	2.25947300	3.56729800
12.51999968	2.21518200	3.56729800
12.53999968	2.17089100	3.56729800
12.55999968	2.12659900	3.56729800
12.57999968	2.08230800	3.56729800
12.59999968	2.03786300	3.65434300
12.61999968	1.99357200	3.65434300
12.63999968	1.99357200	3.65434300
12.65999968	1.90498900	3.65434300
12.67999968	1.90498900	3.65434300
12.69999968	1.86069800	3.74138800
12.71999968	1.81640600	3.74138800
12.73999968	1.77211500	3.74138800
12.75999968	1.72782400	3.74138800
12.77999968	1.72782400	3.82843300
12.79999968	1.68353200	3.82843300
12.81999968	1.63924100	3.82843300
12.83999968	1.59495000	3.82843300
12.85999968	1.59495000	3.91547700
12.87999967	1.55065800	3.91547700
12.89999967	1.55065800	3.91547700
12.91999967	1.46192200	3.91547700
12.93999967	1.46192200	3.91547700
12.95999967	1.41763000	4.00252200
12.97999967	1.41763000	4.00252200
12.99999967	1.41763000	4.00252200
13.01999967	1.41763000	4.08956700
13.03999967	1.37333900	4.08956700
13.05999967	1.32904800	4.08956700
13.07999967	1.32904800	4.08956700
13.09999967	1.32904800	4.08956700
13.11999967	1.32904800	4.17661200
13.13999967	1.32904800	4.17661200
13.15999967	1.32904800	4.17661200
13.17999967	1.32904800	4.26365700
13.19999967	1.28475600	4.26365700
13.21999967	1.28475600	4.26365700
13.23999967	1.32904800	4.26365700
13.25999967	1.32904800	4.26365700
13.27999966	1.32904800	4.35039400
13.29999966	1.32904800	4.35039400
13.31999966	1.32904800	4.35039400
13.33999966	1.37333900	4.35039400
13.35999966	1.37333900	4.43743800
13.37999966	1.41763000	4.43743800
13.39999966	1.41763000	4.43743800
13.41999966	1.41763000	4.43743800
13.43999966	1.46192200	4.43743800
13.45999966	1.50621300	4.52448300
13.47999966	1.55065800	4.52448300
13.49999966	1.55065800	4.52448300
13.51999966	1.55065800	4.52448300
13.53999966	1.59495000	4.61152800
13.55999966	1.63924100	4.61152800
13.57999966	1.63924100	4.61152800
13.59999966	1.72782400	4.61152800
13.61999966	1.72782400	4.69857300
13.63999966	1.77211500	4.69857300
13.65999965	1.77211500	4.69857300
13.67999965	1.86069800	4.69857300
13.69999965	1.90498900	4.78561800
13.71999965	1.94928000	4.78561800
13.73999965	1.94928000	4.78561800
13.75999965	1.99357200	4.78561800
13.77999965	2.03786300	4.78561800
13.79999965	2.08230800	4.87266300
13.81999965	2.12659900	4.87266300
13.83999965	2.17089100	4.87266300
13.85999965	2.21518200	4.95970700
13.87999965	2.25947300	4.95970700
13.89999965	2.30376500	4.95970700
13.91999965	2.34805600	4.95970700
13.93999965	2.34805600	4.87266300
13.95999965	2.39234700	4.87266300
13.97999965	2.39234700	4.87266300
13.99999965	2.43663900	4.78561800
14.01999965	2.52522100	4.78561800
14.03999965	2.52522100	4.78561800
14.05999964	2.56951300	4.78561800
14.07999964	2.56951300	4.78561800
14.09999964	2.61395800	4.69857300
14.11999964	2.65824900	4.69857300
14.13999964	2.65824900	4.69857300
14.15999964	2.65824900	4.69857300
14.17999964	2.65824900	4.61152800
14.19999964	2.70254100	4.61152800
14.21999964	2.70254100	4.61152800
14.23999964	2.74683200	4.61152800
14.25999964	2.74683200	4.52448300
14.27999964	2.79112300	4.52448300
14.29999964	2.79112300	4.52448300
14.31999964	2.74683200	4.52448300
14.33999964	2.79112300	4.52448300
14.35999964	2.74683200	4.43743800
14.37999964	2.79112300	4.43743800
14.39999964	2.79112300	4.43743800
14.41999964	2.79112300	4.43743800
14.43999964	2.79112300	4.35039400
14.45999963	2.79112300	4.35039400
14.47999963	2.79112300	4.35039400
14.49999963	2.79112300	4.35039400
14.51999963	2.74683200	4.35039400
14.53999963	2.74683200	4.26365700
14.55999963	2.74683200	4.26365700
14.57999963	2.74683200	4.26365700
14.59999963	2.74683200	4.17661200
14.61999963	2.70254100	4.17661200
14.63999963	2.70254100	4.17661200
14.65999963	2.65824900	4.17661200
14.67999963	2.65824900	4.17661200
14.69999963	2.65824900	4.08956700
14.71999963	2.61395800	4.08956700
14.73999963	2.61395800	4.08956700
14.75999963	2.56951300	4.00252200
14.77999963	2.56951300	4.00252200
14.79999963	2.52522100	4.00252200
14.81999963	2.52522100	4.00252200
14.83999963	2.48093000	4.00252200
14.85999962	2.48093000	3.91547700
14.87999962	2.43663900	3.91547700
14.89999962	2.39234700	3.91547700
14.91999962	2.34805600	3.91547700
14.93999962	2.34805600	3.82843300
14.95999962	2.34805600	3.82843300
14.97999962	2.30376500	3.82843300
14.99999962	2.25947300	3.82843300
15.01999962	2.21518200	3.74138800
15.03999962	2.17089100	3.74138800
15.05999962	2.12659900	3.74138800
15.07999962	2.12659900	3.74138800
15.09999962	2.03786300	3.65434300
15.11999962	2.03786300	3.65434300
15.13999962	2.03786300	3.65434300
15.15999962	1.99357200	3.65434300
15.17999962	1.94928000	3.56729800
15.19999962	1.90498900	3.56729800
15.21999962	1.90498900	3.56729800
15.23999962	1.86069800	3.56729800
15.25999961	1.81640600	3.56729800
15.27999961	1.77211500	3.48025300
15.29999961	1.77211500	3.48025300
15.31999961	1.72782400	3.48025300
15.33999961	1.68353200	3.48025300
15.35999961	1.63924100	3.39351600
15.37999961	1.63924100	3.39351600
15.39999961	1.59495000	3.39351600
15.41999961	1.55065800	3.30647100
15.43999961	1.55065800	3.39351600
15.45999961	1.50621300	3.30647100
15.47999961	1.46192200	3.30647100
15.49999961	1.50621300	3.30647100
15.51999961	1.41763000	3.21942700
15.53999961	1.41763000	3.21942700
15.55999961	1.41763000	3.21942700
15.57999961	1.37333900	3.21942700
15.59999961	1.37333900	3.13238200
15.61999961	1.32904800	3.13238200
15.63999960	1.28475600	3.13238200
15.65999960	1.28475600	3.13238200
15.67999960	1.24046500	3.04533700
15.69999960	1.24046500	3.04533700
15.71999960	1.24046500	3.04533700
15.73999960	1.24046500	3.04533700
15.75999960	1.24046500	2.95829200
15.77999960	1.19617400	3.04533700
15.79999960	1.19617400	2.95829200
15.81999960	1.24046500	2.95829200
15.83999960	1.19617400	2.95829200
15.85999960	1.19617400	2.87124800
15.87999960	1.19617400	2.87124800
15.89999960	1.19617400	2.87124800
15.91999960	1.15188200	2.87124800
15.93999960	1.19617400	2.78420300
15.95999960	1.15188200	2.78420300
15.97999960	1.19617400	2.78420300
15.99999960	1.19617400	2.78420300
16.01999960	1.19617400	2.69715800
16.03999959	1.24046500	2.69715800
16.05999959	1.24046500	2.69715800
16.07999959	1.24046500	2.69715800
16.09999959	1.28475600	2.69715800
16.11999959	1.28475600	2.69715800
16.13999959	1.32904800	2.61011300
16.15999959	1.32904800	2.61011300
16.17999959	1.37333900	2.61011300
16.19999959	1.37333900	2.52337600
16.21999959	1.37333900	2.52337600
16.23999959	1.46192200	2.52337600
16.25999959	1.41763000	2.52337600
16.27999959	1.50621300	2.43633100
16.29999959	1.50621300	2.43633100
16.31999959	1.55065800	2.43633100
16.33999959	1.59495000	2.43633100
16.35999959	1.59495000	2.34928600
16.37999959	1.63924100	2.34928600
16.39999959	1.68353200	2.34928600
16.41999959	1.72782400	2.34928600
16.43999958	1.77211500	2.34928600
16.45999958	1.81640600	2.26224200
16.47999958	1.81640600	2.26224200
16.49999958	1.90498900	2.26224200
16.51999958	1.94928000	2.26224200
16.53999958	1.94928000	2.17519700
16.55999958	1.99357200	2.17519700
16.57999958	2.08230800	2.17519700
16.59999958	2.08230800	2.08815200
16.61999958	2.12659900	2.08815200
16.63999958	2.17089100	2.08815200
16.65999958	2.21518200	2.08815200
16.67999958	2.25947300	2.08815200
16.69999958	2.30376500	2.08815200
16.71999958	2.34805600	2.00110700
16.73999958	2.39234700	2.00110700
16.75999958	2.39234700	2.00110700
16.77999958	2.43663900	1.91406300
16.79999958	2.48093000	1.91406300
16.81999958	2.52522100	1.91406300
16.83999957	2.52522100	1.91406300
16.85999957	2.56951300	1.91406300
16.87999957	2.61395800	1.82701800
16.89999957	2.61395800	1.82701800
16.91999957	2.70254100	1.82701800
16.93999957	2.70254100	1.73997300
16.95999957	2.74683200	1.73997300
16.97999957	2.74683200	1.73997300
16.99999957	2.74683200	1.73997300
17.01999957	2.79112300	1.73997300
17.03999957	2.79112300	1.65323600
17.05999957	2.83541500	1.65323600
17.07999957	2.87970600	1.65323600
17.09999957	2.87970600	1.65323600
17.11999957	2.87970600	1.56619100
17.13999957	2.87970600	1.56619100
17.15999957	2.87970600	1.56619100
17.17999957	2.92399700	1.56619100
17.19999957	2.92399700	1.47914600
17.21999956	2.92399700	1.47914600
17.23999956	2.92399700	1.47914600
17.25999956	2.92399700	1.47914600
17.27999956	2.92399700	1.47914600
17.29999956	2.87970600	1.47914600
17.31999956	2.92399700	1.39210100
17.33999956	2.87970600	1.39210100
17.35999956	2.92399700	1.39210100
17.37999956	2.87970600	1.30505700
17.39999956	2.83541500	1.30505700
17.41999956	2.83541500	1.30505700
17.43999956	2.83541500	1.30505700
17.45999956	2.79112300	1.30505700
17.47999956	2.79112300	1.21801200
17.49999956	2.79112300	1.21801200
17.51999956	2.74683200	1.21801200
17.53999956	2.70254100	1.13096700
17.55999956	2.70254100	1.13096700
17.57999956	2.65824900	1.13096700
17.59999956	2.61395800	1.13096700
17.61999955	2.61395800	1.13096700
17.63999955	2.56951300	1.04392200
17.65999955	2.48093000	1.04392200
17.67999955	2.48093000	1.04392200
17.69999955	2.43663900	1.04392200
17.71999955	2.43663900	0.95687750
17.73999955	2.34805600	0.95687750
17.75999955	2.34805600	0.95687750
17.77999955	2.25947300	0.95687750
17.79999955	2.25947300	0.86983270
17.81999955	2.21518200	0.86983270
17.83999955	2.17089100	0.86983270
17.85999955	2.12659900	0.86983270
17.87999955	2.08230800	0.86983270
17.89999955	2.03786300	0.78309550
17.91999955	1.99357200	0.78309550
17.93999955	1.94928000	0.69605070
17.95999955	1.90498900	0.78309550
17.97999955	1.86069800	0.69605070
17.99999955	1.81640600	0.69605070
18.01999954	1.77211500	0.69605070
18.03999954	1.77211500	0.69605070
18.05999954	1.68353200	0.60900590
18.07999954	1.68353200	0.60900590
18.09999954	1.63924100	0.60900590
18.11999954	1.59495000	0.60900590
18.13999954	1.55065800	0.52196110
18.15999954	1.55065800	0.52196110
18.17999954	1.50621300	0.52196110
18.19999954	1.55065800	0.52196110
18.21999954	1.50621300	0.52196110
18.23999954	1.46192200	0.43491630
18.25999954	1.46192200	0.43491630
18.27999954	1.37333900	0.43491630
18.29999954	1.41763000	0.43491630
18.31999954	1.41763000	0.34787150
18.33999954	1.37333900	0.34787150
18.35999954	1.37333900	0.34787150
18.37999954	1.37333900	0.34787150
18.39999954	1.37333900	0.26082680
18.41999953	1.37333900	0.26082680
18.43999953	1.32904800	0.26082680
18.45999953	1.37333900	0.26082680
18.47999953	1.37333900	0.17378200
18.49999953	1.41763000	0.17378200
18.51999953	1.41763000	0.17378200
18.53999953	1.41763000	0.08673721
18.55999953	1.41763000	0.08673721
18.57999953	1.46192200	0.08673721
18.59999953	1.46192200	0.08673721
18.61999953	1.50621300	0.00000000
18.63999953	1.50621300	0.00000000
18.65999953	1.55065800	0.00000000
18.67999953	1.59495000	0.00000000
18.69999953	1.63924100	0.00000000
18.71999953	1.63924100	-0.08673721
18.73999953	1.68353200	-0.08673721
18.75999953	1.72782400	-0.08673721
18.77999953	1.72782400	-0.08673721
18.79999953	1.77211500	-0.08673721
18.81999952	1.81640600	-0.17378200
18.83999952	1.86069800	-0.17378200
18.85999952	1.90498900	-0.17378200
18.87999952	1.90498900	-0.17378200
18.89999952	1.94928000	-0.26082680
18.91999952	1.99357200	-0.26082680
18.93999952	2.03786300	-0.26082680
18.95999952	2.08230800	-0.26082680
18.97999952	2.12659900	-0.34787150
18.99999952	2.12659900	-0.26082680
19.01999952	2.17089100	-0.34787150
19.03999952	2.17089100	-0.34787150
19.05999952	2.17089100	-0.34787150
19.07999952	2.21518200	-0.34787150
19.09999952	2.25947300	-0.43491630
19.11999952	2.25947300	-0.43491630
19.13999952	2.30376500	-0.43491630
19.15999952	2.34805600	-0.43491630
19.17999952	2.34805600	-0.43491630
19.19999951	2.39234700	-0.52196110
19.21999951	2.39234700	-0.52196110
19.23999951	2.48093000	-0.52196110
19.25999951	2.43663900	-0.52196110
19.27999951	2.48093000	-0.60900590
19.29999951	2.52522100	-0.60900590
19.31999951	2.48093000	-0.60900590
19.33999951	2.52522100	-0.60900590
19.35999951	2.52522100	-0.60900590
19.37999951	2.56951300	-0.60900590
19.39999951	2.56951300	-0.69605070
19.41999951	2.56951300	-0.60900590
19.43999951	2.61395800	-0.69605070
19.45999951	2.61395800	-0.69605070
19.47999951	2.65824900	-0.78309550
19.49999951	2.65824900	-0.78309550
19.51999951	2.65824900	-0.78309550
19.53999951	2.65824900	-0.78309550
19.55999951	2.70254100	-0.78309550
19.57999951	2.70254100	-0.78309550
19.59999950	2.70254100	-0.86983270
19.61999950	2.70254100	-0.86983270
19.63999950	2.74683200	-0.86983270
19.65999950	2.74683200	-0.86983270
19.67999950	2.74683200	-0.86983270
19.69999950	2.74683200	-0.86983270
19.71999950	2.74683200	-0.95687750
19.73999950	2.74683200	-0.95687750
19.75999950	2.74683200	-0.95687750
19.77999950	2.79112300	-0.95687750
19.79999950	2.79112300	-1.04392200
19.81999950	2.79112300	-1.04392200
19.83999950	2.79112300	-1.04392200
19.85999950	2.83541500	-1.04392200
19.87999950	2.79112300	-1.04392200
19.89999950	2.83541500	-1.13096700
19.91999950	2.79112300	-1.13096700
19.93999950	2.83541500	-1.13096700
19.95999950	2.79112300	-1.13096700
19.97999950	2.83541500	-1.13096700
19.99999949	2.87970600	-1.21801200
20.01999949	2.83541500	-1.21801200
20.03999949	2.83541500	-1.21801200
20.05999949	2.83541500	-1.21801200
