Time	Channel A	Channel B
(ms)	(V)	(V)

0.00000000	3.10131600	-0.17378200
0.02000000	3.05687100	-0.17378200
0.04000000	3.05687100	-0.17378200
0.06000000	3.10131600	-0.17378200
0.08000000	3.05687100	-0.17378200
0.10000000	3.05687100	-0.17378200
0.12000000	3.05687100	-0.08673721
0.14000000	3.05687100	-0.08673721
0.16000000	3.10131600	-0.08673721
0.18000000	3.10131600	0.00000000
0.19999999	3.05687100	0.00000000
0.21999999	3.05687100	0.00000000
0.23999999	3.05687100	0.00000000
0.25999999	3.10131600	0.00000000
0.27999999	3.05687100	0.08673721
0.29999999	3.01258000	0.08673721
0.31999999	3.05687100	0.08673721
0.33999999	3.01258000	0.17378200
0.35999999	3.01258000	0.17378200
0.37999999	3.01258000	0.17378200
0.39999999	3.01258000	0.17378200
0.41999999	3.01258000	0.26082680
0.43999999	3.01258000	0.26082680
0.45999999	3.01258000	0.26082680
0.47999999	2.96828900	0.26082680
0.49999999	2.96828900	0.34787150
0.51999999	2.96828900	0.34787150
0.53999999	2.92399700	0.34787150
0.55999999	2.92399700	0.34787150
0.57999999	2.87970600	0.43491630
0.59999998	2.87970600	0.43491630
0.61999998	2.83541500	0.43491630
0.63999998	2.83541500	0.43491630
0.65999998	2.79112300	0.43491630
0.67999998	2.79112300	0.52196110
0.69999998	2.74683200	0.52196110
0.71999998	2.70254100	0.52196110
0.73999998	2.74683200	0.52196110
0.75999998	2.70254100	0.52196110
0.77999998	2.65824900	0.60900590
0.79999998	2.65824900	0.60900590
0.81999998	2.61395800	0.60900590
0.83999998	2.56951300	0.69605070
0.85999998	2.52522100	0.69605070
0.87999998	2.52522100	0.69605070
0.89999998	2.52522100	0.69605070
0.91999998	2.43663900	0.78309550
0.93999998	2.39234700	0.78309550
0.95999998	2.39234700	0.78309550
0.97999998	2.34805600	0.78309550
0.99999997	2.34805600	0.78309550
1.01999997	2.30376500	0.86983270
1.03999997	2.25947300	0.86983270
1.05999997	2.25947300	0.86983270
1.07999997	2.21518200	0.86983270
1.09999997	2.17089100	0.95687750
1.11999997	2.12659900	0.95687750
1.13999997	2.08230800	0.95687750
1.15999997	2.03786300	0.95687750
1.17999997	1.99357200	1.04392200
1.19999997	1.99357200	1.04392200
1.21999997	1.94928000	1.04392200
1.23999997	1.90498900	1.04392200
1.25999997	1.90498900	1.13096700
1.27999997	1.86069800	1.04392200
1.29999997	1.81640600	1.13096700
1.31999997	1.81640600	1.13096700
1.33999997	1.72782400	1.13096700
1.35999997	1.72782400	1.21801200
1.37999997	1.68353200	1.21801200
1.39999996	1.59495000	1.21801200
1.41999996	1.63924100	1.30505700
1.43999996	1.59495000	1.21801200
1.45999996	1.55065800	1.30505700
1.47999996	1.50621300	1.30505700
1.49999996	1.50621300	1.30505700
1.51999996	1.46192200	1.39210100
1.53999996	1.41763000	1.39210100
1.55999996	1.41763000	1.39210100
1.57999996	1.41763000	1.39210100
1.59999996	1.37333900	1.47914600
1.61999996	1.37333900	1.47914600
1.63999996	1.32904800	1.47914600
1.65999996	1.28475600	1.47914600
1.67999996	1.28475600	1.56619100
1.69999996	1.32904800	1.56619100
1.71999996	1.28475600	1.56619100
1.73999996	1.24046500	1.56619100
1.75999996	1.28475600	1.65323600
1.77999996	1.24046500	1.65323600
1.79999995	1.28475600	1.65323600
1.81999995	1.24046500	1.65323600
1.83999995	1.24046500	1.65323600
1.85999995	1.24046500	1.73997300
1.87999995	1.24046500	1.73997300
1.89999995	1.28475600	1.73997300
1.91999995	1.28475600	1.73997300
1.93999995	1.28475600	1.73997300
1.95999995	1.28475600	1.82701800
1.97999995	1.28475600	1.82701800
1.99999995	1.28475600	1.82701800
2.01999995	1.32904800	1.91406300
2.03999995	1.37333900	1.91406300
2.05999995	1.37333900	1.91406300
2.07999995	1.37333900	1.91406300
2.09999995	1.41763000	2.00110700
2.11999995	1.41763000	2.00110700
2.13999995	1.46192200	2.00110700
2.15999995	1.50621300	2.00110700
2.17999994	1.55065800	2.00110700
2.19999994	1.55065800	2.08815200
2.21999994	1.59495000	2.08815200
2.23999994	1.63924100	2.08815200
2.25999994	1.63924100	2.17519700
2.27999994	1.72782400	2.08815200
2.29999994	1.77211500	2.17519700
2.31999994	1.77211500	2.17519700
2.33999994	1.81640600	2.17519700
2.35999994	1.90498900	2.26224200
2.37999994	1.90498900	2.26224200
2.39999994	1.99357200	2.26224200
2.41999994	1.99357200	2.26224200
2.43999994	2.08230800	2.34928600
2.45999994	2.08230800	2.34928600
2.47999994	2.12659900	2.34928600
2.49999994	2.17089100	2.34928600
2.51999994	2.21518200	2.43633100
2.53999994	2.25947300	2.43633100
2.55999994	2.30376500	2.43633100
2.57999993	2.34805600	2.43633100
2.59999993	2.39234700	2.52337600
2.61999993	2.39234700	2.43633100
2.63999993	2.43663900	2.52337600
2.65999993	2.48093000	2.52337600
2.67999993	2.52522100	2.52337600
2.69999993	2.56951300	2.52337600
2.71999993	2.61395800	2.61011300
2.73999993	2.61395800	2.61011300
2.75999993	2.65824900	2.61011300
2.77999993	2.65824900	2.61011300
2.79999993	2.70254100	2.69715800
2.81999993	2.74683200	2.69715800
2.83999993	2.74683200	2.69715800
2.85999993	2.74683200	2.69715800
2.87999993	2.79112300	2.78420300
2.89999993	2.79112300	2.78420300
2.91999993	2.83541500	2.78420300
2.93999993	2.83541500	2.87124800
2.95999993	2.83541500	2.87124800
2.97999992	2.83541500	2.87124800
2.99999992	2.87970600	2.87124800
3.01999992	2.87970600	2.87124800
3.03999992	2.87970600	2.95829200
3.05999992	2.87970600	2.95829200
3.07999992	2.87970600	2.95829200
3.09999992	2.87970600	2.95829200
3.11999992	2.87970600	2.95829200
3.13999992	2.87970600	3.04533700
3.15999992	2.87970600	3.04533700
3.17999992	2.87970600	3.04533700
3.19999992	2.83541500	3.04533700
3.21999992	2.83541500	3.13238200
3.23999992	2.83541500	3.13238200
3.25999992	2.79112300	3.13238200
3.27999992	2.79112300	3.13238200
3.29999992	2.74683200	3.21942700
3.31999992	2.70254100	3.21942700
3.33999992	2.70254100	3.21942700
3.35999992	2.65824900	3.21942700
3.37999991	2.65824900	3.21942700
3.39999991	2.61395800	3.30647100
3.41999991	2.61395800	3.30647100
3.43999991	2.56951300	3.30647100
3.45999991	2.56951300	3.39351600
3.47999991	2.48093000	3.39351600
3.49999991	2.43663900	3.39351600
3.51999991	2.43663900	3.39351600
3.53999991	2.39234700	3.39351600
3.55999991	2.34805600	3.48025300
3.57999991	2.30376500	3.48025300
3.59999991	2.25947300	3.48025300
3.61999991	2.21518200	3.48025300
3.63999991	2.17089100	3.56729800
3.65999991	2.17089100	3.56729800
3.67999991	2.08230800	3.56729800
3.69999991	2.08230800	3.56729800
3.71999991	1.99357200	3.65434300
3.73999991	1.94928000	3.65434300
3.75999991	1.94928000	3.65434300
3.77999990	1.86069800	3.65434300
3.79999990	1.90498900	3.74138800
3.81999990	1.81640600	3.74138800
3.83999990	1.77211500	3.74138800
3.85999990	1.77211500	3.74138800
3.87999990	1.68353200	3.74138800
3.89999990	1.68353200	3.82843300
3.91999990	1.63924100	3.82843300
3.93999990	1.63924100	3.82843300
3.95999990	1.59495000	3.91547700
3.97999990	1.55065800	3.82843300
3.99999990	1.55065800	3.91547700
4.01999990	1.50621300	3.91547700
4.03999990	1.46192200	4.00252200
4.05999990	1.46192200	4.00252200
4.07999990	1.41763000	4.00252200
4.09999990	1.41763000	4.00252200
4.11999990	1.41763000	4.00252200
4.13999990	1.37333900	4.08956700
4.15999989	1.37333900	4.08956700
4.17999989	1.32904800	4.08956700
4.19999989	1.32904800	4.08956700
4.21999989	1.32904800	4.08956700
4.23999989	1.32904800	4.17661200
4.25999989	1.32904800	4.17661200
4.27999989	1.32904800	4.17661200
4.29999989	1.37333900	4.17661200
4.31999989	1.32904800	4.17661200
4.33999989	1.32904800	4.26365700
4.35999989	1.37333900	4.26365700
4.37999989	1.37333900	4.26365700
4.39999989	1.37333900	4.35039400
4.41999989	1.37333900	4.35039400
4.43999989	1.37333900	4.35039400
4.45999989	1.41763000	4.35039400
4.47999989	1.46192200	4.35039400
4.49999989	1.46192200	4.35039400
4.51999989	1.46192200	4.43743800
4.53999989	1.50621300	4.43743800
4.55999988	1.55065800	4.52448300
4.57999988	1.55065800	4.52448300
4.59999988	1.59495000	4.52448300
4.61999988	1.63924100	4.52448300
4.63999988	1.63924100	4.61152800
4.65999988	1.68353200	4.61152800
4.67999988	1.72782400	4.61152800
4.69999988	1.77211500	4.61152800
4.71999988	1.81640600	4.61152800
4.73999988	1.81640600	4.69857300
4.75999988	1.86069800	4.69857300
4.77999988	1.90498900	4.69857300
4.79999988	1.94928000	4.69857300
4.81999988	1.99357200	4.78561800
4.83999988	2.03786300	4.78561800
4.85999988	2.08230800	4.78561800
4.87999988	2.12659900	4.78561800
4.89999988	2.17089100	4.78561800
4.91999988	2.17089100	4.87266300
4.93999988	2.21518200	4.87266300
4.95999987	2.25947300	4.87266300
4.97999987	2.30376500	4.95970700
4.99999987	2.34805600	4.87266300
5.01999987	2.39234700	4.95970700
5.03999987	2.39234700	4.95970700
5.05999987	2.43663900	4.87266300
5.07999987	2.48093000	4.87266300
5.09999987	2.52522100	4.87266300
5.11999987	2.52522100	4.78561800
5.13999987	2.56951300	4.78561800
5.15999987	2.61395800	4.78561800
5.17999987	2.65824900	4.69857300
5.19999987	2.65824900	4.78561800
5.21999987	2.70254100	4.69857300
5.23999987	2.70254100	4.69857300
5.25999987	2.70254100	4.69857300
5.27999987	2.74683200	4.69857300
5.29999987	2.74683200	4.69857300
5.31999987	2.79112300	4.61152800
5.33999987	2.79112300	4.61152800
5.35999986	2.79112300	4.61152800
5.37999986	2.83541500	4.52448300
5.39999986	2.83541500	4.52448300
5.41999986	2.83541500	4.52448300
5.43999986	2.83541500	4.52448300
5.45999986	2.83541500	4.52448300
5.47999986	2.83541500	4.43743800
5.49999986	2.83541500	4.43743800
5.51999986	2.83541500	4.43743800
5.53999986	2.87970600	4.43743800
5.55999986	2.87970600	4.35039400
5.57999986	2.83541500	4.35039400
5.59999986	2.83541500	4.35039400
5.61999986	2.83541500	4.35039400
5.63999986	2.83541500	4.26365700
5.65999986	2.83541500	4.26365700
5.67999986	2.83541500	4.26365700
5.69999986	2.79112300	4.17661200
5.71999986	2.79112300	4.26365700
5.73999985	2.79112300	4.17661200
5.75999985	2.79112300	4.17661200
5.77999985	2.74683200	4.17661200
5.79999985	2.79112300	4.08956700
5.81999985	2.70254100	4.08956700
5.83999985	2.65824900	4.08956700
5.85999985	2.65824900	4.08956700
5.87999985	2.65824900	4.08956700
5.89999985	2.65824900	4.00252200
5.91999985	2.61395800	4.00252200
5.93999985	2.61395800	4.00252200
5.95999985	2.56951300	4.00252200
5.97999985	2.52522100	3.91547700
5.99999985	2.52522100	3.91547700
6.01999985	2.48093000	3.91547700
6.03999985	2.52522100	3.91547700
6.05999985	2.43663900	3.82843300
6.07999985	2.39234700	3.82843300
6.09999985	2.34805600	3.82843300
6.11999985	2.34805600	3.82843300
6.13999984	2.30376500	3.74138800
6.15999984	2.25947300	3.82843300
6.17999984	2.25947300	3.74138800
6.19999984	2.17089100	3.74138800
6.21999984	2.17089100	3.74138800
6.23999984	2.12659900	3.65434300
6.25999984	2.12659900	3.65434300
6.27999984	2.08230800	3.65434300
6.29999984	2.03786300	3.65434300
6.31999984	1.94928000	3.56729800
6.33999984	1.94928000	3.56729800
6.35999984	1.94928000	3.56729800
6.37999984	1.90498900	3.56729800
6.39999984	1.86069800	3.48025300
6.41999984	1.86069800	3.48025300
6.43999984	1.81640600	3.48025300
6.45999984	1.77211500	3.48025300
6.47999984	1.77211500	3.39351600
6.49999984	1.72782400	3.39351600
6.51999984	1.68353200	3.39351600
6.53999983	1.63924100	3.39351600
6.55999983	1.63924100	3.30647100
6.57999983	1.59495000	3.30647100
6.59999983	1.55065800	3.30647100
6.61999983	1.55065800	3.21942700
6.63999983	1.50621300	3.21942700
6.65999983	1.46192200	3.21942700
6.67999983	1.41763000	3.21942700
6.69999983	1.41763000	3.21942700
6.71999983	1.37333900	3.13238200
6.73999983	1.37333900	3.13238200
6.75999983	1.32904800	3.13238200
6.77999983	1.32904800	3.13238200
6.79999983	1.32904800	3.13238200
6.81999983	1.28475600	3.04533700
6.83999983	1.28475600	3.04533700
6.85999983	1.24046500	3.04533700
6.87999983	1.28475600	3.04533700
6.89999983	1.24046500	2.95829200
6.91999983	1.19617400	2.95829200
6.93999982	1.19617400	2.95829200
6.95999982	1.19617400	2.87124800
6.97999982	1.19617400	2.95829200
6.99999982	1.19617400	2.87124800
7.01999982	1.19617400	2.87124800
7.03999982	1.19617400	2.87124800
7.05999982	1.19617400	2.87124800
7.07999982	1.19617400	2.78420300
7.09999982	1.19617400	2.78420300
7.11999982	1.19617400	2.78420300
7.13999982	1.19617400	2.78420300
7.15999982	1.24046500	2.69715800
7.17999982	1.24046500	2.69715800
7.19999982	1.28475600	2.69715800
7.21999982	1.28475600	2.69715800
7.23999982	1.28475600	2.61011300
7.25999982	1.28475600	2.61011300
7.27999982	1.28475600	2.61011300
7.29999982	1.32904800	2.61011300
7.31999982	1.37333900	2.61011300
7.33999981	1.37333900	2.52337600
7.35999981	1.41763000	2.52337600
7.37999981	1.46192200	2.52337600
7.39999981	1.46192200	2.43633100
7.41999981	1.50621300	2.43633100
7.43999981	1.55065800	2.43633100
7.45999981	1.55065800	2.43633100
7.47999981	1.59495000	2.43633100
7.49999981	1.59495000	2.43633100
7.51999981	1.68353200	2.34928600
7.53999981	1.68353200	2.34928600
7.55999981	1.72782400	2.34928600
7.57999981	1.72782400	2.26224200
7.59999981	1.81640600	2.26224200
7.61999981	1.86069800	2.26224200
7.63999981	1.90498900	2.26224200
7.65999981	1.94928000	2.17519700
7.67999981	1.94928000	2.17519700
7.69999981	1.99357200	2.17519700
7.71999980	2.08230800	2.17519700
7.73999980	2.08230800	2.08815200
7.75999980	2.12659900	2.08815200
7.77999980	2.12659900	2.08815200
7.79999980	2.17089100	2.08815200
7.81999980	2.25947300	2.00110700
7.83999980	2.30376500	2.00110700
7.85999980	2.34805600	2.00110700
7.87999980	2.34805600	2.00110700
7.89999980	2.39234700	2.00110700
7.91999980	2.43663900	1.91406300
7.93999980	2.48093000	1.91406300
7.95999980	2.48093000	1.91406300
7.97999980	2.52522100	1.82701800
7.99999980	2.56951300	1.82701800
8.01999980	2.56951300	1.82701800
8.03999980	2.61395800	1.82701800
8.05999980	2.65824900	1.73997300
8.07999980	2.70254100	1.73997300
8.09999980	2.70254100	1.73997300
8.11999979	2.74683200	1.73997300
8.13999979	2.74683200	1.65323600
8.15999979	2.79112300	1.65323600
8.17999979	2.79112300	1.65323600
8.19999979	2.83541500	1.65323600
8.21999979	2.83541500	1.65323600
8.23999979	2.83541500	1.56619100
8.25999979	2.87970600	1.56619100
8.27999979	2.87970600	1.56619100
8.29999979	2.87970600	1.56619100
8.31999979	2.92399700	1.47914600
8.33999979	2.92399700	1.47914600
8.35999979	2.92399700	1.47914600
8.37999979	2.92399700	1.47914600
8.39999979	2.92399700	1.39210100
8.41999979	2.87970600	1.39210100
8.43999979	2.87970600	1.39210100
8.45999979	2.92399700	1.39210100
8.47999979	2.87970600	1.39210100
8.49999979	2.87970600	1.30505700
8.51999978	2.87970600	1.30505700
8.53999978	2.87970600	1.30505700
8.55999978	2.87970600	1.30505700
8.57999978	2.79112300	1.21801200
8.59999978	2.79112300	1.21801200
8.61999978	2.79112300	1.21801200
8.63999978	2.74683200	1.21801200
8.65999978	2.74683200	1.13096700
8.67999978	2.70254100	1.13096700
8.69999978	2.70254100	1.13096700
8.71999978	2.65824900	1.13096700
8.73999978	2.61395800	1.13096700
8.75999978	2.56951300	1.04392200
8.77999978	2.52522100	1.04392200
8.79999978	2.52522100	1.04392200
8.81999978	2.48093000	0.95687750
8.83999978	2.43663900	0.95687750
8.85999978	2.39234700	0.95687750
8.87999978	2.34805600	0.95687750
8.89999978	2.30376500	0.95687750
8.91999977	2.25947300	0.86983270
8.93999977	2.25947300	0.86983270
8.95999977	2.17089100	0.86983270
8.97999977	2.12659900	0.86983270
8.99999977	2.08230800	0.86983270
9.01999977	2.03786300	0.78309550
9.03999977	2.03786300	0.78309550
9.05999977	1.94928000	0.78309550
9.07999977	1.90498900	0.78309550
9.09999977	1.90498900	0.69605070
9.11999977	1.86069800	0.69605070
9.13999977	1.81640600	0.69605070
9.15999977	1.77211500	0.60900590
9.17999977	1.72782400	0.60900590
9.19999977	1.68353200	0.60900590
9.21999977	1.63924100	0.60900590
9.23999977	1.63924100	0.60900590
9.25999977	1.59495000	0.52196110
9.27999977	1.55065800	0.52196110
9.29999977	1.50621300	0.52196110
9.31999976	1.50621300	0.52196110
9.33999976	1.50621300	0.43491630
9.35999976	1.46192200	0.43491630
9.37999976	1.46192200	0.43491630
9.39999976	1.41763000	0.34787150
9.41999976	1.41763000	0.34787150
9.43999976	1.41763000	0.34787150
9.45999976	1.37333900	0.34787150
9.47999976	1.41763000	0.26082680
9.49999976	1.37333900	0.34787150
9.51999976	1.37333900	0.26082680
9.53999976	1.37333900	0.26082680
9.55999976	1.37333900	0.26082680
9.57999976	1.41763000	0.26082680
9.59999976	1.37333900	0.17378200
9.61999976	1.41763000	0.17378200
9.63999976	1.46192200	0.17378200
9.65999976	1.41763000	0.17378200
9.67999976	1.46192200	0.08673721
9.69999975	1.46192200	0.08673721
9.71999975	1.50621300	0.08673721
9.73999975	1.55065800	0.00000000
9.75999975	1.55065800	0.08673721
9.77999975	1.59495000	0.00000000
9.79999975	1.59495000	0.00000000
9.81999975	1.63924100	0.00000000
9.83999975	1.63924100	-0.08673721
9.85999975	1.68353200	-0.08673721
9.87999975	1.72782400	-0.08673721
9.89999975	1.77211500	-0.08673721
9.91999975	1.81640600	-0.08673721
9.93999975	1.81640600	-0.17378200
9.95999975	1.86069800	-0.17378200
9.97999975	1.94928000	-0.17378200
9.99999975	1.94928000	-0.17378200
10.01999975	1.99357200	-0.26082680
10.03999975	2.03786300	-0.26082680
10.05999975	2.08230800	-0.26082680
10.07999975	2.12659900	-0.26082680
10.09999974	2.08230800	-0.26082680
10.11999974	2.17089100	-0.26082680
10.13999974	2.21518200	-0.34787150
10.15999974	2.21518200	-0.34787150
10.17999974	2.25947300	-0.34787150
10.19999974	2.25947300	-0.34787150
10.21999974	2.30376500	-0.43491630
10.23999974	2.30376500	-0.43491630
10.25999974	2.34805600	-0.43491630
10.27999974	2.39234700	-0.43491630
10.29999974	2.39234700	-0.52196110
10.31999974	2.43663900	-0.52196110
10.33999974	2.43663900	-0.52196110
10.35999974	2.48093000	-0.52196110
10.37999974	2.48093000	-0.52196110
10.39999974	2.48093000	-0.52196110
10.41999974	2.56951300	-0.60900590
10.43999974	2.56951300	-0.60900590
10.45999974	2.56951300	-0.60900590
10.47999974	2.56951300	-0.60900590
10.49999973	2.56951300	-0.60900590
10.51999973	2.61395800	-0.60900590
10.53999973	2.65824900	-0.69605070
10.55999973	2.65824900	-0.69605070
10.57999973	2.65824900	-0.69605070
10.59999973	2.65824900	-0.78309550
10.61999973	2.65824900	-0.78309550
10.63999973	2.70254100	-0.78309550
10.65999973	2.70254100	-0.78309550
10.67999973	2.70254100	-0.78309550
10.69999973	2.74683200	-0.78309550
10.71999973	2.74683200	-0.86983270
10.73999973	2.74683200	-0.86983270
10.75999973	2.74683200	-0.86983270
10.77999973	2.79112300	-0.86983270
10.79999973	2.74683200	-0.86983270
10.81999973	2.79112300	-0.95687750
10.83999973	2.79112300	-0.95687750
10.85999973	2.83541500	-0.95687750
10.87999973	2.83541500	-0.95687750
10.89999972	2.79112300	-1.04392200
10.91999972	2.83541500	-1.04392200
10.93999972	2.83541500	-1.04392200
10.95999972	2.83541500	-1.04392200
10.97999972	2.79112300	-1.04392200
10.99999972	2.83541500	-1.04392200
11.01999972	2.83541500	-1.13096700
11.03999972	2.83541500	-1.13096700
11.05999972	2.83541500	-1.13096700
11.07999972	2.87970600	-1.13096700
11.09999972	2.87970600	-1.13096700
11.11999972	2.83541500	-1.13096700
11.13999972	2.87970600	-1.21801200
11.15999972	2.87970600	-1.21801200
11.17999972	2.87970600	-1.21801200
11.19999972	2.92399700	-1.30505700
11.21999972	2.87970600	-1.30505700
11.23999972	2.87970600	-1.30505700
11.25999972	2.87970600	-1.30505700
11.27999972	2.92399700	-1.30505700
11.29999971	2.87970600	-1.30505700
11.31999971	2.92399700	-1.30505700
11.33999971	2.87970600	-1.39210100
11.35999971	2.92399700	-1.39210100
11.37999971	2.92399700	-1.39210100
11.39999971	2.92399700	-1.39210100
11.41999971	2.92399700	-1.47914600
11.43999971	2.92399700	-1.47914600
11.45999971	2.87970600	-1.47914600
11.47999971	2.92399700	-1.47914600
11.49999971	2.92399700	-1.56619100
11.51999971	2.92399700	-1.56619100
11.53999971	2.92399700	-1.56619100
11.55999971	2.96828900	-1.56619100
11.57999971	2.92399700	-1.56619100
11.59999971	2.96828900	-1.56619100
11.61999971	2.96828900	-1.65323600
11.63999971	2.92399700	-1.65323600
11.65999971	2.92399700	-1.65323600
11.67999970	2.96828900	-1.65323600
11.69999970	2.96828900	-1.65323600
11.71999970	2.96828900	-1.73997300
11.73999970	3.01258000	-1.73997300
11.75999970	2.96828900	-1.73997300
11.77999970	2.96828900	-1.73997300
11.79999970	2.96828900	-1.82701800
11.81999970	2.96828900	-1.73997300
11.83999970	2.96828900	-1.82701800
11.85999970	2.96828900	-1.82701800
11.87999970	3.01258000	-1.82701800
11.89999970	2.96828900	-1.91406300
11.91999970	3.01258000	-1.91406300
11.93999970	2.96828900	-1.91406300
11.95999970	3.01258000	-1.91406300
11.97999970	3.01258000	-1.91406300
11.99999970	3.01258000	-1.91406300
12.01999970	2.96828900	-1.91406300
12.03999970	3.01258000	-2.00110700
12.05999970	3.01258000	-2.00110700
12.07999969	3.01258000	-2.00110700
12.09999969	3.05687100	-2.00110700
12.11999969	3.01258000	-2.00110700
12.13999969	3.05687100	-2.08815200
12.15999969	3.01258000	-2.08815200
12.17999969	3.01258000	-2.08815200
12.19999969	3.05687100	-2.08815200
12.21999969	3.01258000	-2.17519700
12.23999969	3.05687100	-2.17519700
12.25999969	3.05687100	-2.17519700
12.27999969	3.01258000	-2.17519700
12.29999969	3.05687100	-2.26224200
12.31999969	3.05687100	-2.26224200
12.33999969	3.05687100	-2.26224200
12.35999969	3.05687100	-2.26224200
12.37999969	3.05687100	-2.26224200
12.39999969	3.01258000	-2.34928600
12.41999969	3.05687100	-2.34928600
12.43999969	3.05687100	-2.34928600
12.45999969	3.05687100	-2.34928600
12.47999968	3.05687100	-2.34928600
12.49999968	3.05687100	-2.34928600
12.51999968	3.01258000	-2.43633100
12.53999968	3.05687100	-2.43633100
12.55999968	3.05687100	-2.43633100
12.57999968	3.05687100	-2.43633100
12.59999968	3.05687100	-2.43633100
12.61999968	3.05687100	-2.43633100
12.63999968	3.05687100	-2.52337600
12.65999968	3.05687100	-2.52337600
12.67999968	3.05687100	-2.52337600
12.69999968	3.05687100	-2.52337600
12.71999968	3.05687100	-2.61011300
12.73999968	3.05687100	-2.61011300
12.75999968	3.05687100	-2.61011300
12.77999968	3.05687100	-2.61011300
12.79999968	3.05687100	-2.61011300
12.81999968	3.05687100	-2.61011300
12.83999968	3.10131600	-2.69715800
12.85999968	3.05687100	-2.69715800
12.87999967	3.05687100	-2.69715800
12.89999967	3.05687100	-2.69715800
12.91999967	3.05687100	-2.69715800
12.93999967	3.05687100	-2.78420300
12.95999967	3.05687100	-2.78420300
12.97999967	3.05687100	-2.78420300
12.99999967	3.05687100	-2.78420300
13.01999967	3.05687100	-2.78420300
13.03999967	3.05687100	-2.87124800
13.05999967	3.05687100	-2.87124800
13.07999967	3.05687100	-2.87124800
13.09999967	3.10131600	-2.87124800
13.11999967	3.05687100	-2.95829200
13.13999967	3.05687100	-2.95829200
13.15999967	3.05687100	-2.95829200
13.17999967	3.10131600	-2.95829200
13.19999967	3.10131600	-2.95829200
13.21999967	3.05687100	-2.95829200
13.23999967	3.05687100	-3.04533700
13.25999967	3.05687100	-3.04533700
13.27999966	3.05687100	-3.04533700
13.29999966	3.10131600	-3.04533700
13.31999966	3.05687100	-3.04533700
13.33999966	3.10131600	-3.13238200
13.35999966	3.05687100	-3.13238200
13.37999966	3.05687100	-3.13238200
13.39999966	3.05687100	-3.13238200
13.41999966	3.10131600	-3.13238200
13.43999966	3.10131600	-3.21942700
13.45999966	3.05687100	-3.21942700
13.47999966	3.05687100	-3.21942700
13.49999966	3.05687100	-3.21942700
13.51999966	3.10131600	-3.21942700
13.53999966	3.05687100	-3.30647100
13.55999966	3.10131600	-3.30647100
13.57999966	3.05687100	-3.30647100
13.59999966	3.10131600	-3.30647100
13.61999966	3.10131600	-3.39351600
13.63999966	3.10131600	-3.39351600
13.65999965	3.10131600	-3.39351600
13.67999965	3.10131600	-3.39351600
13.69999965	3.10131600	-3.39351600
13.71999965	3.10131600	-3.39351600
13.73999965	3.10131600	-3.48025300
13.75999965	3.05687100	-3.48025300
13.77999965	3.05687100	-3.48025300
13.79999965	3.05687100	-3.48025300
13.81999965	3.10131600	-3.48025300
13.83999965	3.10131600	-3.48025300
13.85999965	3.05687100	-3.56729800
13.87999965	3.05687100	-3.56729800
13.89999965	3.05687100	-3.56729800
13.91999965	3.10131600	-3.56729800
13.93999965	3.10131600	-3.65434300
13.95999965	3.10131600	-3.65434300
13.97999965	3.10131600	-3.65434300
13.99999965	3.05687100	-3.65434300
14.01999965	3.05687100	-3.65434300
14.03999965	3.10131600	-3.65434300
14.05999964	3.10131600	-3.74138800
14.07999964	3.05687100	-3.74138800
14.09999964	3.10131600	-3.74138800
14.11999964	3.05687100	-3.74138800
14.13999964	3.10131600	-3.74138800
14.15999964	3.10131600	-3.74138800
14.17999964	3.05687100	-3.82843300
14.19999964	3.05687100	-3.82843300
14.21999964	3.05687100	-3.82843300
14.23999964	3.05687100	-3.82843300
14.25999964	3.10131600	-3.91547700
14.27999964	3.10131600	-3.91547700
14.29999964	3.05687100	-3.91547700
14.31999964	3.10131600	-3.91547700
14.33999964	3.05687100	-3.91547700
14.35999964	3.10131600	-4.00252200
14.37999964	3.10131600	-4.00252200
14.39999964	3.10131600	-4.00252200
14.41999964	3.05687100	-4.00252200
14.43999964	3.05687100	-4.00252200
14.45999963	3.10131600	-4.08956700
14.47999963	3.10131600	-4.08956700
14.49999963	3.05687100	-4.08956700
14.51999963	3.10131600	-4.08956700
14.53999963	3.05687100	-4.08956700
14.55999963	3.05687100	-4.17661200
14.57999963	3.05687100	-4.17661200
14.59999963	3.10131600	-4.17661200
14.61999963	3.10131600	-4.17661200
14.63999963	3.10131600	-4.17661200
14.65999963	3.05687100	-4.17661200
14.67999963	3.10131600	-4.08956700
14.69999963	3.05687100	-4.08956700
14.71999963	3.05687100	-4.08956700
14.73999963	3.10131600	-4.00252200
14.75999963	3.10131600	-4.00252200
14.77999963	3.10131600	-4.00252200
14.79999963	3.10131600	-4.00252200
14.81999963	3.10131600	-4.00252200
14.83999963	3.10131600	-4.00252200
14.85999962	3.10131600	-3.91547700
14.87999962	3.10131600	-3.91547700
14.89999962	3.05687100	-3.91547700
14.91999962	3.10131600	-3.91547700
14.93999962	3.10131600	-3.91547700
14.95999962	3.10131600	-3.91547700
14.97999962	3.10131600	-3.82843300
14.99999962	3.05687100	-3.82843300
15.01999962	3.05687100	-3.82843300
15.03999962	3.10131600	-3.82843300
15.05999962	3.10131600	-3.82843300
15.07999962	3.10131600	-3.74138800
15.09999962	3.10131600	-3.74138800
15.11999962	3.05687100	-3.74138800
15.13999962	3.05687100	-3.74138800
15.15999962	3.10131600	-3.65434300
15.17999962	3.05687100	-3.65434300
15.19999962	3.10131600	-3.65434300
15.21999962	3.05687100	-3.65434300
15.23999962	3.05687100	-3.65434300
15.25999961	3.10131600	-3.65434300
15.27999961	3.10131600	-3.56729800
15.29999961	3.05687100	-3.56729800
15.31999961	3.05687100	-3.56729800
15.33999961	3.05687100	-3.48025300
15.35999961	3.10131600	-3.48025300
15.37999961	3.10131600	-3.48025300
15.39999961	3.10131600	-3.48025300
15.41999961	3.05687100	-3.48025300
15.43999961	3.05687100	-3.48025300
15.45999961	3.05687100	-3.48025300
15.47999961	3.10131600	-3.39351600
15.49999961	3.10131600	-3.39351600
15.51999961	3.05687100	-3.39351600
15.53999961	3.05687100	-3.39351600
15.55999961	3.05687100	-3.30647100
15.57999961	3.05687100	-3.30647100
15.59999961	3.10131600	-3.30647100
15.61999961	3.05687100	-3.30647100
15.63999960	3.05687100	-3.30647100
15.65999960	3.05687100	-3.21942700
15.67999960	3.05687100	-3.21942700
15.69999960	3.10131600	-3.21942700
15.71999960	3.10131600	-3.21942700
15.73999960	3.10131600	-3.21942700
15.75999960	3.05687100	-3.13238200
15.77999960	3.05687100	-3.13238200
15.79999960	3.05687100	-3.13238200
15.81999960	3.05687100	-3.13238200
15.83999960	3.10131600	-3.13238200
15.85999960	3.10131600	-3.13238200
15.87999960	3.10131600	-3.04533700
15.89999960	3.10131600	-3.04533700
15.91999960	3.05687100	-3.04533700
15.93999960	3.10131600	-3.04533700
15.95999960	3.05687100	-2.95829200
15.97999960	3.10131600	-2.95829200
15.99999960	3.10131600	-2.95829200
16.01999960	3.10131600	-2.95829200
16.03999959	3.10131600	-2.95829200
16.05999959	3.05687100	-2.87124800
16.07999959	3.05687100	-2.87124800
16.09999959	3.05687100	-2.87124800
16.11999959	3.05687100	-2.87124800
16.13999959	3.05687100	-2.78420300
16.15999959	3.10131600	-2.78420300
16.17999959	3.05687100	-2.87124800
16.19999959	3.10131600	-2.78420300
16.21999959	3.05687100	-2.78420300
16.23999959	3.05687100	-2.69715800
16.25999959	3.05687100	-2.69715800
16.27999959	3.10131600	-2.69715800
16.29999959	3.05687100	-2.69715800
16.31999959	3.05687100	-2.69715800
16.33999959	3.05687100	-2.69715800
16.35999959	3.10131600	-2.61011300
16.37999959	3.10131600	-2.61011300
16.39999959	3.10131600	-2.61011300
16.41999959	3.10131600	-2.61011300
16.43999958	3.05687100	-2.61011300
16.45999958	3.05687100	-2.52337600
16.47999958	3.05687100	-2.61011300
16.49999958	3.10131600	-2.52337600
16.51999958	3.10131600	-2.52337600
16.53999958	3.10131600	-2.43633100
16.55999958	3.05687100	-2.52337600
16.57999958	3.05687100	-2.43633100
16.59999958	3.05687100	-2.43633100
16.61999958	3.05687100	-2.43633100
16.63999958	3.05687100	-2.43633100
16.65999958	3.05687100	-2.43633100
16.67999958	3.05687100	-2.34928600
16.69999958	3.10131600	-2.34928600
16.71999958	3.10131600	-2.34928600
16.73999958	3.05687100	-2.26224200
16.75999958	3.10131600	-2.26224200
16.77999958	3.10131600	-2.26224200
16.79999958	3.10131600	-2.26224200
16.81999958	3.05687100	-2.26224200
16.83999957	3.10131600	-2.26224200
16.85999957	3.05687100	-2.26224200
16.87999957	3.05687100	-2.17519700
16.89999957	3.01258000	-2.17519700
16.91999957	3.10131600	-2.17519700
16.93999957	3.05687100	-2.08815200
16.95999957	3.05687100	-2.08815200
16.97999957	3.05687100	-2.08815200
16.99999957	3.10131600	-2.08815200
17.01999957	3.05687100	-2.08815200
17.03999957	3.10131600	-2.08815200
17.05999957	3.05687100	-2.00110700
17.07999957	3.05687100	-2.00110700
17.09999957	3.05687100	-2.00110700
17.11999957	3.10131600	-2.00110700
17.13999957	3.05687100	-2.00110700
17.15999957	3.05687100	-1.91406300
17.17999957	3.05687100	-1.91406300
17.19999957	3.05687100	-1.91406300
17.21999956	3.10131600	-1.91406300
17.23999956	3.05687100	-1.91406300
17.25999956	3.10131600	-1.82701800
17.27999956	3.05687100	-1.82701800
17.29999956	3.05687100	-1.82701800
17.31999956	3.05687100	-1.82701800
17.33999956	3.05687100	-1.82701800
17.35999956	3.05687100	-1.73997300
17.37999956	3.05687100	-1.73997300
17.39999956	3.05687100	-1.73997300
17.41999956	3.05687100	-1.73997300
17.43999956	3.05687100	-1.73997300
17.45999956	3.05687100	-1.65323600
17.47999956	3.05687100	-1.65323600
17.49999956	3.05687100	-1.65323600
17.51999956	3.05687100	-1.65323600
17.53999956	3.05687100	-1.65323600
17.55999956	3.05687100	-1.65323600
17.57999956	3.05687100	-1.65323600
17.59999956	3.05687100	-1.56619100
17.61999955	3.05687100	-1.56619100
17.63999955	3.05687100	-1.47914600
17.65999955	3.05687100	-1.47914600
17.67999955	3.10131600	-1.47914600
17.69999955	3.05687100	-1.47914600
17.71999955	3.05687100	-1.47914600
17.73999955	3.05687100	-1.47914600
17.75999955	3.10131600	-1.39210100
17.77999955	3.05687100	-1.39210100
17.79999955	3.05687100	-1.39210100
17.81999955	3.05687100	-1.39210100
17.83999955	3.05687100	-1.30505700
17.85999955	3.10131600	-1.30505700
17.87999955	3.05687100	-1.30505700
17.89999955	3.10131600	-1.30505700
17.91999955	3.05687100	-1.30505700
17.93999955	3.05687100	-1.30505700
17.95999955	3.05687100	-1.30505700
17.97999955	3.05687100	-1.21801200
17.99999955	3.05687100	-1.21801200
18.01999954	3.05687100	-1.21801200
18.03999954	3.05687100	-1.21801200
18.05999954	3.05687100	-1.21801200
18.07999954	3.10131600	-1.21801200
18.09999954	3.05687100	-1.13096700
18.11999954	3.05687100	-1.13096700
18.13999954	3.05687100	-1.13096700
18.15999954	3.05687100	-1.04392200
18.17999954	3.05687100	-1.04392200
18.19999954	3.05687100	-1.04392200
18.21999954	3.10131600	-1.04392200
18.23999954	3.05687100	-0.95687750
18.25999954	3.05687100	-1.04392200
18.27999954	3.05687100	-0.95687750
18.29999954	3.05687100	-0.95687750
18.31999954	3.05687100	-0.95687750
18.33999954	3.05687100	-0.95687750
18.35999954	3.05687100	-0.86983270
18.37999954	3.05687100	-0.86983270
18.39999954	3.05687100	-0.86983270
18.41999953	3.05687100	-0.86983270
18.43999953	3.05687100	-0.86983270
18.45999953	3.05687100	-0.78309550
18.47999953	3.05687100	-0.78309550
18.49999953	3.01258000	-0.78309550
18.51999953	3.05687100	-0.78309550
18.53999953	3.05687100	-0.78309550
18.55999953	3.05687100	-0.69605070
18.57999953	3.05687100	-0.69605070
18.59999953	3.05687100	-0.69605070
18.61999953	3.10131600	-0.69605070
18.63999953	3.05687100	-0.69605070
18.65999953	3.05687100	-0.60900590
18.67999953	3.10131600	-0.60900590
18.69999953	3.05687100	-0.60900590
18.71999953	3.10131600	-0.52196110
18.73999953	3.05687100	-0.52196110
18.75999953	3.05687100	-0.52196110
18.77999953	3.10131600	-0.52196110
18.79999953	3.10131600	-0.52196110
18.81999952	3.05687100	-0.52196110
18.83999952	3.10131600	-0.52196110
18.85999952	3.05687100	-0.43491630
18.87999952	3.05687100	-0.43491630
18.89999952	3.10131600	-0.43491630
18.91999952	3.10131600	-0.43491630
18.93999952	3.05687100	-0.43491630
18.95999952	3.05687100	-0.34787150
18.97999952	3.10131600	-0.34787150
18.99999952	3.05687100	-0.34787150
19.01999952	3.05687100	-0.34787150
19.03999952	3.05687100	-0.34787150
19.05999952	3.10131600	-0.26082680
19.07999952	3.05687100	-0.26082680
19.09999952	3.10131600	-0.26082680
19.11999952	3.05687100	-0.26082680
19.13999952	3.10131600	-0.26082680
19.15999952	3.10131600	-0.17378200
19.17999952	3.10131600	-0.17378200
19.19999951	3.10131600	-0.17378200
19.21999951	3.10131600	-0.17378200
19.23999951	3.05687100	-0.08673721
19.25999951	3.05687100	-0.08673721
19.27999951	3.05687100	-0.08673721
19.29999951	3.10131600	-0.08673721
19.31999951	3.10131600	-0.08673721
19.33999951	3.10131600	0.00000000
19.35999951	3.05687100	0.00000000
19.37999951	3.05687100	0.00000000
19.39999951	3.10131600	0.00000000
19.41999951	3.10131600	0.08673721
19.43999951	3.05687100	0.08673721
19.45999951	3.10131600	0.08673721
19.47999951	3.05687100	0.08673721
19.49999951	3.05687100	0.17378200
19.51999951	3.05687100	0.17378200
19.53999951	3.05687100	0.17378200
19.55999951	3.01258000	0.17378200
19.57999951	3.01258000	0.26082680
19.59999950	3.01258000	0.26082680
19.61999950	3.01258000	0.26082680
19.63999950	2.96828900	0.26082680
19.65999950	2.96828900	0.26082680
19.67999950	2.96828900	0.34787150
19.69999950	2.92399700	0.34787150
19.71999950	2.92399700	0.34787150
19.73999950	2.92399700	0.43491630
19.75999950	2.87970600	0.43491630
19.77999950	2.87970600	0.43491630
19.79999950	2.83541500	0.52196110
19.81999950	2.83541500	0.52196110
19.83999950	2.79112300	0.52196110
19.85999950	2.79112300	0.52196110
19.87999950	2.79112300	0.52196110
19.89999950	2.74683200	0.52196110
19.91999950	2.70254100	0.60900590
19.93999950	2.70254100	0.60900590
19.95999950	2.65824900	0.60900590
19.97999950	2.61395800	0.60900590
19.99999949	2.61395800	0.69605070
20.01999949	2.56951300	0.69605070
20.03999949	2.56951300	0.69605070
20.05999949	2.52522100	0.69605070
