Time	Channel A	Channel B
(ms)	(V)	(V)

0.00000000	3.10131600	-2.26224200
0.02000000	3.10131600	-2.26224200
0.04000000	3.10131600	-2.26224200
0.06000000	3.10131600	-2.26224200
0.08000000	3.14560800	-2.26224200
0.10000000	3.10131600	-2.17519700
0.12000000	3.10131600	-2.17519700
0.14000000	3.10131600	-2.17519700
0.16000000	3.10131600	-2.17519700
0.18000000	3.10131600	-2.17519700
0.19999999	3.10131600	-2.17519700
0.21999999	3.10131600	-2.08815200
0.23999999	3.10131600	-2.08815200
0.25999999	3.14560800	-2.08815200
0.27999999	3.10131600	-2.08815200
0.29999999	3.10131600	-2.00110700
0.31999999	3.10131600	-2.00110700
0.33999999	3.10131600	-2.00110700
0.35999999	3.14560800	-2.00110700
0.37999999	3.10131600	-2.00110700
0.39999999	3.10131600	-1.91406300
0.41999999	3.10131600	-1.91406300
0.43999999	3.10131600	-1.91406300
0.45999999	3.10131600	-1.91406300
0.47999999	3.10131600	-1.91406300
0.49999999	3.10131600	-1.82701800
0.51999999	3.10131600	-1.82701800
0.53999999	3.10131600	-1.82701800
0.55999999	3.10131600	-1.82701800
0.57999999	3.14560800	-1.73997300
0.59999998	3.10131600	-1.73997300
0.61999998	3.14560800	-1.73997300
0.63999998	3.14560800	-1.73997300
0.65999998	3.14560800	-1.73997300
0.67999998	3.14560800	-1.65323600
0.69999998	3.10131600	-1.65323600
0.71999998	3.10131600	-1.65323600
0.73999998	3.10131600	-1.65323600
0.75999998	3.14560800	-1.65323600
0.77999998	3.14560800	-1.65323600
0.79999998	3.10131600	-1.56619100
0.81999998	3.14560800	-1.56619100
0.83999998	3.14560800	-1.56619100
0.85999998	3.14560800	-1.47914600
0.87999998	3.10131600	-1.47914600
0.89999998	3.14560800	-1.47914600
0.91999998	3.10131600	-1.47914600
0.93999998	3.14560800	-1.47914600
0.95999998	3.14560800	-1.47914600
0.97999998	3.10131600	-1.39210100
0.99999997	3.14560800	-1.39210100
1.01999997	3.10131600	-1.39210100
1.03999997	3.10131600	-1.39210100
1.05999997	3.10131600	-1.39210100
1.07999997	3.10131600	-1.30505700
1.09999997	3.14560800	-1.30505700
1.11999997	3.10131600	-1.30505700
1.13999997	3.10131600	-1.30505700
1.15999997	3.10131600	-1.30505700
1.17999997	3.14560800	-1.30505700
1.19999997	3.10131600	-1.21801200
1.21999997	3.14560800	-1.21801200
1.23999997	3.14560800	-1.21801200
1.25999997	3.14560800	-1.21801200
1.27999997	3.10131600	-1.13096700
1.29999997	3.14560800	-1.13096700
1.31999997	3.10131600	-1.13096700
1.33999997	3.14560800	-1.13096700
1.35999997	3.10131600	-1.13096700
1.37999997	3.10131600	-1.04392200
1.39999996	3.14560800	-1.04392200
1.41999996	3.14560800	-1.04392200
1.43999996	3.14560800	-1.04392200
1.45999996	3.10131600	-1.04392200
1.47999996	3.10131600	-0.95687750
1.49999996	3.10131600	-0.95687750
1.51999996	3.10131600	-0.95687750
1.53999996	3.10131600	-0.95687750
1.55999996	3.10131600	-0.95687750
1.57999996	3.14560800	-0.86983270
1.59999996	3.14560800	-0.86983270
1.61999996	3.14560800	-0.86983270
1.63999996	3.14560800	-0.86983270
1.65999996	3.14560800	-0.78309550
1.67999996	3.10131600	-0.78309550
1.69999996	3.10131600	-0.78309550
1.71999996	3.10131600	-0.78309550
1.73999996	3.10131600	-0.78309550
1.75999996	3.10131600	-0.78309550
1.77999996	3.10131600	-0.69605070
1.79999995	3.10131600	-0.69605070
1.81999995	3.10131600	-0.69605070
1.83999995	3.10131600	-0.69605070
1.85999995	3.14560800	-0.69605070
1.87999995	3.10131600	-0.60900590
1.89999995	3.10131600	-0.60900590
1.91999995	3.14560800	-0.60900590
1.93999995	3.14560800	-0.60900590
1.95999995	3.10131600	-0.60900590
1.97999995	3.10131600	-0.52196110
1.99999995	3.10131600	-0.52196110
2.01999995	3.14560800	-0.52196110
2.03999995	3.10131600	-0.52196110
2.05999995	3.14560800	-0.52196110
2.07999995	3.10131600	-0.43491630
2.09999995	3.10131600	-0.43491630
2.11999995	3.10131600	-0.43491630
2.13999995	3.14560800	-0.43491630
2.15999995	3.14560800	-0.43491630
2.17999994	3.10131600	-0.34787150
2.19999994	3.14560800	-0.34787150
2.21999994	3.14560800	-0.34787150
2.23999994	3.10131600	-0.34787150
2.25999994	3.14560800	-0.34787150
2.27999994	3.14560800	-0.26082680
2.29999994	3.10131600	-0.26082680
2.31999994	3.10131600	-0.26082680
2.33999994	3.14560800	-0.26082680
2.35999994	3.10131600	-0.17378200
2.37999994	3.14560800	-0.17378200
2.39999994	3.10131600	-0.17378200
2.41999994	3.14560800	-0.17378200
2.43999994	3.14560800	-0.17378200
2.45999994	3.10131600	-0.08673721
2.47999994	3.14560800	-0.08673721
2.49999994	3.10131600	-0.08673721
2.51999994	3.14560800	-0.08673721
2.53999994	3.10131600	0.00000000
2.55999994	3.10131600	0.00000000
2.57999993	3.14560800	0.00000000
2.59999993	3.10131600	0.00000000
2.61999993	3.14560800	0.00000000
2.63999993	3.10131600	0.00000000
2.65999993	3.10131600	0.08673721
2.67999993	3.05687100	0.08673721
2.69999993	3.10131600	0.08673721
2.71999993	3.10131600	0.17378200
2.73999993	3.05687100	0.17378200
2.75999993	3.05687100	0.17378200
2.77999993	3.10131600	0.26082680
2.79999993	3.10131600	0.26082680
2.81999993	3.05687100	0.26082680
2.83999993	3.01258000	0.26082680
2.85999993	3.01258000	0.26082680
2.87999993	3.01258000	0.26082680
2.89999993	3.01258000	0.34787150
2.91999993	2.96828900	0.34787150
2.93999993	2.96828900	0.34787150
2.95999993	2.92399700	0.43491630
2.97999992	2.92399700	0.43491630
2.99999992	2.92399700	0.43491630
3.01999992	2.87970600	0.43491630
3.03999992	2.83541500	0.52196110
3.05999992	2.83541500	0.52196110
3.07999992	2.79112300	0.52196110
3.09999992	2.79112300	0.52196110
3.11999992	2.74683200	0.60900590
3.13999992	2.74683200	0.52196110
3.15999992	2.74683200	0.60900590
3.17999992	2.70254100	0.60900590
3.19999992	2.65824900	0.60900590
3.21999992	2.61395800	0.69605070
3.23999992	2.61395800	0.69605070
3.25999992	2.56951300	0.69605070
3.27999992	2.52522100	0.69605070
3.29999992	2.48093000	0.78309550
3.31999992	2.48093000	0.78309550
3.33999992	2.43663900	0.78309550
3.35999992	2.39234700	0.78309550
3.37999991	2.39234700	0.86983270
3.39999991	2.34805600	0.86983270
3.41999991	2.30376500	0.86983270
3.43999991	2.25947300	0.86983270
3.45999991	2.25947300	0.86983270
3.47999991	2.21518200	0.95687750
3.49999991	2.17089100	0.95687750
3.51999991	2.17089100	0.95687750
3.53999991	2.08230800	0.95687750
3.55999991	2.03786300	1.04392200
3.57999991	2.03786300	1.04392200
3.59999991	1.99357200	1.04392200
3.61999991	1.94928000	1.04392200
3.63999991	1.90498900	1.13096700
3.65999991	1.90498900	1.13096700
3.67999991	1.86069800	1.13096700
3.69999991	1.81640600	1.13096700
3.71999991	1.77211500	1.13096700
3.73999991	1.72782400	1.21801200
3.75999991	1.68353200	1.21801200
3.77999990	1.63924100	1.30505700
3.79999990	1.63924100	1.21801200
3.81999990	1.59495000	1.30505700
3.83999990	1.55065800	1.30505700
3.85999990	1.50621300	1.30505700
3.87999990	1.50621300	1.30505700
3.89999990	1.50621300	1.39210100
3.91999990	1.46192200	1.39210100
3.93999990	1.41763000	1.39210100
3.95999990	1.41763000	1.39210100
3.97999990	1.41763000	1.47914600
3.99999990	1.37333900	1.47914600
4.01999990	1.37333900	1.47914600
4.03999990	1.32904800	1.56619100
4.05999990	1.32904800	1.56619100
4.07999990	1.28475600	1.56619100
4.09999990	1.32904800	1.56619100
4.11999990	1.28475600	1.56619100
4.13999990	1.28475600	1.65323600
4.15999989	1.24046500	1.65323600
4.17999989	1.24046500	1.65323600
4.19999989	1.24046500	1.65323600
4.21999989	1.24046500	1.65323600
4.23999989	1.24046500	1.73997300
4.25999989	1.24046500	1.73997300
4.27999989	1.24046500	1.73997300
4.29999989	1.24046500	1.82701800
4.31999989	1.24046500	1.82701800
4.33999989	1.28475600	1.82701800
4.35999989	1.28475600	1.82701800
4.37999989	1.32904800	1.91406300
4.39999989	1.32904800	1.91406300
4.41999989	1.32904800	1.91406300
4.43999989	1.32904800	1.91406300
4.45999989	1.37333900	1.91406300
4.47999989	1.37333900	2.00110700
4.49999989	1.41763000	2.00110700
4.51999989	1.41763000	2.00110700
4.53999989	1.46192200	2.00110700
4.55999988	1.50621300	2.08815200
4.57999988	1.50621300	2.08815200
4.59999988	1.55065800	2.08815200
4.61999988	1.59495000	2.17519700
4.63999988	1.63924100	2.17519700
4.65999988	1.68353200	2.17519700
4.67999988	1.72782400	2.17519700
4.69999988	1.72782400	2.17519700
4.71999988	1.81640600	2.26224200
4.73999988	1.86069800	2.26224200
4.75999988	1.86069800	2.26224200
4.77999988	1.90498900	2.26224200
4.79999988	1.94928000	2.34928600
4.81999988	1.99357200	2.34928600
4.83999988	2.03786300	2.34928600
4.85999988	2.08230800	2.34928600
4.87999988	2.08230800	2.34928600
4.89999988	2.12659900	2.43633100
4.91999988	2.17089100	2.43633100
4.93999988	2.25947300	2.43633100
4.95999987	2.30376500	2.43633100
4.97999987	2.30376500	2.52337600
4.99999987	2.39234700	2.52337600
5.01999987	2.39234700	2.52337600
5.03999987	2.43663900	2.52337600
5.05999987	2.43663900	2.52337600
5.07999987	2.48093000	2.61011300
5.09999987	2.56951300	2.61011300
5.11999987	2.56951300	2.61011300
5.13999987	2.61395800	2.69715800
5.15999987	2.65824900	2.69715800
5.17999987	2.70254100	2.69715800
5.19999987	2.70254100	2.69715800
5.21999987	2.70254100	2.69715800
5.23999987	2.70254100	2.78420300
5.25999987	2.79112300	2.78420300
5.27999987	2.79112300	2.78420300
5.29999987	2.79112300	2.78420300
5.31999987	2.83541500	2.87124800
5.33999987	2.83541500	2.87124800
5.35999986	2.83541500	2.87124800
5.37999986	2.83541500	2.87124800
5.39999986	2.87970600	2.87124800
5.41999986	2.87970600	2.95829200
5.43999986	2.87970600	2.95829200
5.45999986	2.83541500	2.95829200
5.47999986	2.87970600	2.95829200
5.49999986	2.87970600	3.04533700
5.51999986	2.87970600	3.04533700
5.53999986	2.83541500	3.04533700
5.55999986	2.83541500	3.04533700
5.57999986	2.79112300	3.13238200
5.59999986	2.83541500	3.13238200
5.61999986	2.79112300	3.13238200
5.63999986	2.79112300	3.13238200
5.65999986	2.79112300	3.21942700
5.67999986	2.74683200	3.21942700
5.69999986	2.70254100	3.21942700
5.71999986	2.70254100	3.21942700
5.73999985	2.65824900	3.30647100
5.75999985	2.65824900	3.30647100
5.77999985	2.61395800	3.30647100
5.79999985	2.56951300	3.30647100
5.81999985	2.52522100	3.30647100
5.83999985	2.52522100	3.39351600
5.85999985	2.48093000	3.39351600
5.87999985	2.43663900	3.39351600
5.89999985	2.39234700	3.39351600
5.91999985	2.39234700	3.48025300
5.93999985	2.30376500	3.48025300
5.95999985	2.30376500	3.48025300
5.97999985	2.25947300	3.48025300
5.99999985	2.17089100	3.56729800
6.01999985	2.17089100	3.56729800
6.03999985	2.12659900	3.56729800
6.05999985	2.08230800	3.56729800
6.07999985	2.03786300	3.56729800
6.09999985	1.99357200	3.65434300
6.11999985	1.94928000	3.65434300
6.13999984	1.94928000	3.65434300
6.15999984	1.86069800	3.74138800
6.17999984	1.86069800	3.74138800
6.19999984	1.81640600	3.74138800
6.21999984	1.77211500	3.74138800
6.23999984	1.72782400	3.74138800
6.25999984	1.68353200	3.82843300
6.27999984	1.68353200	3.82843300
6.29999984	1.63924100	3.82843300
6.31999984	1.59495000	3.82843300
6.33999984	1.59495000	3.91547700
6.35999984	1.55065800	3.91547700
6.37999984	1.50621300	3.91547700
6.39999984	1.46192200	3.91547700
6.41999984	1.46192200	3.91547700
6.43999984	1.41763000	4.00252200
6.45999984	1.41763000	4.00252200
6.47999984	1.37333900	4.00252200
6.49999984	1.37333900	4.08956700
6.51999984	1.37333900	4.08956700
6.53999983	1.32904800	4.08956700
6.55999983	1.32904800	4.08956700
6.57999983	1.32904800	4.08956700
6.59999983	1.32904800	4.17661200
6.61999983	1.32904800	4.17661200
6.63999983	1.28475600	4.17661200
6.65999983	1.32904800	4.17661200
6.67999983	1.28475600	4.17661200
6.69999983	1.32904800	4.26365700
6.71999983	1.32904800	4.26365700
6.73999983	1.32904800	4.26365700
6.75999983	1.32904800	4.35039400
6.77999983	1.32904800	4.35039400
6.79999983	1.37333900	4.35039400
6.81999983	1.37333900	4.35039400
6.83999983	1.37333900	4.35039400
6.85999983	1.41763000	4.35039400
6.87999983	1.41763000	4.43743800
6.89999983	1.41763000	4.43743800
6.91999983	1.46192200	4.43743800
6.93999982	1.55065800	4.43743800
6.95999982	1.55065800	4.52448300
6.97999982	1.55065800	4.52448300
6.99999982	1.59495000	4.52448300
7.01999982	1.59495000	4.61152800
7.03999982	1.63924100	4.61152800
7.05999982	1.68353200	4.61152800
7.07999982	1.68353200	4.61152800
7.09999982	1.72782400	4.61152800
7.11999982	1.77211500	4.69857300
7.13999982	1.77211500	4.69857300
7.15999982	1.86069800	4.69857300
7.17999982	1.86069800	4.69857300
7.19999982	1.90498900	4.78561800
7.21999982	1.94928000	4.78561800
7.23999982	1.99357200	4.78561800
7.25999982	2.08230800	4.78561800
7.27999982	2.08230800	4.87266300
7.29999982	2.12659900	4.87266300
7.31999982	2.17089100	4.87266300
7.33999981	2.21518200	4.87266300
7.35999981	2.21518200	4.87266300
7.37999981	2.25947300	4.95970700
7.39999981	2.30376500	4.87266300
7.41999981	2.34805600	4.87266300
7.43999981	2.39234700	4.87266300
7.45999981	2.39234700	4.87266300
7.47999981	2.48093000	4.87266300
7.49999981	2.48093000	4.78561800
7.51999981	2.52522100	4.78561800
7.53999981	2.56951300	4.78561800
7.55999981	2.56951300	4.78561800
7.57999981	2.61395800	4.69857300
7.59999981	2.61395800	4.69857300
7.61999981	2.61395800	4.69857300
7.63999981	2.65824900	4.69857300
7.65999981	2.65824900	4.69857300
7.67999981	2.65824900	4.61152800
7.69999981	2.70254100	4.61152800
7.71999980	2.70254100	4.61152800
7.73999980	2.74683200	4.52448300
7.75999980	2.74683200	4.52448300
7.77999980	2.74683200	4.52448300
7.79999980	2.74683200	4.52448300
7.81999980	2.74683200	4.52448300
7.83999980	2.74683200	4.52448300
7.85999980	2.79112300	4.43743800
7.87999980	2.74683200	4.43743800
7.89999980	2.79112300	4.43743800
7.91999980	2.74683200	4.35039400
7.93999980	2.74683200	4.35039400
7.95999980	2.74683200	4.35039400
7.97999980	2.74683200	4.35039400
7.99999980	2.74683200	4.35039400
8.01999980	2.74683200	4.26365700
8.03999980	2.74683200	4.26365700
8.05999980	2.70254100	4.26365700
8.07999980	2.70254100	4.26365700
8.09999980	2.70254100	4.17661200
8.11999979	2.65824900	4.17661200
8.13999979	2.70254100	4.17661200
8.15999979	2.65824900	4.17661200
8.17999979	2.65824900	4.08956700
8.19999979	2.65824900	4.08956700
8.21999979	2.61395800	4.08956700
8.23999979	2.61395800	4.00252200
8.25999979	2.61395800	4.00252200
8.27999979	2.56951300	4.00252200
8.29999979	2.52522100	4.00252200
8.31999979	2.52522100	3.91547700
8.33999979	2.48093000	3.91547700
8.35999979	2.48093000	3.91547700
8.37999979	2.43663900	3.91547700
8.39999979	2.43663900	3.91547700
8.41999979	2.39234700	3.91547700
8.43999979	2.34805600	3.82843300
8.45999979	2.30376500	3.82843300
8.47999979	2.30376500	3.82843300
8.49999979	2.25947300	3.82843300
8.51999978	2.25947300	3.74138800
8.53999978	2.21518200	3.74138800
8.55999978	2.17089100	3.74138800
8.57999978	2.17089100	3.74138800
8.59999978	2.12659900	3.65434300
8.61999978	2.08230800	3.65434300
8.63999978	2.03786300	3.65434300
8.65999978	2.03786300	3.65434300
8.67999978	1.99357200	3.56729800
8.69999978	1.94928000	3.56729800
8.71999978	1.90498900	3.56729800
8.73999978	1.90498900	3.56729800
8.75999978	1.86069800	3.48025300
8.77999978	1.81640600	3.48025300
8.79999978	1.81640600	3.48025300
8.81999978	1.81640600	3.48025300
8.83999978	1.72782400	3.48025300
8.85999978	1.68353200	3.39351600
8.87999978	1.68353200	3.39351600
8.89999978	1.63924100	3.39351600
8.91999977	1.59495000	3.39351600
8.93999977	1.59495000	3.30647100
8.95999977	1.50621300	3.30647100
8.97999977	1.55065800	3.21942700
8.99999977	1.50621300	3.21942700
9.01999977	1.50621300	3.30647100
9.03999977	1.41763000	3.21942700
9.05999977	1.41763000	3.21942700
9.07999977	1.41763000	3.21942700
9.09999977	1.37333900	3.21942700
9.11999977	1.32904800	3.13238200
9.13999977	1.37333900	3.13238200
9.15999977	1.32904800	3.13238200
9.17999977	1.28475600	3.13238200
9.19999977	1.28475600	3.04533700
9.21999977	1.28475600	3.04533700
9.23999977	1.24046500	3.04533700
9.25999977	1.24046500	2.95829200
9.27999977	1.24046500	2.95829200
9.29999977	1.19617400	2.95829200
9.31999976	1.24046500	2.95829200
9.33999976	1.24046500	2.87124800
9.35999976	1.19617400	2.87124800
9.37999976	1.19617400	2.87124800
9.39999976	1.19617400	2.87124800
9.41999976	1.19617400	2.78420300
9.43999976	1.19617400	2.78420300
9.45999976	1.19617400	2.78420300
9.47999976	1.15188200	2.78420300
9.49999976	1.19617400	2.78420300
9.51999976	1.24046500	2.69715800
9.53999976	1.19617400	2.69715800
9.55999976	1.19617400	2.69715800
9.57999976	1.24046500	2.69715800
9.59999976	1.28475600	2.61011300
9.61999976	1.28475600	2.61011300
9.63999976	1.32904800	2.61011300
9.65999976	1.32904800	2.61011300
9.67999976	1.32904800	2.61011300
9.69999975	1.37333900	2.52337600
9.71999975	1.41763000	2.52337600
9.73999975	1.41763000	2.52337600
9.75999975	1.46192200	2.52337600
9.77999975	1.46192200	2.43633100
9.79999975	1.50621300	2.43633100
9.81999975	1.55065800	2.43633100
9.83999975	1.59495000	2.34928600
9.85999975	1.59495000	2.34928600
9.87999975	1.63924100	2.34928600
9.89999975	1.68353200	2.34928600
9.91999975	1.72782400	2.26224200
9.93999975	1.77211500	2.34928600
9.95999975	1.77211500	2.26224200
9.97999975	1.81640600	2.26224200
9.99999975	1.86069800	2.17519700
10.01999975	1.90498900	2.17519700
10.03999975	1.94928000	2.17519700
10.05999975	1.99357200	2.17519700
10.07999975	2.03786300	2.17519700
10.09999974	2.03786300	2.17519700
10.11999974	2.08230800	2.08815200
10.13999974	2.17089100	2.08815200
10.15999974	2.17089100	2.08815200
10.17999974	2.25947300	2.08815200
10.19999974	2.30376500	2.00110700
10.21999974	2.30376500	2.00110700
10.23999974	2.34805600	2.00110700
10.25999974	2.39234700	2.00110700
10.27999974	2.39234700	1.91406300
10.29999974	2.43663900	1.91406300
10.31999974	2.48093000	1.91406300
10.33999974	2.52522100	1.91406300
10.35999974	2.52522100	1.91406300
10.37999974	2.56951300	1.82701800
10.39999974	2.61395800	1.82701800
10.41999974	2.65824900	1.82701800
10.43999974	2.70254100	1.73997300
10.45999974	2.70254100	1.73997300
10.47999974	2.74683200	1.73997300
10.49999973	2.74683200	1.73997300
10.51999973	2.79112300	1.65323600
10.53999973	2.79112300	1.65323600
10.55999973	2.79112300	1.65323600
10.57999973	2.83541500	1.65323600
10.59999973	2.83541500	1.56619100
10.61999973	2.87970600	1.56619100
10.63999973	2.87970600	1.56619100
10.65999973	2.87970600	1.56619100
10.67999973	2.92399700	1.56619100
10.69999973	2.92399700	1.47914600
10.71999973	2.92399700	1.47914600
10.73999973	2.92399700	1.47914600
10.75999973	2.92399700	1.47914600
10.77999973	2.92399700	1.39210100
10.79999973	2.92399700	1.39210100
10.81999973	2.87970600	1.39210100
10.83999973	2.92399700	1.30505700
10.85999973	2.87970600	1.30505700
10.87999973	2.92399700	1.30505700
10.89999972	2.87970600	1.30505700
10.91999972	2.83541500	1.30505700
10.93999972	2.83541500	1.21801200
10.95999972	2.83541500	1.21801200
10.97999972	2.79112300	1.21801200
10.99999972	2.79112300	1.21801200
11.01999972	2.79112300	1.21801200
11.03999972	2.70254100	1.13096700
11.05999972	2.70254100	1.13096700
11.07999972	2.70254100	1.13096700
11.09999972	2.61395800	1.04392200
11.11999972	2.61395800	1.04392200
11.13999972	2.56951300	1.04392200
11.15999972	2.52522100	1.04392200
11.17999972	2.52522100	0.95687750
11.19999972	2.48093000	0.95687750
11.21999972	2.43663900	0.95687750
11.23999972	2.39234700	0.95687750
11.25999972	2.34805600	0.95687750
11.27999972	2.30376500	0.86983270
11.29999971	2.30376500	0.86983270
11.31999971	2.25947300	0.86983270
11.33999971	2.17089100	0.86983270
11.35999971	2.12659900	0.86983270
11.37999971	2.08230800	0.78309550
11.39999971	2.03786300	0.78309550
11.41999971	2.03786300	0.78309550
11.43999971	1.94928000	0.69605070
11.45999971	1.94928000	0.69605070
11.47999971	1.90498900	0.69605070
11.49999971	1.81640600	0.69605070
11.51999971	1.81640600	0.69605070
11.53999971	1.77211500	0.60900590
11.55999971	1.72782400	0.60900590
11.57999971	1.72782400	0.60900590
11.59999971	1.68353200	0.60900590
11.61999971	1.59495000	0.52196110
11.63999971	1.59495000	0.52196110
11.65999971	1.55065800	0.52196110
11.67999970	1.55065800	0.52196110
11.69999970	1.50621300	0.52196110
11.71999970	1.50621300	0.43491630
11.73999970	1.46192200	0.43491630
11.75999970	1.46192200	0.43491630
11.77999970	1.41763000	0.43491630
11.79999970	1.41763000	0.34787150
11.81999970	1.41763000	0.34787150
11.83999970	1.41763000	0.34787150
11.85999970	1.37333900	0.34787150
11.87999970	1.37333900	0.26082680
11.89999970	1.37333900	0.26082680
11.91999970	1.37333900	0.26082680
11.93999970	1.37333900	0.26082680
11.95999970	1.37333900	0.26082680
11.97999970	1.37333900	0.17378200
11.99999970	1.37333900	0.17378200
12.01999970	1.37333900	0.17378200
12.03999970	1.41763000	0.08673721
12.05999970	1.41763000	0.08673721
12.07999969	1.46192200	0.08673721
12.09999969	1.46192200	0.08673721
12.11999969	1.46192200	0.08673721
12.13999969	1.50621300	0.00000000
12.15999969	1.50621300	0.00000000
12.17999969	1.55065800	0.00000000
12.19999969	1.59495000	0.00000000
12.21999969	1.59495000	-0.08673721
12.23999969	1.63924100	-0.08673721
12.25999969	1.68353200	-0.08673721
12.27999969	1.72782400	-0.08673721
12.29999969	1.77211500	-0.17378200
12.31999969	1.77211500	-0.17378200
12.33999969	1.86069800	-0.17378200
12.35999969	1.90498900	-0.26082680
12.37999969	1.90498900	-0.17378200
12.39999969	1.90498900	-0.26082680
12.41999969	1.94928000	-0.26082680
12.43999969	1.99357200	-0.26082680
12.45999969	2.03786300	-0.34787150
12.47999968	2.03786300	-0.26082680
12.49999968	2.08230800	-0.34787150
12.51999968	2.08230800	-0.34787150
12.53999968	2.12659900	-0.34787150
12.55999968	2.17089100	-0.34787150
12.57999968	2.21518200	-0.34787150
12.59999968	2.21518200	-0.43491630
12.61999968	2.21518200	-0.43491630
12.63999968	2.25947300	-0.43491630
12.65999968	2.30376500	-0.43491630
12.67999968	2.30376500	-0.43491630
12.69999968	2.34805600	-0.52196110
12.71999968	2.34805600	-0.52196110
12.73999968	2.39234700	-0.52196110
12.75999968	2.39234700	-0.52196110
12.77999968	2.43663900	-0.60900590
12.79999968	2.39234700	-0.52196110
12.81999968	2.43663900	-0.60900590
12.83999968	2.43663900	-0.60900590
12.85999968	2.48093000	-0.60900590
12.87999967	2.52522100	-0.60900590
12.89999967	2.48093000	-0.69605070
12.91999967	2.52522100	-0.69605070
12.93999967	2.52522100	-0.69605070
12.95999967	2.52522100	-0.69605070
12.97999967	2.52522100	-0.69605070
12.99999967	2.56951300	-0.78309550
13.01999967	2.56951300	-0.78309550
13.03999967	2.61395800	-0.78309550
13.05999967	2.56951300	-0.78309550
13.07999967	2.61395800	-0.86983270
13.09999967	2.61395800	-0.86983270
13.11999967	2.61395800	-0.86983270
13.13999967	2.65824900	-0.86983270
13.15999967	2.65824900	-0.95687750
13.17999967	2.65824900	-0.86983270
13.19999967	2.65824900	-0.95687750
13.21999967	2.65824900	-0.95687750
13.23999967	2.65824900	-0.95687750
13.25999967	2.65824900	-1.04392200
13.27999966	2.70254100	-0.95687750
13.29999966	2.65824900	-1.04392200
13.31999966	2.70254100	-1.04392200
13.33999966	2.70254100	-1.04392200
13.35999966	2.70254100	-1.13096700
13.37999966	2.70254100	-1.04392200
13.39999966	2.70254100	-1.04392200
13.41999966	2.70254100	-1.13096700
13.43999966	2.70254100	-1.13096700
13.45999966	2.70254100	-1.13096700
13.47999966	2.74683200	-1.21801200
13.49999966	2.74683200	-1.21801200
13.51999966	2.74683200	-1.21801200
13.53999966	2.70254100	-1.21801200
13.55999966	2.74683200	-1.21801200
13.57999966	2.74683200	-1.30505700
13.59999966	2.74683200	-1.30505700
13.61999966	2.74683200	-1.30505700
13.63999966	2.74683200	-1.30505700
13.65999965	2.74683200	-1.30505700
13.67999965	2.74683200	-1.39210100
13.69999965	2.79112300	-1.39210100
13.71999965	2.79112300	-1.39210100
13.73999965	2.79112300	-1.39210100
13.75999965	2.74683200	-1.39210100
13.77999965	2.79112300	-1.39210100
13.79999965	2.74683200	-1.47914600
13.81999965	2.79112300	-1.47914600
13.83999965	2.79112300	-1.47914600
13.85999965	2.79112300	-1.47914600
13.87999965	2.79112300	-1.56619100
13.89999965	2.79112300	-1.56619100
13.91999965	2.79112300	-1.56619100
13.93999965	2.83541500	-1.56619100
13.95999965	2.83541500	-1.56619100
13.97999965	2.79112300	-1.56619100
13.99999965	2.79112300	-1.65323600
14.01999965	2.79112300	-1.65323600
14.03999965	2.83541500	-1.65323600
14.05999964	2.79112300	-1.65323600
14.07999964	2.83541500	-1.65323600
14.09999964	2.87970600	-1.73997300
14.11999964	2.79112300	-1.73997300
14.13999964	2.83541500	-1.73997300
14.15999964	2.87970600	-1.73997300
14.17999964	2.83541500	-1.73997300
14.19999964	2.87970600	-1.82701800
14.21999964	2.87970600	-1.82701800
14.23999964	2.83541500	-1.82701800
14.25999964	2.83541500	-1.91406300
14.27999964	2.87970600	-1.82701800
14.29999964	2.83541500	-1.91406300
14.31999964	2.83541500	-1.91406300
14.33999964	2.83541500	-1.91406300
14.35999964	2.83541500	-1.91406300
14.37999964	2.87970600	-2.00110700
14.39999964	2.87970600	-2.00110700
14.41999964	2.87970600	-2.00110700
14.43999964	2.87970600	-2.00110700
14.45999963	2.87970600	-2.00110700
14.47999963	2.87970600	-2.08815200
14.49999963	2.87970600	-2.08815200
14.51999963	2.87970600	-2.08815200
14.53999963	2.92399700	-2.08815200
14.55999963	2.87970600	-2.08815200
14.57999963	2.87970600	-2.17519700
14.59999963	2.87970600	-2.17519700
14.61999963	2.87970600	-2.17519700
14.63999963	2.87970600	-2.17519700
14.65999963	2.92399700	-2.17519700
14.67999963	2.87970600	-2.17519700
14.69999963	2.87970600	-2.17519700
14.71999963	2.87970600	-2.26224200
14.73999963	2.92399700	-2.26224200
14.75999963	2.92399700	-2.26224200
14.77999963	2.87970600	-2.26224200
14.79999963	2.87970600	-2.34928600
14.81999963	2.87970600	-2.34928600
14.83999963	2.87970600	-2.34928600
14.85999962	2.87970600	-2.34928600
14.87999962	2.87970600	-2.34928600
14.89999962	2.87970600	-2.43633100
14.91999962	2.87970600	-2.43633100
14.93999962	2.87970600	-2.43633100
14.95999962	2.87970600	-2.43633100
14.97999962	2.87970600	-2.43633100
14.99999962	2.87970600	-2.52337600
15.01999962	2.87970600	-2.52337600
15.03999962	2.87970600	-2.52337600
15.05999962	2.87970600	-2.52337600
15.07999962	2.87970600	-2.52337600
15.09999962	2.87970600	-2.61011300
15.11999962	2.87970600	-2.61011300
15.13999962	2.87970600	-2.61011300
15.15999962	2.87970600	-2.61011300
15.17999962	2.87970600	-2.61011300
15.19999962	2.87970600	-2.69715800
15.21999962	2.87970600	-2.69715800
15.23999962	2.83541500	-2.69715800
15.25999961	2.87970600	-2.69715800
15.27999961	2.87970600	-2.69715800
15.29999961	2.92399700	-2.78420300
15.31999961	2.87970600	-2.78420300
15.33999961	2.87970600	-2.78420300
15.35999961	2.83541500	-2.78420300
15.37999961	2.87970600	-2.78420300
15.39999961	2.87970600	-2.87124800
15.41999961	2.87970600	-2.87124800
15.43999961	2.87970600	-2.87124800
15.45999961	2.87970600	-2.87124800
15.47999961	2.87970600	-2.87124800
15.49999961	2.87970600	-2.95829200
15.51999961	2.87970600	-2.95829200
15.53999961	2.87970600	-2.95829200
15.55999961	2.87970600	-2.95829200
15.57999961	2.87970600	-2.95829200
15.59999961	2.92399700	-3.04533700
15.61999961	2.87970600	-3.04533700
15.63999960	2.87970600	-3.04533700
15.65999960	2.92399700	-3.04533700
15.67999960	2.92399700	-3.04533700
15.69999960	2.87970600	-3.13238200
15.71999960	2.92399700	-3.13238200
15.73999960	2.87970600	-3.13238200
15.75999960	2.92399700	-3.13238200
15.77999960	2.92399700	-3.13238200
15.79999960	2.87970600	-3.21942700
15.81999960	2.87970600	-3.21942700
15.83999960	2.87970600	-3.21942700
15.85999960	2.92399700	-3.21942700
15.87999960	2.92399700	-3.21942700
15.89999960	2.87970600	-3.30647100
15.91999960	2.92399700	-3.30647100
15.93999960	2.92399700	-3.30647100
15.95999960	2.92399700	-3.30647100
15.97999960	2.92399700	-3.30647100
15.99999960	2.92399700	-3.30647100
16.01999960	2.92399700	-3.39351600
16.03999959	2.87970600	-3.39351600
16.05999959	2.92399700	-3.39351600
16.07999959	2.92399700	-3.39351600
16.09999959	2.92399700	-3.48025300
16.11999959	2.87970600	-3.48025300
16.13999959	2.92399700	-3.48025300
16.15999959	2.92399700	-3.48025300
16.17999959	2.87970600	-3.48025300
16.19999959	2.92399700	-3.56729800
16.21999959	2.92399700	-3.48025300
16.23999959	2.92399700	-3.56729800
16.25999959	2.92399700	-3.56729800
16.27999959	2.92399700	-3.56729800
16.29999959	2.92399700	-3.56729800
16.31999959	2.92399700	-3.65434300
16.33999959	2.92399700	-3.65434300
16.35999959	2.92399700	-3.65434300
16.37999959	2.92399700	-3.65434300
16.39999959	2.92399700	-3.74138800
16.41999959	2.92399700	-3.74138800
16.43999958	2.92399700	-3.74138800
16.45999958	2.92399700	-3.74138800
16.47999958	2.92399700	-3.74138800
16.49999958	2.92399700	-3.74138800
16.51999958	2.92399700	-3.82843300
16.53999958	2.92399700	-3.82843300
16.55999958	2.92399700	-3.82843300
16.57999958	2.92399700	-3.82843300
16.59999958	2.96828900	-3.82843300
16.61999958	2.92399700	-3.91547700
16.63999958	2.92399700	-3.91547700
16.65999958	2.92399700	-3.91547700
16.67999958	2.92399700	-3.91547700
16.69999958	2.92399700	-3.91547700
16.71999958	2.92399700	-3.91547700
16.73999958	2.92399700	-4.00252200
16.75999958	2.92399700	-4.00252200
16.77999958	2.92399700	-4.00252200
16.79999958	2.92399700	-4.00252200
16.81999958	2.92399700	-4.08956700
16.83999957	2.96828900	-4.08956700
16.85999957	2.96828900	-4.08956700
16.87999957	2.96828900	-4.08956700
16.89999957	2.92399700	-4.08956700
16.91999957	2.92399700	-4.08956700
16.93999957	2.96828900	-4.17661200
16.95999957	2.96828900	-4.17661200
16.97999957	2.96828900	-4.17661200
16.99999957	2.96828900	-4.17661200
17.01999957	2.96828900	-4.17661200
17.03999957	2.96828900	-4.08956700
17.05999957	2.96828900	-4.08956700
17.07999957	2.96828900	-4.08956700
17.09999957	2.96828900	-4.08956700
17.11999957	2.92399700	-4.08956700
17.13999957	3.01258000	-4.00252200
17.15999957	2.92399700	-4.00252200
17.17999957	2.96828900	-4.00252200
17.19999957	2.96828900	-4.00252200
17.21999956	2.96828900	-4.00252200
17.23999956	2.96828900	-3.91547700
17.25999956	2.96828900	-3.91547700
17.27999956	2.96828900	-3.91547700
17.29999956	2.96828900	-3.91547700
17.31999956	2.96828900	-3.91547700
17.33999956	2.96828900	-3.82843300
17.35999956	2.96828900	-3.82843300
17.37999956	2.96828900	-3.82843300
17.39999956	2.96828900	-3.82843300
17.41999956	3.01258000	-3.82843300
17.43999956	2.96828900	-3.74138800
17.45999956	2.96828900	-3.74138800
17.47999956	2.96828900	-3.74138800
17.49999956	2.96828900	-3.74138800
17.51999956	2.96828900	-3.65434300
17.53999956	2.96828900	-3.65434300
17.55999956	2.96828900	-3.65434300
17.57999956	2.96828900	-3.65434300
17.59999956	2.96828900	-3.65434300
17.61999955	2.96828900	-3.65434300
17.63999955	2.96828900	-3.56729800
17.65999955	2.96828900	-3.56729800
17.67999955	2.92399700	-3.56729800
17.69999955	2.96828900	-3.56729800
17.71999955	2.96828900	-3.48025300
17.73999955	2.92399700	-3.56729800
17.75999955	2.96828900	-3.48025300
17.77999955	2.96828900	-3.48025300
17.79999955	2.96828900	-3.48025300
17.81999955	2.92399700	-3.48025300
17.83999955	2.96828900	-3.39351600
17.85999955	2.96828900	-3.39351600
17.87999955	2.92399700	-3.39351600
17.89999955	2.96828900	-3.39351600
17.91999955	2.92399700	-3.39351600
17.93999955	2.96828900	-3.30647100
17.95999955	2.96828900	-3.30647100
17.97999955	2.92399700	-3.30647100
17.99999955	2.96828900	-3.30647100
18.01999954	2.92399700	-3.30647100
18.03999954	2.96828900	-3.21942700
18.05999954	2.92399700	-3.21942700
18.07999954	3.01258000	-3.21942700
18.09999954	2.92399700	-3.21942700
18.11999954	2.96828900	-3.13238200
18.13999954	2.92399700	-3.21942700
18.15999954	2.92399700	-3.13238200
18.17999954	2.96828900	-3.13238200
18.19999954	2.96828900	-3.13238200
18.21999954	2.96828900	-3.04533700
18.23999954	2.92399700	-3.04533700
18.25999954	2.96828900	-3.04533700
18.27999954	2.92399700	-3.04533700
18.29999954	2.96828900	-3.04533700
18.31999954	2.96828900	-3.04533700
18.33999954	2.96828900	-2.95829200
18.35999954	2.96828900	-2.95829200
18.37999954	2.96828900	-2.95829200
18.39999954	2.96828900	-2.95829200
18.41999953	2.96828900	-2.95829200
18.43999953	3.01258000	-2.87124800
18.45999953	2.96828900	-2.87124800
18.47999953	2.96828900	-2.87124800
18.49999953	2.96828900	-2.87124800
18.51999953	2.96828900	-2.78420300
18.53999953	3.01258000	-2.78420300
18.55999953	3.01258000	-2.78420300
18.57999953	2.96828900	-2.78420300
18.59999953	2.96828900	-2.78420300
18.61999953	3.01258000	-2.78420300
18.63999953	2.96828900	-2.69715800
18.65999953	2.96828900	-2.69715800
18.67999953	2.96828900	-2.69715800
18.69999953	3.01258000	-2.69715800
18.71999953	3.01258000	-2.69715800
18.73999953	3.01258000	-2.61011300
18.75999953	3.01258000	-2.61011300
18.77999953	3.01258000	-2.61011300
18.79999953	3.01258000	-2.61011300
18.81999952	3.01258000	-2.61011300
18.83999952	2.96828900	-2.52337600
18.85999952	2.96828900	-2.52337600
18.87999952	3.01258000	-2.52337600
18.89999952	3.01258000	-2.52337600
18.91999952	3.01258000	-2.43633100
18.93999952	3.01258000	-2.43633100
18.95999952	3.01258000	-2.43633100
18.97999952	3.01258000	-2.43633100
18.99999952	3.01258000	-2.43633100
19.01999952	3.01258000	-2.43633100
19.03999952	3.01258000	-2.34928600
19.05999952	3.01258000	-2.34928600
19.07999952	3.01258000	-2.34928600
19.09999952	3.01258000	-2.34928600
19.11999952	3.01258000	-2.34928600
19.13999952	3.01258000	-2.26224200
19.15999952	3.01258000	-2.26224200
19.17999952	2.96828900	-2.26224200
19.19999951	3.01258000	-2.26224200
19.21999951	3.01258000	-2.26224200
19.23999951	3.01258000	-2.17519700
19.25999951	3.01258000	-2.17519700
19.27999951	3.01258000	-2.17519700
19.29999951	3.01258000	-2.17519700
19.31999951	3.01258000	-2.17519700
19.33999951	3.01258000	-2.08815200
19.35999951	3.01258000	-2.08815200
19.37999951	3.01258000	-2.08815200
19.39999951	3.01258000	-2.08815200
19.41999951	3.01258000	-2.00110700
19.43999951	3.01258000	-2.00110700
19.45999951	3.01258000	-2.00110700
19.47999951	3.05687100	-2.00110700
19.49999951	3.01258000	-1.91406300
19.51999951	3.01258000	-2.00110700
19.53999951	3.05687100	-2.00110700
19.55999951	3.01258000	-1.91406300
19.57999951	3.01258000	-1.91406300
19.59999950	3.01258000	-1.91406300
19.61999950	3.01258000	-1.91406300
19.63999950	3.05687100	-1.82701800
19.65999950	3.01258000	-1.82701800
19.67999950	3.05687100	-1.82701800
19.69999950	3.01258000	-1.82701800
19.71999950	3.01258000	-1.82701800
19.73999950	3.01258000	-1.73997300
19.75999950	3.01258000	-1.73997300
19.77999950	3.05687100	-1.73997300
19.79999950	3.01258000	-1.73997300
19.81999950	3.01258000	-1.65323600
19.83999950	3.01258000	-1.65323600
19.85999950	3.01258000	-1.65323600
19.87999950	3.05687100	-1.65323600
19.89999950	3.05687100	-1.65323600
19.91999950	3.05687100	-1.56619100
19.93999950	3.05687100	-1.56619100
19.95999950	3.05687100	-1.56619100
19.97999950	3.05687100	-1.56619100
19.99999949	3.01258000	-1.56619100
20.01999949	3.05687100	-1.47914600
20.03999949	3.05687100	-1.56619100
20.05999949	3.05687100	-1.47914600
