FLMS05814_1:101		
188.012	-60.12	
188.47	-60.12	
188.927	-60.12	
189.385	-85.87	
189.842	-146.72	
190.3	-144.38	
190.757	-17.99	
191.215	-50.76	
191.672	-83.53	
192.129	-6.29	
192.586	-64.8	
193.044	-1.61	
193.501	-64.8	
193.958	3.07	
194.415	35.84	
194.872	73.29	
195.329	66.27	
195.787	59.24	
196.244	12.43	
196.7	75.63	
197.157	108.4	
197.614	143.5	
198.071	162.23	
198.528	157.55	
198.985	344.79	
199.441	375.22	
199.898	382.24	
200.355	377.56	
200.812	407.98	
201.268	407.98	
201.725	363.51	
202.181	319.04	
202.638	429.05	
203.094	417.35	
203.551	440.75	
204.007	431.39	
204.463	489.9	
204.92	436.07	
205.376	440.75	
205.832	457.14	
206.288	457.14	
206.744	452.45	
207.201	389.26	
207.657	461.82	
208.113	459.48	
208.569	440.75	
209.025	485.22	
209.481	393.94	
209.937	517.99	
210.392	457.14	
210.848	447.77	
211.304	403.3	
211.76	513.31	
212.215	382.24	
212.671	440.75	
213.127	403.3	
213.582	452.45	
214.038	398.62	
214.494	445.43	
214.949	391.6	
215.404	405.64	
215.86	419.69	
216.315	403.3	
216.771	450.11	
217.226	403.3	
217.681	410.33	
218.136	468.84	
218.592	466.5	
219.047	419.69	
219.502	358.83	
219.957	440.75	
220.412	461.82	
220.867	557.78	
221.322	412.67	
221.777	443.09	
222.232	433.73	
222.687	452.45	
223.142	407.98	
223.596	457.14	
224.051	475.86	
224.506	457.14	
224.96	438.41	
225.415	464.16	
225.87	431.39	
226.324	389.26	
226.779	440.75	
227.233	370.54	
227.688	379.9	
228.142	461.82	
228.597	417.35	
229.051	452.45	
229.505	459.48	
229.959	417.35	
230.414	391.6	
230.868	389.26	
231.322	349.47	
231.776	424.37	
232.23	426.71	
232.684	487.56	
233.138	407.98	
233.592	429.05	
234.046	438.41	
234.5	431.39	
234.954	396.28	
235.408	478.2	
235.861	473.52	
236.315	403.3	
236.769	466.5	
237.222	503.95	
237.676	452.45	
238.13	422.03	
238.583	415.01	
239.037	389.26	
239.49	422.03	
239.944	415.01	
240.397	475.86	
240.85	485.22	
241.304	454.8	
241.757	372.88	
242.21	461.82	
242.663	459.48	
243.117	520.33	
243.57	468.84	
244.023	473.52	
244.476	494.58	
244.929	400.96	
245.382	482.88	
245.835	503.95	
246.288	422.03	
246.741	426.71	
247.193	487.56	
247.646	553.1	
248.099	520.33	
248.552	447.77	
249.004	492.24	
249.457	396.28	
249.909	443.09	
250.362	450.11	
250.814	445.43	
251.267	398.62	
251.719	340.11	
252.172	429.05	
252.624	438.41	
253.076	506.29	
253.529	468.84	
253.981	419.69	
254.433	534.37	
254.885	407.98	
255.337	433.73	
255.79	415.01	
256.242	510.97	
256.694	508.63	
257.146	445.43	
257.598	461.82	
258.049	480.54	
258.501	417.35	
258.953	457.14	
259.405	426.71	
259.857	382.24	
260.308	447.77	
260.76	426.71	
261.212	501.61	
261.663	450.11	
262.115	478.2	
262.566	422.03	
263.018	450.11	
263.469	454.8	
263.92	424.37	
264.372	461.82	
264.823	541.4	
265.274	485.22	
265.726	384.58	
266.177	452.45	
266.628	471.18	
267.079	407.98	
267.53	454.8	
267.981	415.01	
268.432	452.45	
268.883	438.41	
269.334	426.71	
269.785	422.03	
270.236	433.73	
270.687	471.18	
271.137	534.37	
271.588	529.69	
272.039	438.41	
272.489	447.77	
272.94	480.54	
273.391	494.58	
273.841	422.03	
274.292	468.84	
274.742	459.48	
275.192	457.14	
275.643	525.01	
276.093	485.22	
276.543	410.33	
276.994	541.4	
277.444	454.8	
277.894	489.9	
278.344	501.61	
278.794	487.56	
279.244	492.24	
279.694	431.39	
280.144	513.31	
280.594	389.26	
281.044	433.73	
281.494	529.69	
281.944	466.5	
282.394	482.88	
282.843	482.88	
283.293	536.71	
283.743	436.07	
284.192	506.29	
284.642	417.35	
285.091	464.16	
285.541	499.27	
285.99	548.42	
286.44	564.8	
286.889	539.05	
287.338	459.48	
287.788	513.31	
288.237	431.39	
288.686	606.93	
289.135	482.88	
289.584	447.77	
290.034	529.69	
290.483	546.08	
290.932	487.56	
291.381	515.65	
291.83	468.84	
292.278	501.61	
292.727	499.27	
293.176	550.76	
293.625	489.9	
294.074	485.22	
294.522	520.33	
294.971	546.08	
295.42	543.74	
295.868	499.27	
296.317	482.88	
296.765	501.61	
297.214	532.03	
297.662	522.67	
298.11	541.4	
298.559	492.24	
299.007	571.82	
299.455	557.78	
299.903	496.92	
300.352	464.16	
300.8	501.61	
301.248	550.76	
301.696	553.1	
302.144	560.12	
302.592	599.91	
303.04	595.23	
303.488	557.78	
303.936	569.48	
304.383	590.55	
304.831	723.96	
305.279	679.49	
305.727	754.38	
306.174	838.64	
306.622	869.07	
307.069	1000.14	
307.517	946.31	
307.964	1039.93	
308.412	1152.27	
308.859	1194.4	
309.306	1358.24	
309.754	1496.33	
310.201	1486.97	
310.648	1510.38	
311.096	1643.79	
311.543	1814.65	
311.99	2125.94	
312.437	2374.03	
312.884	2526.17	
313.331	2725.11	
313.778	2785.97	
314.225	2984.91	
314.672	3048.11	
315.118	3399.19	
315.565	3593.45	
316.012	3628.56	
316.459	3820.49	
316.905	3773.67	
317.352	3761.97	
317.798	4077.94	
318.245	4349.45	
318.691	4482.86	
319.138	4646.69	
319.584	4948.62	
320.031	5252.89	
320.477	5412.05	
320.923	5795.9	
321.37	5901.22	
321.816	6441.89	
322.262	6884.25	
322.708	6818.71	
323.154	6874.88	
323.6	7155.75	
324.046	6949.78	
324.492	6917.01	
324.938	7478.74	
325.384	8316.65	
325.83	8382.19	
326.276	8878.38	
326.721	9433.09	
327.167	10420.8	
327.613	10980.18	
328.058	11532.55	
328.504	11378.08	
328.949	11445.95	
329.395	11162.75	
329.84	11071.47	
330.286	11534.89	
330.731	12599.84	
331.177	13238.8	
331.622	12932.19	
332.067	12443.02	
332.512	11977.25	
332.957	12302.59	
333.403	12464.08	
333.848	12660.69	
334.293	12468.77	
334.738	12066.19	
335.183	12070.87	
335.628	12122.37	
336.072	12515.58	
336.517	12784.74	
336.962	12396.21	
337.407	12150.45	
337.852	11375.73	
338.296	11357.01	
338.741	11478.72	
339.185	11832.14	
339.63	12410.25	
340.074	12562.39	
340.519	12684.09	
340.963	13311.36	
341.408	13847.34	
341.852	13908.19	
342.296	13472.85	
342.741	13538.39	
343.185	13416.68	
343.629	13718.61	
344.073	14132.89	
344.517	13929.26	
344.961	13344.13	
345.405	12248.75	
345.849	12145.77	
346.293	12522.6	
346.737	12906.45	
347.181	12904.1	
347.624	13386.26	
348.068	13475.2	
348.512	13037.52	
348.955	13056.24	
349.399	12955.6	
349.843	13346.47	
350.286	12960.28	
350.73	12480.47	
351.173	13421.36	
351.617	14221.83	
352.06	14488.65	
352.503	14308.43	
352.946	14275.66	
353.39	13753.72	
353.833	13545.41	
354.276	13617.97	
354.719	14139.91	
355.162	14919.31	
355.605	15670.62	
356.048	15462.31	
356.491	15752.54	
356.934	15422.52	
357.377	14942.71	
357.82	14423.11	
358.262	13215.4	
358.705	12808.14	
359.148	12066.19	
359.59	11471.7	
360.033	11680	
360.475	12850.27	
360.918	14514.39	
361.36	15017.61	
361.803	14771.85	
362.245	14142.25	
362.688	13561.8	
363.13	13704.57	
363.572	14416.09	
364.014	14802.28	
364.456	15083.14	
364.899	15055.06	
365.341	15251.66	
365.783	15218.89	
366.225	15469.33	
366.667	16101.28	
367.108	17543.05	
367.55	18277.97	
367.992	18008.81	
368.434	17903.49	
368.876	17741.99	
369.317	17456.45	
369.759	16868.97	
370.201	17105.37	
370.642	18006.47	
371.084	18179.67	
371.525	18060.3	
371.966	17456.45	
372.408	17318.36	
372.849	17323.04	
373.29	17330.06	
373.732	16288.52	
374.173	15640.19	
374.614	14741.43	
375.055	14373.96	
375.496	13713.93	
375.937	13912.88	
376.378	14357.58	
376.819	14942.71	
377.26	16087.23	
377.701	16225.32	
378.142	16531.94	
378.583	17807.53	
379.023	19392.07	
379.464	19574.63	
379.905	19579.31	
380.345	18299.04	
380.786	17051.53	
381.226	16845.57	
381.667	17203.67	
382.107	17669.44	
382.548	17545.39	
382.988	16082.55	
383.428	14083.73	
383.868	12887.72	
384.309	12094.28	
384.749	11223.6	
385.189	11637.87	
385.629	12890.06	
386.069	14338.85	
386.509	14685.25	
386.949	15017.61	
387.389	14818.66	
387.829	15003.57	
388.268	15382.73	
388.708	15167.4	
389.148	15019.95	
389.588	14792.92	
390.027	15050.38	
390.467	15811.05	
390.906	17163.88	
391.346	17688.16	
391.785	18502.67	
392.225	18650.12	
392.664	19342.92	
393.103	19186.1	
393.543	17664.75	
393.982	15179.11	
394.421	12487.49	
394.86	10914.65	
395.299	11340.63	
395.738	13678.82	
396.177	16073.19	
396.616	17681.14	
397.055	17751.35	
397.494	15937.44	
397.933	13044.54	
398.372	12391.53	
398.81	13777.12	
399.249	16798.76	
399.688	19602.72	
400.126	21241.09	
400.565	22563.5	
401.004	23420.13	
401.442	23815.68	
401.88	24351.66	
402.319	24632.53	
402.757	25402.57	
403.195	25657.68	
403.634	25746.62	
404.072	25856.63	
404.51	25617.89	
404.948	25543	
405.386	25554.7	
405.824	24878.29	
406.262	25152.13	
406.7	24803.39	
407.138	24536.57	
407.576	24084.84	
408.014	24461.67	
408.452	24262.72	
408.889	25112.34	
409.327	25035.1	
409.765	25578.11	
410.202	26561.13	
410.64	26542.41	
411.077	25617.89	
411.515	24372.73	
411.952	24714.45	
412.389	25950.25	
412.827	26586.88	
413.264	27920.98	
413.701	27139.24	
414.138	26940.3	
414.575	27160.31	
415.013	26542.41	
415.45	26675.82	
415.887	26977.75	
416.324	26809.23	
416.76	26540.07	
417.197	26554.11	
417.634	27026.9	
418.071	26476.87	
418.508	25620.24	
418.944	25283.2	
419.381	25463.42	
419.818	25297.24	
420.254	25337.03	
420.691	24988.29	
421.127	24913.39	
421.563	25330.01	
422	25482.14	
422.436	26287.29	
422.872	26296.65	
423.309	26282.61	
423.745	25128.72	
424.181	24651.25	
424.617	24524.86	
425.053	24693.38	
425.489	24939.14	
425.925	25117.02	
426.361	25023.4	
426.797	24721.47	
427.233	24566.99	
427.668	25367.46	
428.104	24496.78	
428.54	24005.27	
428.975	23888.24	
429.411	24227.62	
429.847	23991.22	
430.282	23485.67	
430.717	22865.42	
431.153	21444.72	
431.588	20265.09	
432.024	18916.94	
432.459	20082.53	
432.894	22299.02	
433.329	24169.1	
433.764	25002.33	
434.199	26135.15	
434.634	25800.46	
435.069	25058.51	
435.504	24492.1	
435.939	24913.39	
436.374	25849.61	
436.809	27370.96	
437.244	27113.5	
437.678	27808.64	
438.113	27677.57	
438.548	27087.75	
438.982	26888.81	
439.417	25940.89	
439.851	25346.39	
440.286	24985.95	
440.72	25730.24	
441.154	25533.64	
441.589	25816.84	
442.023	26511.98	
442.457	26870.08	
442.891	27452.87	
443.326	27532.45	
443.76	28227.59	
444.194	28321.21	
444.628	28342.28	
445.062	27991.2	
445.495	27951.41	
445.929	28412.49	
446.363	27925.66	
446.797	27265.63	
447.23	26879.44	
447.664	26612.62	
448.098	27693.95	
448.531	28171.42	
448.965	28665.27	
449.398	29503.18	
449.832	28737.83	
450.265	28936.77	
450.698	28716.76	
451.132	29060.82	
451.565	30041.51	
451.998	30530.68	
452.431	30310.67	
452.864	30027.46	
453.297	30392.59	
453.73	29266.79	
454.163	28824.43	
454.596	28260.36	
455.029	28786.98	
455.462	30200.66	
455.895	29372.11	
456.327	29730.22	
456.76	29814.48	
457.193	30071.93	
457.625	30483.87	
458.058	31684.56	
458.49	31832.02	
458.923	31719.67	
459.355	31024.53	
459.787	32283.74	
460.22	31609.67	
460.652	31061.98	
461.084	31366.25	
461.516	30380.88	
461.948	31436.47	
462.381	31867.13	
462.813	32899.3	
463.245	31942.02	
463.676	32793.98	
464.108	33147.4	
464.54	32885.26	
464.972	32864.19	
465.404	32323.53	
465.835	32234.59	
466.267	32019.26	
466.699	32571.63	
467.13	32934.41	
467.562	32239.27	
467.993	32611.42	
468.424	31956.07	
468.856	33149.74	
469.287	32899.3	
469.718	33545.29	
470.15	33659.98	
470.581	33847.22	
471.012	33732.53	
471.443	33734.87	
471.874	34085.95	
472.305	34165.53	
472.736	34034.46	
473.167	35448.14	
473.598	36482.66	
474.028	36213.5	
474.459	36417.13	
474.89	36702.67	
475.32	37456.32	
475.751	37748.89	
476.182	38214.66	
476.612	38820.86	
477.043	38083.59	
477.473	39359.18	
477.903	38907.46	
478.334	39443.44	
478.764	40697.97	
479.194	41119.26	
479.624	41247.99	
480.054	41840.15	
480.484	42685.08	
480.914	42685.08	
481.344	42848.92	
481.774	43515.97	
482.204	43714.92	
482.634	44721.35	
483.064	45601.39	
483.494	45294.78	
483.923	45367.34	
484.353	45245.63	
484.782	45364.99	
485.212	45748.84	
485.642	45601.39	
486.071	45669.26	
486.5	44728.37	
486.93	43164.89	
487.359	40370.29	
487.788	40159.64	
488.217	41486.73	
488.647	42603.16	
489.076	43595.55	
489.505	44829.01	
489.934	44967.1	
490.363	45432.87	
490.792	45898.64	
491.221	46895.7	
491.649	47534.67	
492.078	47768.72	
492.507	46731.87	
492.936	46408.87	
493.364	45830.76	
493.793	45840.12	
494.221	46734.21	
494.65	46717.82	
495.078	46869.96	
495.507	46855.92	
495.935	47768.72	
496.363	47625.95	
496.791	47703.19	
497.22	47412.96	
497.648	47171.89	
498.076	47501.9	
498.504	48058.95	
498.932	47778.09	
499.36	46837.19	
499.788	46146.73	
500.216	46319.93	
500.643	46420.58	
501.071	46294.19	
501.499	46198.23	
501.927	45788.63	
502.354	44976.47	
502.782	44351.54	
503.209	44176	
503.637	44166.64	
504.064	45276.05	
504.491	45240.95	
504.919	44960.08	
505.346	44564.53	
505.773	44527.08	
506.2	44711.99	
506.628	45989.92	
507.055	45957.15	
507.482	45985.24	
507.909	46186.52	
508.335	45926.72	
508.762	45577.98	
509.189	44920.29	
509.616	45027.96	
510.043	45507.77	
510.469	45318.18	
510.896	45980.56	
511.323	45592.03	
511.749	45215.2	
512.176	45467.98	
512.602	45238.61	
513.028	45835.44	
513.455	45809.7	
513.881	45290.1	
514.307	45215.2	
514.733	44089.4	
515.16	44096.42	
515.586	43700.87	
516.012	43712.58	
516.438	43389.58	
516.864	43733.64	
517.29	43705.55	
517.715	42776.36	
518.141	40667.54	
518.567	39237.47	
518.993	39445.78	
519.418	39956.02	
519.844	40105.81	
520.269	40534.13	
520.695	41580.35	
521.12	42226.34	
521.546	42958.92	
521.971	43024.46	
522.396	43338.09	
522.822	43682.15	
523.247	43906.84	
523.672	43581.51	
524.097	43188.3	
524.522	43214.04	
524.947	43918.54	
525.372	44105.79	
525.797	44534.1	
526.222	44168.98	
526.647	44461.55	
527.071	44206.43	
527.496	42699.12	
527.921	41671.63	
528.345	40342.2	
528.77	40438.17	
529.194	41376.72	
529.619	42500.18	
530.043	43345.11	
530.468	43728.96	
530.892	43480.86	
531.316	43501.93	
531.74	43188.3	
532.164	43768.75	
532.589	43974.72	
533.013	43649.38	
533.437	42865.3	
533.861	41833.13	
534.284	41776.95	
534.708	40887.55	
535.132	41795.68	
535.556	41601.41	
535.98	41196.5	
536.403	41954.83	
536.827	42610.18	
537.25	42338.68	
537.674	41760.57	
538.097	41369.7	
538.521	41210.54	
538.944	40386.68	
539.367	40967.13	
539.791	40697.97	
540.214	40693.29	
540.637	40529.45	
541.06	39616.64	
541.483	38741.28	
541.906	38804.47	
542.329	38778.73	
542.752	39141.51	
543.175	39546.42	
543.598	39183.64	
544.02	38961.29	
544.443	38968.31	
544.866	39036.19	
545.288	39155.55	
545.711	39258.54	
546.133	38933.2	
546.556	38809.15	
546.978	39176.62	
547.4	39150.87	
547.823	38944.91	
548.245	38947.25	
548.667	38425.31	
549.089	38296.58	
549.511	38160.83	
549.933	38315.3	
550.355	38682.77	
550.777	38429.99	
551.199	38783.41	
551.621	37980.6	
552.043	37875.28	
552.465	37725.49	
552.886	37908.05	
553.308	37973.58	
553.729	38104.65	
554.151	37828.47	
554.572	36527.13	
554.994	37526.54	
555.415	37320.57	
555.837	37358.02	
556.258	37781.66	
556.679	37205.89	
557.1	37662.29	
557.521	37175.46	
557.942	36857.15	
558.363	36410.1	
558.784	36066.05	
559.205	35956.04	
559.626	35848.38	
560.047	35235.16	
560.468	35101.75	
560.888	34820.88	
561.309	34949.61	
561.73	35017.49	
562.15	35272.6	
562.571	35546.45	
562.991	35499.64	
563.412	34685.13	
563.832	34778.75	
564.252	35193.03	
564.673	34907.48	
565.093	34832.58	
565.513	34898.12	
565.933	34987.06	
566.353	34525.97	
566.773	34415.97	
567.193	33887.01	
567.613	33606.14	
568.033	33449.33	
568.452	33994.67	
568.872	33997.01	
569.292	33952.54	
569.711	33793.39	
570.131	33526.56	
570.551	33870.62	
570.97	33369.75	
571.389	33484.44	
571.809	33231.66	
572.228	32681.63	
572.647	32815.04	
573.067	32442.9	
573.486	33362.73	
573.905	33573.38	
574.324	33947.86	
574.743	33505.5	
575.162	33870.62	
575.581	33629.55	
576	34095.32	
576.419	33355.71	
576.837	33386.13	
577.256	32829.09	
577.675	33046.76	
578.093	32819.72	
578.512	32627.8	
578.93	32934.41	
579.349	32468.64	
579.767	32159.69	
580.185	31733.71	
580.604	31754.78	
581.022	31916.28	
581.44	32073.09	
581.858	32344.59	
582.276	31780.53	
582.694	32009.9	
583.112	31853.08	
583.53	32215.86	
583.948	31832.02	
584.366	31855.42	
584.784	31881.17	
585.201	31619.03	
585.619	31722.01	
586.037	31188.37	
586.454	31101.77	
586.872	30626.64	
587.289	30032.15	
587.707	29788.73	
588.124	29615.53	
588.541	29676.38	
588.958	29746.6	
589.376	29107.63	
589.793	28691.02	
590.21	27939.71	
590.627	27094.77	
591.044	26526.02	
591.461	26568.15	
591.878	27661.18	
592.294	27560.54	
592.711	28047.37	
593.128	28023.97	
593.545	28007.58	
593.961	28208.87	
594.378	28377.39	
594.794	28569.31	
595.211	28585.69	
595.627	28508.46	
596.043	28089.5	
596.46	28159.72	
596.876	28353.98	
597.292	28613.78	
597.708	28772.94	
598.124	28758.89	
598.54	28676.97	
598.956	28714.42	
599.372	28613.78	
599.788	28763.57	
600.204	28934.43	
600.62	28590.38	
601.035	29021.03	
601.451	28646.55	
601.867	28660.59	
602.282	28456.96	
602.698	28377.39	
603.113	28232.27	
603.529	28124.61	
603.944	28454.62	
604.359	28798.68	
604.774	28782.3	
605.19	28588.03	
605.605	28693.36	
606.02	28412.49	
606.435	28623.14	
606.85	28412.49	
607.265	27787.57	
607.68	28162.06	
608.094	27534.79	
608.509	27822.68	
608.924	27282.02	
609.338	27317.12	
609.753	26998.81	
610.168	26483.89	
610.582	26785.82	
610.997	26614.96	
611.411	26074.3	
611.825	25985.36	
612.24	25966.63	
612.654	25603.85	
613.068	25503.21	
613.482	25379.16	
613.896	25653	
614.31	24946.16	
614.724	24815.09	
615.138	24882.97	
615.552	24384.43	
615.966	24129.31	
616.379	24141.02	
616.793	23864.83	
617.207	23401.41	
617.62	23466.94	
618.034	23062.03	
618.447	22783.51	
618.861	23296.08	
619.274	23223.53	
619.687	23186.08	
620.101	23408.43	
620.514	23083.09	
620.927	22776.48	
621.34	23434.17	
621.753	23157.99	
622.166	23038.62	
622.579	23069.05	
622.992	22867.77	
623.405	22645.41	
623.817	22516.68	
624.23	21940.91	
624.643	21788.78	
625.055	21603.88	
625.468	21646.01	
625.88	21344.08	
626.293	20864.27	
626.705	20936.82	
627.118	20691.07	
627.53	20880.65	
627.942	20957.89	
628.354	20751.92	
628.766	20740.22	
629.179	20244.02	
629.591	20047.42	
630.003	19876.56	
630.414	20035.72	
630.826	20375.09	
631.238	19775.92	
631.65	19804	
632.061	19579.31	
632.473	19495.05	
632.885	19270.36	
633.296	19457.6	
633.708	19303.13	
634.119	19303.13	
634.53	19209.51	
634.942	19387.39	
635.353	19064.39	
635.764	19193.12	
636.175	18963.75	
636.586	18945.03	
636.998	18991.84	
637.408	18994.18	
637.819	18858.43	
638.23	18945.03	
638.641	18729.7	
639.052	18668.84	
639.463	18556.5	
639.873	19026.95	
640.284	18856.09	
640.694	18631.4	
641.105	18390.32	
641.515	18193.72	
641.926	18128.18	
642.336	17772.42	
642.746	17870.72	
643.157	17852	
643.567	17983.07	
643.977	17557.09	
644.387	17814.55	
644.797	17624.97	
645.207	17592.2	
645.617	17353.46	
646.026	17308.99	
646.436	17142.81	
646.846	17156.86	
647.256	17145.16	
647.665	17002.38	
648.075	16993.02	
648.484	16672.37	
648.894	16632.58	
649.303	16705.13	
649.713	16770.67	
650.122	16302.56	
650.531	16141.07	
650.94	16084.89	
651.349	15918.71	
651.758	16063.83	
652.167	15914.03	
652.576	16148.09	
652.985	16148.09	
653.394	16180.85	
653.803	15991.27	
654.212	16066.17	
654.62	15963.18	
655.029	16365.76	
655.437	15918.71	
655.846	15759.56	
656.254	15605.08	
656.663	14982.5	
657.071	14359.92	
657.479	13873.09	
657.888	13779.47	
658.296	13819.25	
658.704	13929.26	
659.112	14404.39	
659.52	14512.05	
659.928	14643.12	
660.336	14720.36	
660.744	15022.29	
661.152	14638.44	
661.559	15239.96	
661.967	15151.02	
662.375	14762.49	
662.782	15115.91	
663.19	15246.98	
663.597	15073.78	
664.005	14973.14	
664.412	15036.33	
664.819	14755.47	
665.226	14544.82	
665.634	14317.79	
666.041	14725.04	
666.448	14589.29	
666.855	14537.8	
667.262	14526.1	
667.669	14448.86	
668.075	14193.74	
668.482	14242.89	
668.889	14123.52	
669.296	14263.96	
669.702	14285.02	
670.109	14032.24	
670.515	14088.42	
670.922	14029.9	
671.328	13894.15	
671.734	13894.15	
672.141	13758.4	
672.547	13814.57	
672.953	13496.26	
673.359	13451.79	
673.765	13746.7	
674.171	13440.09	
674.577	13603.92	
674.983	13355.83	
675.389	13224.76	
675.795	13376.89	
676.201	12798.78	
676.606	13072.62	
677.012	13215.4	
677.417	12897.08	
677.823	12859.63	
678.228	12730.91	
678.634	12946.23	
679.039	12761.33	
679.444	12957.94	
679.849	12377.48	
680.255	12578.77	
680.66	12204.28	
681.065	12482.81	
681.47	12122.37	
681.875	12496.85	
682.28	12040.45	
682.684	12101.3	
683.089	11949.17	
683.494	11839.16	
683.899	11801.71	
684.303	11715.11	
684.708	11942.14	
685.112	11663.62	
685.517	11530.21	
685.921	11394.46	
686.325	11663.62	
686.729	11174.45	
687.134	11076.15	
687.538	10720.38	
687.942	10090.78	
688.346	9442.45	
688.75	9133.5	
689.154	8873.7	
689.558	9089.03	
689.961	9063.29	
690.365	9156.91	
690.769	9035.2	
691.173	9147.54	
691.576	9194.36	
691.98	9276.27	
692.383	9426.07	
692.786	9552.46	
693.19	9374.58	
693.593	9561.82	
693.996	9503.31	
694.399	9639.06	
694.803	9510.33	
695.206	9702.25	
695.609	9730.34	
696.012	9533.73	
696.414	9704.59	
696.817	9287.98	
697.22	9641.4	
697.623	9463.52	
698.025	9739.7	
698.428	9774.81	
698.831	9613.31	
699.233	9667.14	
699.636	9498.63	
700.038	9477.56	
700.44	9402.66	
700.842	9395.64	
701.245	9189.67	
701.647	9213.08	
702.049	9023.5	
702.451	9004.77	
702.853	8922.85	
703.255	8824.55	
703.657	9154.57	
704.058	9128.82	
704.46	9067.97	
704.862	8995.41	
705.264	9227.12	
705.665	9231.8	
706.067	8948.6	
706.468	8866.68	
706.869	8969.66	
707.271	9180.31	
707.672	9009.45	
708.073	9058.6	
708.474	8911.15	
708.876	8920.51	
709.277	8787.1	
709.678	8634.97	
710.079	8824.55	
710.479	8801.15	
710.88	8744.97	
711.281	8847.96	
711.682	8737.95	
712.082	8548.37	
712.483	8691.14	
712.883	8663.05	
713.284	8485.17	
713.684	8625.61	
714.085	8508.58	
714.485	8386.87	
714.885	8410.28	
715.285	8414.96	
715.686	8400.91	
716.086	8379.85	
716.486	8136.43	
716.886	8106.01	
717.285	8052.17	
717.685	7750.25	
718.085	7605.13	
718.485	7094.9	
718.884	7059.79	
719.284	6888.93	
719.684	6572.96	
720.083	6570.62	
720.483	6301.45	
720.882	6266.35	
721.281	6067.4	
721.68	6378.69	
722.08	6142.3	
722.479	6668.92	
722.878	6701.69	
723.277	6879.57	
723.676	7043.4	
724.075	6650.19	
724.474	6851.48	
724.872	6488.7	
725.271	6577.64	
725.67	6467.63	
726.068	6472.31	
726.467	6427.84	
726.865	6495.72	
727.264	6296.77	
727.662	6324.86	
728.061	6205.49	
728.459	6231.24	
728.857	6343.58	
729.255	6296.77	
729.653	6226.56	
730.051	6156.34	
730.449	6001.86	
730.847	6114.21	
731.245	6104.85	
731.643	6074.42	
732.041	6306.13	
732.438	6200.81	
732.836	6008.89	
733.233	6303.79	
733.631	6423.16	
734.028	6203.15	
734.426	6388.05	
734.823	6544.87	
735.22	6612.74	
735.617	6622.11	
736.015	6521.46	
736.412	6650.19	
736.809	6612.74	
737.206	6509.76	
737.603	6416.14	
737.999	6441.89	
738.396	6355.29	
738.793	6416.14	
739.19	6495.72	
739.586	6256.98	
739.983	6336.56	
740.379	6287.41	
740.776	6205.49	
741.172	6207.83	
741.568	6294.43	
741.965	6259.32	
742.361	6161.02	
742.757	6039.31	
743.153	6088.46	
743.549	6378.69	
743.945	6249.96	
744.341	6079.1	
744.737	6271.03	
745.133	6116.55	
745.528	5994.84	
745.924	6090.81	
746.32	5901.22	
746.715	5852.07	
747.111	6121.23	
747.506	6004.21	
747.901	5912.92	
748.297	5962.08	
748.692	5840.37	
749.087	5749.09	
749.482	5849.73	
749.877	5566.53	
750.272	5660.15	
750.667	5636.74	
751.062	5592.27	
751.457	5627.38	
751.852	5594.61	
752.247	5486.95	
752.641	5428.43	
753.036	5526.74	
753.43	5493.97	
753.825	5313.75	
754.219	5330.13	
754.614	5458.86	
755.008	5358.22	
755.402	5402.69	
755.796	5421.41	
756.19	5283.32	
756.584	5269.28	
756.978	5227.15	
757.372	5185.02	
757.766	5213.1	
758.16	5227.15	
758.554	5327.79	
758.948	5110.12	
759.341	5126.5	
759.735	5004.8	
760.128	4773.08	
760.522	4323.7	
760.915	3567.71	
761.308	2814.06	
761.702	2336.59	
762.095	2121.26	
762.488	2107.21	
762.881	2240.62	
763.274	2411.48	
763.667	2439.57	
764.06	2294.46	
764.453	2193.81	
764.846	2249.99	
765.239	2402.12	
765.631	2416.16	
766.024	2694.69	
766.416	2961.51	
766.809	3148.75	
767.201	3207.27	
767.594	3457.7	
767.986	3609.84	
768.378	3743.25	
768.77	4047.52	
769.163	4157.52	
769.555	4117.73	
769.947	4194.97	
770.339	4297.95	
770.73	4407.96	
771.122	4304.98	
771.514	4424.34	
771.906	4169.23	
772.297	4239.44	
772.689	4382.21	
773.081	4190.29	
773.472	4255.83	
773.863	4276.89	
774.255	4138.8	
774.646	4183.27	
775.037	4143.48	
775.428	4045.18	
775.82	4082.63	
776.211	4010.07	
776.602	4040.5	
776.993	3960.92	
777.383	4187.95	
777.774	3986.66	
778.165	3925.81	
778.556	3857.93	
778.946	3888.36	
779.337	3879	
779.727	3797.08	
780.118	3771.33	
780.508	3771.33	
780.898	3822.83	
781.289	3836.87	
781.679	3768.99	
782.069	3726.86	
782.459	3666.01	
782.849	3668.35	
783.239	3698.78	
783.629	3680.05	
784.019	3644.95	
784.408	3703.46	
784.798	3600.48	
785.188	3509.19	
785.577	3429.62	
785.967	3532.6	
786.356	3492.81	
786.746	3417.91	
787.135	3436.64	
787.524	3406.21	
787.914	3307.91	
788.303	3368.76	
788.692	3499.83	
789.081	3228.33	
789.47	3254.08	
789.859	3298.55	
790.248	3221.31	
790.636	3099.6	
791.025	3080.88	
791.414	3155.77	
791.802	3120.67	
792.191	3097.26	
792.579	2994.28	
792.968	3041.09	
793.356	3013	
793.744	3059.81	
794.133	3029.38	
794.521	2879.59	
794.909	2898.31	
795.297	2874.91	
795.685	3015.34	
796.073	2935.76	
796.461	2903	
796.848	2832.78	
797.236	2802.35	
797.624	2816.4	
798.011	2687.67	
798.399	2760.22	
798.787	2785.97	
799.174	2947.47	
799.561	2828.1	
799.949	2661.92	
800.336	2809.37	
800.723	2598.73	
801.11	2701.71	
801.497	2610.43	
801.884	2708.73	
802.271	2727.46	
802.658	2575.32	
803.045	2678.3	
803.432	2631.49	
803.818	2554.26	
804.205	2666.6	
804.591	2521.49	
804.978	2568.3	
805.364	2544.89	
805.751	2645.54	
806.137	2598.73	
806.523	2413.82	
806.91	2544.89	
807.296	2556.6	
807.682	2542.55	
808.068	2458.29	
808.454	2495.74	
808.84	2299.14	
809.225	2488.72	
809.611	2327.22	
809.997	2411.48	
810.382	2448.93	
810.768	2364.67	
811.153	2308.5	
811.539	2331.9	
811.924	2341.27	
812.31	2308.5	
812.695	2214.88	
813.08	2238.28	
813.465	2282.75	
813.85	2109.55	
814.235	2046.36	
814.62	2093.17	
815.005	2081.47	
815.39	2069.76	
815.775	1917.63	
816.159	2060.4	
816.544	1957.42	
816.929	2001.89	
817.313	1912.95	
817.697	1929.33	
818.082	1931.67	
818.466	1809.97	
818.85	1835.71	
819.235	1903.59	
819.619	1819.33	
820.003	1870.82	
820.387	1786.56	
820.771	1809.97	
821.155	1824.01	
821.538	1809.97	
821.922	2013.59	
822.306	1849.75	
822.689	2001.89	
823.073	1807.62	
823.457	1735.07	
823.84	1814.65	
824.223	1714	
824.607	1620.38	
824.99	1781.88	
825.373	1847.41	
825.756	1891.88	
826.139	1931.67	
826.522	1758.47	
826.905	1884.86	
827.288	1856.78	
827.671	1791.24	
828.054	1716.34	
828.436	1859.12	
828.819	1711.66	
829.201	1744.43	
829.584	1669.53	
829.966	1627.4	
830.349	1601.66	
830.731	1704.64	
831.113	1646.13	
831.495	1716.34	
831.878	1831.03	
832.26	1706.98	
832.642	1688.26	
833.024	1639.11	
833.405	1571.23	
833.787	1667.19	
834.169	1697.62	
834.551	1622.72	
834.932	1646.13	
835.314	1639.11	
835.695	1669.53	
836.077	1739.75	
836.458	1632.08	
836.839	1662.51	
837.22	1636.77	
837.602	1575.91	
837.983	1653.15	
838.364	1641.45	
838.745	1685.92	
839.126	1667.19	
839.506	1706.98	
839.887	1629.74	
840.268	1627.4	
840.649	1749.11	
841.029	1547.83	
841.41	1599.32	
841.79	1655.49	
842.171	1601.66	
842.551	1554.85	
842.931	1599.32	
843.311	1522.08	
843.691	1592.3	
844.072	1678.9	
844.452	1454.2	
844.832	1508.04	
845.211	1540.8	
845.591	1585.27	
845.971	1632.08	
846.351	1538.46	
846.73	1486.97	
847.11	1536.12	
847.489	1543.14	
847.869	1482.29	
848.248	1529.1	
848.627	1484.63	
849.007	1496.33	
849.386	1479.95	
849.765	1463.57	
850.144	1482.29	
850.523	1433.14	
850.902	1428.46	
851.281	1332.5	
851.66	1533.78	
852.038	1407.39	
852.417	1440.16	
852.796	1503.36	
853.174	1398.03	
853.553	1325.47	
853.931	1398.03	
854.309	1386.33	
854.688	1306.75	
855.066	1281	
855.444	1189.72	
855.822	1281	
856.2	1318.45	
856.578	1320.79	
856.956	1376.97	
857.334	1327.82	
857.712	1320.79	
858.089	1306.75	
858.467	1318.45	
858.844	1285.69	
859.222	1325.47	
859.599	1285.69	
859.977	1288.03	
860.354	1353.56	
860.731	1262.28	
861.109	1330.16	
861.486	1285.69	
861.863	1273.98	
862.24	1297.39	
862.617	1283.34	
862.993	1248.24	
863.37	1215.47	
863.747	1238.87	
864.124	1339.52	
864.5	1229.51	
864.877	1192.06	
865.253	1213.13	
865.63	1192.06	
866.006	1351.22	
866.382	1112.49	
866.758	1201.43	
867.135	1096.1	
867.511	1145.25	
867.887	1065.68	
868.263	1147.59	
868.639	1098.44	
869.014	1093.76	
869.39	1140.57	
869.766	1063.33	
870.141	1082.06	
870.517	1103.12	
870.892	1021.2	
871.268	1189.72	
871.643	1142.91	
872.019	1030.57	
872.394	1086.74	
872.769	1103.12	
873.144	1117.17	
873.519	1149.93	
873.894	1023.55	
874.269	1107.8	
874.644	1105.46	
875.019	986.1	
875.393	1049.29	
875.768	1000.14	
876.143	1046.95	
876.517	1046.95	
876.891	1060.99	
877.266	986.1	
877.64	946.31	
878.014	969.71	
878.389	993.12	
878.763	986.1	
879.137	990.78	
879.511	1103.12	
879.885	988.44	
880.259	1060.99	
880.632	995.46	
881.006	1044.61	
881.38	983.76	
881.753	997.8	
882.127	1056.31	
882.5	967.37	
882.874	1053.97	
883.247	1014.18	
883.62	927.58	
883.994	960.35	
884.367	906.52	
884.74	1044.61	
885.113	1075.04	
885.486	1046.95	
885.859	1091.42	
886.231	1035.25	
886.604	1096.1	
886.977	1068.02	
887.349	1133.55	
887.722	1007.16	
888.094	1007.16	
888.467	1065.68	
888.839	1000.14	
889.211	1145.25	
889.584	1096.1	
889.956	1053.97	
890.328	1021.2	
890.7	1049.29	
891.072	1014.18	
891.444	1065.68	
891.816	1077.38	
892.187	1023.55	
892.559	990.78	
892.931	1028.23	
893.302	1030.57	
893.674	976.73	
894.045	1004.82	
894.416	927.58	
894.788	997.8	
895.159	953.33	
895.53	906.52	
895.901	962.69	
896.272	887.79	
896.643	894.82	
897.014	843.32	
897.385	885.45	
897.756	866.73	
898.126	824.6	
898.497	852.69	
898.867	864.39	
899.238	801.19	
899.608	819.92	
899.979	798.85	
900.349	761.41	
900.719	780.13	
901.089	726.3	
901.459	768.43	
901.829	653.74	
902.199	738	
902.569	714.59	
902.939	726.3	
903.309	672.47	
903.679	707.57	
904.048	712.25	
904.418	705.23	
904.787	712.25	
905.157	707.57	
905.526	627.99	
905.895	742.68	
906.265	677.15	
906.634	756.72	
907.003	754.38	
907.372	719.28	
907.741	681.83	
908.11	723.96	
908.478	642.04	
908.847	679.49	
909.216	726.3	
909.585	656.08	
909.953	691.19	
910.322	637.36	
910.69	627.99	
911.058	618.63	
911.427	620.97	
911.795	613.95	
912.163	691.19	
912.531	597.57	
912.899	597.57	
913.267	588.21	
913.635	646.72	
914.003	581.18	
914.37	632.68	
914.738	604.59	
915.106	632.68	
915.473	625.65	
915.841	620.97	
916.208	501.61	
916.575	525.01	
916.943	534.37	
917.31	520.33	
917.677	541.4	
918.044	571.82	
918.411	738	
918.778	611.61	
919.145	529.69	
919.512	571.82	
919.879	616.29	
920.245	613.95	
920.612	616.29	
920.978	581.18	
921.345	602.25	
921.711	539.05	
922.078	557.78	
922.444	590.55	
922.81	578.84	
923.176	513.31	
923.542	534.37	
923.908	539.05	
924.274	611.61	
924.64	548.42	
925.006	646.72	
925.371	555.44	
925.737	567.14	
926.103	611.61	
926.468	590.55	
926.834	616.29	
927.199	597.57	
927.564	520.33	
927.93	578.84	
928.295	480.54	
928.66	464.16	
929.025	510.97	
929.39	567.14	
929.755	487.56	
930.12	541.4	
930.484	553.1	
930.849	543.74	
931.214	412.67	
931.578	499.27	
931.943	487.56	
932.307	541.4	
932.672	513.31	
933.036	457.14	
933.4	386.92	
933.764	443.09	
934.128	412.67	
934.492	478.2	
934.856	422.03	
935.22	382.24	
935.584	494.58	
935.948	433.73	
936.311	447.77	
936.675	358.83	
937.039	412.67	
937.402	370.54	
937.765	429.05	
938.129	431.39	
938.492	391.6	
938.855	424.37	
939.218	389.26	
939.581	384.58	
939.944	368.2	
940.307	389.26	
940.67	354.15	
941.033	407.98	
941.396	326.07	
941.758	391.6	
942.121	445.43	
942.483	459.48	
942.846	393.94	
943.208	454.8	
943.571	351.81	
943.933	431.39	
944.295	424.37	
944.657	410.33	
945.019	393.94	
945.381	347.13	
945.743	419.69	
946.105	321.38	
946.467	384.58	
946.828	400.96	
947.19	410.33	
947.551	389.26	
947.913	405.64	
948.274	415.01	
948.636	454.8	
948.997	426.71	
949.358	375.22	
949.719	415.01	
950.08	340.11	
950.441	436.07	
950.802	389.26	
951.163	396.28	
951.524	344.79	
951.885	349.47	
952.245	426.71	
952.606	365.85	
952.966	358.83	
953.327	393.94	
953.687	377.56	
954.047	365.85	
954.408	396.28	
954.768	396.28	
955.128	363.51	
955.488	326.07	
955.848	344.79	
956.208	391.6	
956.568	358.83	
956.927	398.62	
957.287	375.22	
957.647	436.07	
958.006	351.81	
958.366	354.15	
958.725	314.36	
959.084	358.83	
959.444	375.22	
959.803	333.09	
960.162	389.26	
960.521	389.26	
960.88	396.28	
961.239	382.24	
961.598	422.03	
961.957	375.22	
962.315	393.94	
962.674	433.73	
963.033	398.62	
963.391	400.96	
963.75	363.51	
964.108	386.92	
964.466	372.88	
964.824	328.41	
965.183	389.26	
965.541	361.17	
965.899	405.64	
966.257	389.26	
966.614	396.28	
966.972	445.43	
967.33	370.54	
967.688	377.56	
968.045	370.54	
968.403	400.96	
968.76	398.62	
969.118	365.85	
969.475	372.88	
969.832	347.13	
970.189	342.45	
970.546	356.49	
970.903	400.96	
971.26	436.07	
971.617	400.96	
971.974	379.9	
972.331	377.56	
972.688	342.45	
973.044	454.8	
973.401	403.3	
973.757	384.58	
974.114	480.54	
974.47	370.54	
974.826	407.98	
975.182	396.28	
975.538	377.56	
975.895	377.56	
976.251	393.94	
976.606	389.26	
976.962	400.96	
977.318	405.64	
977.674	391.6	
978.029	288.62	
978.385	379.9	
978.74	473.52	
979.096	368.2	
979.451	407.98	
979.806	356.49	
980.162	417.35	
980.517	431.39	
980.872	396.28	
981.227	393.94	
981.582	335.43	
981.937	286.28	
982.291	400.96	
982.646	326.07	
983.001	330.75	
983.355	398.62	
983.71	361.17	
984.064	431.39	
984.419	389.26	
984.773	457.14	
985.127	403.3	
985.481	487.56	
985.835	396.28	
986.189	398.62	
986.543	412.67	
986.897	335.43	
987.251	377.56	
987.605	400.96	
987.958	351.81	
988.312	354.15	
988.665	347.13	
989.019	335.43	
989.372	361.17	
989.725	464.16	
990.079	361.17	
990.432	358.83	
990.785	407.98	
991.138	356.49	
991.491	431.39	
991.844	290.96	
992.197	415.01	
992.549	337.77	
992.902	433.73	
993.254	391.6	
993.607	316.7	
993.959	344.79	
994.312	386.92	
994.664	438.41	
995.016	379.9	
995.368	333.09	
995.721	375.22	
996.073	344.79	
996.425	351.81	
996.776	347.13	
997.128	412.67	
997.48	363.51	
997.832	412.67	
998.183	305	
998.535	377.56	
998.886	316.7	
999.237	300.32	
999.589	326.07	
999.94	431.39	
1000.291	321.38	
1000.642	375.22	
1000.993	419.69	
1001.344	333.09	
1001.695	363.51	
1002.046	354.15	
1002.397	340.11	
1002.747	375.22	
1003.098	305	
1003.448	248.83	
1003.799	422.03	
1004.149	396.28	
1004.499	368.2	
1004.85	323.73	
1005.2	337.77	
1005.55	349.47	
1005.9	363.51	
1006.25	410.33	
1006.6	323.73	
1006.949	279.26	
1007.299	363.51	
1007.649	351.81	
1007.998	365.85	
1008.348	333.09	
1008.697	370.54	
1009.047	342.45	
1009.396	361.17	
1009.745	293.3	
1010.094	342.45	
1010.443	323.73	
1010.792	309.68	
1011.141	361.17	
1011.49	349.47	
1011.839	454.8	
1012.188	370.54	
1012.536	363.51	
1012.885	375.22	
1013.233	321.38	
1013.582	365.85	
1013.93	314.36	
1014.278	333.09	
1014.627	368.2	
1014.975	330.75	
1015.323	340.11	
1015.671	323.73	
1016.019	384.58	
1016.367	330.75	
1016.714	335.43	
1017.062	349.47	
1017.41	379.9	
1017.757	349.47	
1018.105	368.2	
1018.452	365.85	
1018.8	358.83	
1019.147	305	
1019.494	410.33	
1019.841	368.2	
1020.188	344.79	
1020.535	400.96	
1020.882	361.17	
1021.229	351.81	
1021.576	335.43	
1021.922	305	
1022.269	328.41	
1022.615	342.45	
1022.962	305	
1023.308	305	
1023.655	305	
