Time	Channel A	Channel B
(ms)	(V)	(V)

0.00000000	3.14560800	-1.65323600
0.02000000	3.14560800	-1.65323600
0.04000000	3.14560800	-1.65323600
0.06000000	3.14560800	-1.65323600
0.08000000	3.14560800	-1.73997300
0.10000000	3.18989900	-1.73997300
0.12000000	3.18989900	-1.73997300
0.14000000	3.18989900	-1.73997300
0.16000000	3.18989900	-1.73997300
0.18000000	3.18989900	-1.82701800
0.19999999	3.18989900	-1.82701800
0.21999999	3.18989900	-1.82701800
0.23999999	3.18989900	-1.82701800
0.25999999	3.18989900	-1.82701800
0.27999999	3.18989900	-1.82701800
0.29999999	3.18989900	-1.91406300
0.31999999	3.23419000	-1.91406300
0.33999999	3.18989900	-1.91406300
0.35999999	3.18989900	-1.91406300
0.37999999	3.23419000	-1.91406300
0.39999999	3.18989900	-2.00110700
0.41999999	3.23419000	-2.00110700
0.43999999	3.23419000	-2.00110700
0.45999999	3.23419000	-2.00110700
0.47999999	3.23419000	-2.08815200
0.49999999	3.23419000	-2.08815200
0.51999999	3.18989900	-2.08815200
0.53999999	3.23419000	-2.08815200
0.55999999	3.23419000	-2.08815200
0.57999999	3.23419000	-2.08815200
0.59999998	3.23419000	-2.17519700
0.61999998	3.23419000	-2.17519700
0.63999998	3.23419000	-2.17519700
0.65999998	3.23419000	-2.17519700
0.67999998	3.23419000	-2.17519700
0.69999998	3.23419000	-2.17519700
0.71999998	3.23419000	-2.26224200
0.73999998	3.23419000	-2.26224200
0.75999998	3.27848200	-2.26224200
0.77999998	3.23419000	-2.26224200
0.79999998	3.23419000	-2.34928600
0.81999998	3.18989900	-2.34928600
0.83999998	3.23419000	-2.34928600
0.85999998	3.27848200	-2.34928600
0.87999998	3.23419000	-2.43633100
0.89999998	3.23419000	-2.43633100
0.91999998	3.23419000	-2.43633100
0.93999998	3.23419000	-2.43633100
0.95999998	3.23419000	-2.43633100
0.97999998	3.23419000	-2.43633100
0.99999997	3.27848200	-2.52337600
1.01999997	3.23419000	-2.52337600
1.03999997	3.23419000	-2.52337600
1.05999997	3.27848200	-2.52337600
1.07999997	3.27848200	-2.52337600
1.09999997	3.23419000	-2.52337600
1.11999997	3.27848200	-2.61011300
1.13999997	3.27848200	-2.61011300
1.15999997	3.23419000	-2.61011300
1.17999997	3.23419000	-2.61011300
1.19999997	3.23419000	-2.69715800
1.21999997	3.23419000	-2.69715800
1.23999997	3.23419000	-2.69715800
1.25999997	3.27848200	-2.69715800
1.27999997	3.23419000	-2.69715800
1.29999997	3.23419000	-2.78420300
1.31999997	3.23419000	-2.78420300
1.33999997	3.27848200	-2.78420300
1.35999997	3.23419000	-2.78420300
1.37999997	3.27848200	-2.78420300
1.39999996	3.27848200	-2.87124800
1.41999996	3.23419000	-2.78420300
1.43999996	3.23419000	-2.87124800
1.45999996	3.27848200	-2.87124800
1.47999996	3.23419000	-2.87124800
1.49999996	3.27848200	-2.87124800
1.51999996	3.27848200	-2.95829200
1.53999996	3.23419000	-2.95829200
1.55999996	3.27848200	-2.95829200
1.57999996	3.27848200	-2.95829200
1.59999996	3.27848200	-2.95829200
1.61999996	3.27848200	-2.95829200
1.63999996	3.27848200	-3.04533700
1.65999996	3.27848200	-3.04533700
1.67999996	3.27848200	-3.04533700
1.69999996	3.23419000	-3.04533700
1.71999996	3.27848200	-3.13238200
1.73999996	3.27848200	-3.13238200
1.75999996	3.23419000	-3.13238200
1.77999996	3.23419000	-3.13238200
1.79999995	3.23419000	-3.13238200
1.81999995	3.23419000	-3.21942700
1.83999995	3.23419000	-3.21942700
1.85999995	3.23419000	-3.21942700
1.87999995	3.27848200	-3.21942700
1.89999995	3.27848200	-3.30647100
1.91999995	3.27848200	-3.30647100
1.93999995	3.23419000	-3.30647100
1.95999995	3.27848200	-3.30647100
1.97999995	3.27848200	-3.30647100
1.99999995	3.27848200	-3.30647100
2.01999995	3.23419000	-3.30647100
2.03999995	3.27848200	-3.39351600
2.05999995	3.27848200	-3.39351600
2.07999995	3.23419000	-3.48025300
2.09999995	3.23419000	-3.48025300
2.11999995	3.27848200	-3.48025300
2.13999995	3.27848200	-3.48025300
2.15999995	3.27848200	-3.48025300
2.17999994	3.23419000	-3.48025300
2.19999994	3.23419000	-3.56729800
2.21999994	3.23419000	-3.56729800
2.23999994	3.23419000	-3.56729800
2.25999994	3.23419000	-3.56729800
2.27999994	3.23419000	-3.56729800
2.29999994	3.23419000	-3.56729800
2.31999994	3.23419000	-3.65434300
2.33999994	3.23419000	-3.65434300
2.35999994	3.23419000	-3.65434300
2.37999994	3.23419000	-3.65434300
2.39999994	3.23419000	-3.65434300
2.41999994	3.27848200	-3.74138800
2.43999994	3.23419000	-3.74138800
2.45999994	3.23419000	-3.74138800
2.47999994	3.23419000	-3.74138800
2.49999994	3.23419000	-3.74138800
2.51999994	3.23419000	-3.74138800
2.53999994	3.23419000	-3.82843300
2.55999994	3.23419000	-3.82843300
2.57999993	3.23419000	-3.82843300
2.59999993	3.23419000	-3.82843300
2.61999993	3.23419000	-3.82843300
2.63999993	3.23419000	-3.91547700
2.65999993	3.23419000	-3.91547700
2.67999993	3.23419000	-3.91547700
2.69999993	3.23419000	-3.91547700
2.71999993	3.23419000	-4.00252200
2.73999993	3.23419000	-4.00252200
2.75999993	3.23419000	-4.00252200
2.77999993	3.27848200	-4.00252200
2.79999993	3.23419000	-4.00252200
2.81999993	3.23419000	-4.00252200
2.83999993	3.27848200	-4.08956700
2.85999993	3.23419000	-4.08956700
2.87999993	3.23419000	-4.08956700
2.89999993	3.27848200	-4.08956700
2.91999993	3.23419000	-4.08956700
2.93999993	3.27848200	-4.17661200
2.95999993	3.27848200	-4.17661200
2.97999992	3.23419000	-4.17661200
2.99999992	3.27848200	-4.17661200
3.01999992	3.27848200	-4.17661200
3.03999992	3.27848200	-4.17661200
3.05999992	3.27848200	-4.17661200
3.07999992	3.27848200	-4.08956700
3.09999992	3.23419000	-4.08956700
3.11999992	3.27848200	-4.08956700
3.13999992	3.27848200	-4.08956700
3.15999992	3.27848200	-4.00252200
3.17999992	3.27848200	-4.00252200
3.19999992	3.27848200	-4.00252200
3.21999992	3.27848200	-3.91547700
3.23999992	3.27848200	-4.00252200
3.25999992	3.27848200	-3.91547700
3.27999992	3.23419000	-3.91547700
3.29999992	3.27848200	-3.91547700
3.31999992	3.23419000	-3.91547700
3.33999992	3.27848200	-3.82843300
3.35999992	3.32277300	-3.91547700
3.37999991	3.32277300	-3.82843300
3.39999991	3.27848200	-3.82843300
3.41999991	3.27848200	-3.74138800
3.43999991	3.27848200	-3.74138800
3.45999991	3.27848200	-3.74138800
3.47999991	3.32277300	-3.74138800
3.49999991	3.27848200	-3.74138800
3.51999991	3.27848200	-3.74138800
3.53999991	3.27848200	-3.65434300
3.55999991	3.27848200	-3.65434300
3.57999991	3.32277300	-3.65434300
3.59999991	3.32277300	-3.65434300
3.61999991	3.27848200	-3.65434300
3.63999991	3.27848200	-3.65434300
3.65999991	3.27848200	-3.56729800
3.67999991	3.27848200	-3.56729800
3.69999991	3.27848200	-3.56729800
3.71999991	3.27848200	-3.56729800
3.73999991	3.32277300	-3.56729800
3.75999991	3.27848200	-3.48025300
3.77999990	3.27848200	-3.48025300
3.79999990	3.27848200	-3.48025300
3.81999990	3.23419000	-3.39351600
3.83999990	3.27848200	-3.39351600
3.85999990	3.27848200	-3.39351600
3.87999990	3.27848200	-3.39351600
3.89999990	3.27848200	-3.39351600
3.91999990	3.27848200	-3.39351600
3.93999990	3.27848200	-3.30647100
3.95999990	3.27848200	-3.30647100
3.97999990	3.27848200	-3.30647100
3.99999990	3.27848200	-3.30647100
4.01999990	3.27848200	-3.30647100
4.03999990	3.27848200	-3.21942700
4.05999990	3.27848200	-3.21942700
4.07999990	3.27848200	-3.21942700
4.09999990	3.27848200	-3.21942700
4.11999990	3.27848200	-3.21942700
4.13999990	3.27848200	-3.13238200
4.15999989	3.27848200	-3.13238200
4.17999989	3.27848200	-3.13238200
4.19999989	3.27848200	-3.13238200
4.21999989	3.27848200	-3.13238200
4.23999989	3.27848200	-3.04533700
4.25999989	3.27848200	-3.04533700
4.27999989	3.32277300	-3.04533700
4.29999989	3.27848200	-3.04533700
4.31999989	3.27848200	-3.04533700
4.33999989	3.27848200	-2.95829200
4.35999989	3.27848200	-2.95829200
4.37999989	3.27848200	-2.95829200
4.39999989	3.32277300	-2.95829200
4.41999989	3.27848200	-2.95829200
4.43999989	3.27848200	-2.87124800
4.45999989	3.27848200	-2.87124800
4.47999989	3.27848200	-2.87124800
4.49999989	3.32277300	-2.87124800
4.51999989	3.27848200	-2.87124800
4.53999989	3.27848200	-2.87124800
4.55999988	3.27848200	-2.78420300
4.57999988	3.27848200	-2.78420300
4.59999988	3.32277300	-2.78420300
4.61999988	3.27848200	-2.69715800
4.63999988	3.27848200	-2.78420300
4.65999988	3.27848200	-2.69715800
4.67999988	3.32277300	-2.69715800
4.69999988	3.32277300	-2.69715800
4.71999988	3.32277300	-2.69715800
4.73999988	3.32277300	-2.61011300
4.75999988	3.27848200	-2.61011300
4.77999988	3.27848200	-2.61011300
4.79999988	3.32277300	-2.61011300
4.81999988	3.32277300	-2.61011300
4.83999988	3.32277300	-2.61011300
4.85999988	3.32277300	-2.52337600
4.87999988	3.27848200	-2.52337600
4.89999988	3.32277300	-2.52337600
4.91999988	3.32277300	-2.52337600
4.93999988	3.32277300	-2.43633100
4.95999987	3.32277300	-2.43633100
4.97999987	3.32277300	-2.43633100
4.99999987	3.27848200	-2.43633100
5.01999987	3.32277300	-2.43633100
5.03999987	3.32277300	-2.34928600
5.05999987	3.32277300	-2.34928600
5.07999987	3.32277300	-2.34928600
5.09999987	3.32277300	-2.34928600
5.11999987	3.32277300	-2.34928600
5.13999987	3.32277300	-2.26224200
5.15999987	3.32277300	-2.26224200
5.17999987	3.32277300	-2.34928600
5.19999987	3.32277300	-2.26224200
5.21999987	3.32277300	-2.26224200
5.23999987	3.32277300	-2.17519700
5.25999987	3.32277300	-2.17519700
5.27999987	3.32277300	-2.17519700
5.29999987	3.32277300	-2.17519700
5.31999987	3.27848200	-2.17519700
5.33999987	3.32277300	-2.17519700
5.35999986	3.32277300	-2.08815200
5.37999986	3.27848200	-2.08815200
5.39999986	3.32277300	-2.08815200
5.41999986	3.32277300	-2.08815200
5.43999986	3.32277300	-2.08815200
5.45999986	3.32277300	-2.00110700
5.47999986	3.32277300	-2.00110700
5.49999986	3.32277300	-2.00110700
5.51999986	3.32277300	-2.00110700
5.53999986	3.32277300	-1.91406300
5.55999986	3.32277300	-1.91406300
5.57999986	3.32277300	-1.91406300
5.59999986	3.36706400	-1.91406300
5.61999986	3.32277300	-1.82701800
5.63999986	3.36706400	-1.82701800
5.65999986	3.32277300	-1.82701800
5.67999986	3.32277300	-1.82701800
5.69999986	3.36706400	-1.82701800
5.71999986	3.36706400	-1.82701800
5.73999985	3.32277300	-1.82701800
5.75999985	3.36706400	-1.73997300
5.77999985	3.32277300	-1.73997300
5.79999985	3.36706400	-1.73997300
5.81999985	3.32277300	-1.73997300
5.83999985	3.32277300	-1.65323600
5.85999985	3.32277300	-1.65323600
5.87999985	3.32277300	-1.65323600
5.89999985	3.36706400	-1.65323600
5.91999985	3.36706400	-1.65323600
5.93999985	3.36706400	-1.65323600
5.95999985	3.32277300	-1.56619100
5.97999985	3.36706400	-1.56619100
5.99999985	3.32277300	-1.56619100
6.01999985	3.32277300	-1.56619100
6.03999985	3.36706400	-1.47914600
6.05999985	3.36706400	-1.47914600
6.07999985	3.36706400	-1.47914600
6.09999985	3.36706400	-1.47914600
6.11999985	3.36706400	-1.47914600
6.13999984	3.36706400	-1.39210100
6.15999984	3.36706400	-1.39210100
6.17999984	3.36706400	-1.39210100
6.19999984	3.36706400	-1.39210100
6.21999984	3.36706400	-1.30505700
6.23999984	3.36706400	-1.30505700
6.25999984	3.36706400	-1.30505700
6.27999984	3.32277300	-1.30505700
6.29999984	3.36706400	-1.30505700
6.31999984	3.36706400	-1.30505700
6.33999984	3.36706400	-1.30505700
6.35999984	3.36706400	-1.21801200
6.37999984	3.36706400	-1.21801200
6.39999984	3.36706400	-1.21801200
6.41999984	3.36706400	-1.21801200
6.43999984	3.36706400	-1.13096700
6.45999984	3.36706400	-1.13096700
6.47999984	3.36706400	-1.13096700
6.49999984	3.36706400	-1.13096700
6.51999984	3.36706400	-1.13096700
6.53999983	3.36706400	-1.13096700
6.55999983	3.36706400	-1.04392200
6.57999983	3.36706400	-1.04392200
6.59999983	3.36706400	-0.95687750
6.61999983	3.36706400	-1.04392200
6.63999983	3.36706400	-0.95687750
6.65999983	3.32277300	-0.95687750
6.67999983	3.41135600	-0.95687750
6.69999983	3.36706400	-0.95687750
6.71999983	3.36706400	-0.95687750
6.73999983	3.36706400	-0.86983270
6.75999983	3.36706400	-0.86983270
6.77999983	3.36706400	-0.86983270
6.79999983	3.41135600	-0.86983270
6.81999983	3.36706400	-0.86983270
6.83999983	3.36706400	-0.78309550
6.85999983	3.36706400	-0.78309550
6.87999983	3.36706400	-0.78309550
6.89999983	3.36706400	-0.78309550
6.91999983	3.36706400	-0.78309550
6.93999982	3.36706400	-0.78309550
6.95999982	3.36706400	-0.69605070
6.97999982	3.36706400	-0.69605070
6.99999982	3.36706400	-0.69605070
7.01999982	3.36706400	-0.69605070
7.03999982	3.36706400	-0.60900590
7.05999982	3.32277300	-0.60900590
7.07999982	3.36706400	-0.60900590
7.09999982	3.41135600	-0.60900590
7.11999982	3.41135600	-0.52196110
7.13999982	3.36706400	-0.52196110
7.15999982	3.36706400	-0.52196110
7.17999982	3.36706400	-0.52196110
7.19999982	3.41135600	-0.52196110
7.21999982	3.36706400	-0.52196110
7.23999982	3.36706400	-0.43491630
7.25999982	3.41135600	-0.43491630
7.27999982	3.41135600	-0.43491630
7.29999982	3.36706400	-0.34787150
7.31999982	3.36706400	-0.34787150
7.33999981	3.41135600	-0.43491630
7.35999981	3.41135600	-0.34787150
7.37999981	3.41135600	-0.34787150
7.39999981	3.41135600	-0.34787150
7.41999981	3.41135600	-0.26082680
7.43999981	3.36706400	-0.26082680
7.45999981	3.41135600	-0.26082680
7.47999981	3.36706400	-0.26082680
7.49999981	3.36706400	-0.26082680
7.51999981	3.41135600	-0.26082680
7.53999981	3.41135600	-0.17378200
7.55999981	3.41135600	-0.17378200
7.57999981	3.41135600	-0.17378200
7.59999981	3.41135600	-0.17378200
7.61999981	3.41135600	-0.08673721
7.63999981	3.41135600	-0.08673721
7.65999981	3.41135600	-0.08673721
7.67999981	3.36706400	-0.08673721
7.69999981	3.41135600	0.00000000
7.71999980	3.41135600	0.00000000
7.73999980	3.41135600	0.00000000
7.75999980	3.36706400	0.00000000
7.77999980	3.36706400	0.00000000
7.79999980	3.36706400	0.08673721
7.81999980	3.36706400	0.08673721
7.83999980	3.41135600	0.08673721
7.85999980	3.36706400	0.17378200
7.87999980	3.36706400	0.08673721
7.89999980	3.36706400	0.17378200
7.91999980	3.36706400	0.17378200
7.93999980	3.36706400	0.17378200
7.95999980	3.36706400	0.26082680
7.97999980	3.32277300	0.26082680
7.99999980	3.32277300	0.26082680
8.01999980	3.32277300	0.26082680
8.03999980	3.27848200	0.26082680
8.05999980	3.27848200	0.34787150
8.07999980	3.27848200	0.34787150
8.09999980	3.23419000	0.34787150
8.11999979	3.23419000	0.34787150
8.13999979	3.23419000	0.43491630
8.15999979	3.18989900	0.43491630
8.17999979	3.14560800	0.43491630
8.19999979	3.14560800	0.43491630
8.21999979	3.14560800	0.52196110
8.23999979	3.10131600	0.52196110
8.25999979	3.10131600	0.52196110
8.27999979	3.05687100	0.60900590
8.29999979	3.05687100	0.60900590
8.31999979	3.01258000	0.60900590
8.33999979	2.96828900	0.60900590
8.35999979	2.96828900	0.60900590
8.37999979	2.92399700	0.69605070
8.39999979	2.87970600	0.69605070
8.41999979	2.83541500	0.69605070
8.43999979	2.83541500	0.69605070
8.45999979	2.79112300	0.78309550
8.47999979	2.79112300	0.78309550
8.49999979	2.74683200	0.78309550
8.51999978	2.70254100	0.78309550
8.53999978	2.65824900	0.86983270
8.55999978	2.65824900	0.86983270
8.57999978	2.61395800	0.86983270
8.59999978	2.56951300	0.86983270
8.61999978	2.52522100	0.86983270
8.63999978	2.48093000	0.95687750
8.65999978	2.48093000	0.95687750
8.67999978	2.43663900	0.95687750
8.69999978	2.39234700	0.95687750
8.71999978	2.34805600	1.04392200
8.73999978	2.25947300	1.04392200
8.75999978	2.25947300	1.04392200
8.77999978	2.21518200	1.04392200
8.79999978	2.21518200	1.04392200
8.81999978	2.17089100	1.13096700
8.83999978	2.12659900	1.13096700
8.85999978	2.03786300	1.13096700
8.87999978	1.99357200	1.21801200
8.89999978	1.94928000	1.21801200
8.91999977	1.90498900	1.21801200
8.93999977	1.90498900	1.21801200
8.95999977	1.86069800	1.30505700
8.97999977	1.81640600	1.30505700
8.99999977	1.81640600	1.30505700
9.01999977	1.72782400	1.30505700
9.03999977	1.68353200	1.30505700
9.05999977	1.68353200	1.39210100
9.07999977	1.59495000	1.39210100
9.09999977	1.59495000	1.39210100
9.11999977	1.55065800	1.47914600
9.13999977	1.55065800	1.47914600
9.15999977	1.50621300	1.47914600
9.17999977	1.46192200	1.47914600
9.19999977	1.41763000	1.47914600
9.21999977	1.37333900	1.56619100
9.23999977	1.37333900	1.56619100
9.25999977	1.32904800	1.56619100
9.27999977	1.32904800	1.56619100
9.29999977	1.32904800	1.65323600
9.31999976	1.28475600	1.65323600
9.33999976	1.28475600	1.65323600
9.35999976	1.28475600	1.65323600
9.37999976	1.24046500	1.73997300
9.39999976	1.24046500	1.73997300
9.41999976	1.24046500	1.73997300
9.43999976	1.19617400	1.73997300
9.45999976	1.24046500	1.73997300
9.47999976	1.24046500	1.82701800
9.49999976	1.24046500	1.82701800
9.51999976	1.24046500	1.82701800
9.53999976	1.24046500	1.82701800
9.55999976	1.24046500	1.82701800
9.57999976	1.24046500	1.91406300
9.59999976	1.28475600	1.91406300
9.61999976	1.28475600	1.91406300
9.63999976	1.28475600	2.00110700
9.65999976	1.28475600	2.00110700
9.67999976	1.32904800	2.00110700
9.69999975	1.32904800	2.00110700
9.71999975	1.37333900	2.00110700
9.73999975	1.41763000	2.08815200
9.75999975	1.41763000	2.08815200
9.77999975	1.46192200	2.08815200
9.79999975	1.50621300	2.17519700
9.81999975	1.50621300	2.17519700
9.83999975	1.55065800	2.17519700
9.85999975	1.59495000	2.17519700
9.87999975	1.63924100	2.26224200
9.89999975	1.68353200	2.26224200
9.91999975	1.72782400	2.26224200
9.93999975	1.72782400	2.26224200
9.95999975	1.77211500	2.26224200
9.97999975	1.81640600	2.34928600
9.99999975	1.90498900	2.34928600
10.01999975	1.94928000	2.34928600
10.03999975	1.99357200	2.34928600
10.05999975	2.03786300	2.34928600
10.07999975	2.08230800	2.43633100
10.09999974	2.12659900	2.43633100
10.11999974	2.12659900	2.43633100
10.13999974	2.21518200	2.43633100
10.15999974	2.25947300	2.52337600
10.17999974	2.30376500	2.52337600
10.19999974	2.34805600	2.52337600
10.21999974	2.39234700	2.52337600
10.23999974	2.43663900	2.61011300
10.25999974	2.48093000	2.61011300
10.27999974	2.52522100	2.61011300
10.29999974	2.52522100	2.61011300
10.31999974	2.56951300	2.69715800
10.33999974	2.65824900	2.69715800
10.35999974	2.70254100	2.69715800
10.37999974	2.74683200	2.69715800
10.39999974	2.74683200	2.69715800
10.41999974	2.79112300	2.78420300
10.43999974	2.79112300	2.78420300
10.45999974	2.83541500	2.78420300
10.47999974	2.87970600	2.87124800
10.49999973	2.87970600	2.87124800
10.51999973	2.92399700	2.87124800
10.53999973	2.92399700	2.87124800
10.55999973	2.92399700	2.87124800
10.57999973	2.96828900	2.95829200
10.59999973	2.96828900	2.95829200
10.61999973	3.01258000	2.95829200
10.63999973	3.01258000	3.04533700
10.65999973	3.01258000	3.04533700
10.67999973	2.96828900	3.04533700
10.69999973	2.96828900	3.04533700
10.71999973	3.01258000	3.04533700
10.73999973	3.01258000	3.13238200
10.75999973	2.96828900	3.13238200
10.77999973	2.96828900	3.13238200
10.79999973	2.96828900	3.13238200
10.81999973	2.96828900	3.13238200
10.83999973	2.92399700	3.21942700
10.85999973	2.92399700	3.21942700
10.87999973	2.92399700	3.21942700
10.89999972	2.87970600	3.30647100
10.91999972	2.87970600	3.30647100
10.93999972	2.83541500	3.30647100
10.95999972	2.79112300	3.30647100
10.97999972	2.79112300	3.30647100
10.99999972	2.74683200	3.39351600
11.01999972	2.70254100	3.39351600
11.03999972	2.65824900	3.39351600
11.05999972	2.65824900	3.39351600
11.07999972	2.61395800	3.48025300
11.09999972	2.56951300	3.39351600
11.11999972	2.52522100	3.48025300
11.13999972	2.48093000	3.48025300
11.15999972	2.43663900	3.56729800
11.17999972	2.39234700	3.56729800
11.19999972	2.39234700	3.56729800
11.21999972	2.30376500	3.56729800
11.23999972	2.30376500	3.65434300
11.25999972	2.21518200	3.56729800
11.27999972	2.17089100	3.65434300
11.29999971	2.17089100	3.65434300
11.31999971	2.08230800	3.74138800
11.33999971	2.03786300	3.74138800
11.35999971	1.94928000	3.74138800
11.37999971	1.99357200	3.74138800
11.39999971	1.90498900	3.74138800
11.41999971	1.90498900	3.74138800
11.43999971	1.81640600	3.82843300
11.45999971	1.77211500	3.82843300
11.47999971	1.77211500	3.82843300
11.49999971	1.72782400	3.82843300
11.51999971	1.68353200	3.91547700
11.53999971	1.63924100	3.91547700
11.55999971	1.59495000	3.91547700
11.57999971	1.55065800	3.91547700
11.59999971	1.55065800	4.00252200
11.61999971	1.50621300	4.00252200
11.63999971	1.46192200	4.00252200
11.65999971	1.46192200	4.00252200
11.67999970	1.46192200	4.08956700
11.69999970	1.41763000	4.08956700
11.71999970	1.37333900	4.08956700
11.73999970	1.32904800	4.08956700
11.75999970	1.32904800	4.17661200
11.77999970	1.32904800	4.17661200
11.79999970	1.32904800	4.17661200
11.81999970	1.32904800	4.17661200
11.83999970	1.32904800	4.17661200
11.85999970	1.28475600	4.17661200
11.87999970	1.32904800	4.26365700
11.89999970	1.28475600	4.26365700
11.91999970	1.24046500	4.26365700
11.93999970	1.28475600	4.35039400
11.95999970	1.28475600	4.35039400
11.97999970	1.28475600	4.35039400
11.99999970	1.28475600	4.35039400
12.01999970	1.32904800	4.43743800
12.03999970	1.32904800	4.43743800
12.05999970	1.32904800	4.43743800
12.07999969	1.37333900	4.43743800
12.09999969	1.37333900	4.52448300
12.11999969	1.41763000	4.52448300
12.13999969	1.46192200	4.52448300
12.15999969	1.46192200	4.52448300
12.17999969	1.50621300	4.52448300
12.19999969	1.55065800	4.61152800
12.21999969	1.55065800	4.61152800
12.23999969	1.59495000	4.61152800
12.25999969	1.59495000	4.61152800
12.27999969	1.63924100	4.69857300
12.29999969	1.68353200	4.69857300
12.31999969	1.72782400	4.69857300
12.33999969	1.77211500	4.78561800
12.35999969	1.77211500	4.78561800
12.37999969	1.86069800	4.78561800
12.39999969	1.90498900	4.78561800
12.41999969	1.94928000	4.78561800
12.43999969	1.94928000	4.87266300
12.45999969	1.99357200	4.87266300
12.47999968	2.03786300	4.87266300
12.49999968	2.12659900	4.87266300
12.51999968	2.12659900	4.95970700
12.53999968	2.21518200	4.95970700
12.55999968	2.21518200	4.87266300
12.57999968	2.25947300	4.87266300
12.59999968	2.30376500	4.87266300
12.61999968	2.34805600	4.87266300
12.63999968	2.39234700	4.87266300
12.65999968	2.43663900	4.78561800
12.67999968	2.48093000	4.78561800
12.69999968	2.48093000	4.78561800
12.71999968	2.52522100	4.69857300
12.73999968	2.56951300	4.78561800
12.75999968	2.56951300	4.69857300
12.77999968	2.61395800	4.69857300
12.79999968	2.61395800	4.69857300
12.81999968	2.65824900	4.61152800
12.83999968	2.65824900	4.61152800
12.85999968	2.65824900	4.61152800
12.87999967	2.70254100	4.61152800
12.89999967	2.70254100	4.61152800
12.91999967	2.70254100	4.52448300
12.93999967	2.74683200	4.52448300
12.95999967	2.74683200	4.52448300
12.97999967	2.74683200	4.43743800
12.99999967	2.74683200	4.52448300
13.01999967	2.79112300	4.43743800
13.03999967	2.74683200	4.43743800
13.05999967	2.74683200	4.35039400
13.07999967	2.74683200	4.35039400
13.09999967	2.74683200	4.35039400
13.11999967	2.74683200	4.35039400
13.13999967	2.74683200	4.35039400
13.15999967	2.74683200	4.35039400
13.17999967	2.70254100	4.26365700
13.19999967	2.70254100	4.26365700
13.21999967	2.65824900	4.26365700
13.23999967	2.65824900	4.26365700
13.25999967	2.65824900	4.17661200
13.27999966	2.65824900	4.17661200
13.29999966	2.61395800	4.17661200
13.31999966	2.61395800	4.17661200
13.33999966	2.61395800	4.08956700
13.35999966	2.56951300	4.08956700
13.37999966	2.52522100	4.08956700
13.39999966	2.52522100	4.00252200
13.41999966	2.48093000	4.00252200
13.43999966	2.48093000	4.00252200
13.45999966	2.43663900	4.00252200
13.47999966	2.43663900	3.91547700
13.49999966	2.39234700	3.91547700
13.51999966	2.34805600	3.91547700
13.53999966	2.30376500	3.82843300
13.55999966	2.30376500	3.91547700
13.57999966	2.25947300	3.82843300
13.59999966	2.25947300	3.82843300
13.61999966	2.21518200	3.82843300
13.63999966	2.17089100	3.82843300
13.65999965	2.17089100	3.74138800
13.67999965	2.12659900	3.74138800
13.69999965	2.03786300	3.74138800
13.71999965	2.03786300	3.74138800
13.73999965	2.03786300	3.74138800
13.75999965	1.94928000	3.65434300
13.77999965	1.90498900	3.65434300
13.79999965	1.90498900	3.65434300
13.81999965	1.86069800	3.65434300
13.83999965	1.81640600	3.56729800
13.85999965	1.77211500	3.56729800
13.87999965	1.77211500	3.56729800
13.89999965	1.68353200	3.56729800
13.91999965	1.68353200	3.48025300
13.93999965	1.68353200	3.48025300
13.95999965	1.63924100	3.48025300
13.97999965	1.59495000	3.48025300
13.99999965	1.55065800	3.48025300
14.01999965	1.50621300	3.39351600
14.03999965	1.50621300	3.39351600
14.05999964	1.46192200	3.39351600
14.07999964	1.46192200	3.30647100
14.09999964	1.41763000	3.30647100
14.11999964	1.41763000	3.30647100
14.13999964	1.37333900	3.21942700
14.15999964	1.32904800	3.21942700
14.17999964	1.32904800	3.21942700
14.19999964	1.28475600	3.21942700
14.21999964	1.28475600	3.21942700
14.23999964	1.24046500	3.21942700
14.25999964	1.19617400	3.13238200
14.27999964	1.24046500	3.13238200
14.29999964	1.19617400	3.13238200
14.31999964	1.15188200	3.13238200
14.33999964	1.15188200	3.04533700
14.35999964	1.15188200	3.04533700
14.37999964	1.15188200	3.04533700
14.39999964	1.15188200	3.04533700
14.41999964	1.15188200	2.95829200
14.43999964	1.10759100	2.95829200
14.45999963	1.15188200	2.95829200
14.47999963	1.10759100	2.95829200
14.49999963	1.10759100	2.87124800
14.51999963	1.10759100	2.87124800
14.53999963	1.15188200	2.87124800
14.55999963	1.10759100	2.87124800
14.57999963	1.15188200	2.78420300
14.59999963	1.15188200	2.78420300
14.61999963	1.15188200	2.78420300
14.63999963	1.15188200	2.78420300
14.65999963	1.15188200	2.69715800
14.67999963	1.19617400	2.69715800
14.69999963	1.19617400	2.69715800
14.71999963	1.19617400	2.69715800
14.73999963	1.24046500	2.69715800
14.75999963	1.28475600	2.69715800
14.77999963	1.28475600	2.61011300
14.79999963	1.28475600	2.61011300
14.81999963	1.32904800	2.52337600
14.83999963	1.37333900	2.52337600
14.85999962	1.37333900	2.52337600
14.87999962	1.41763000	2.52337600
14.89999962	1.46192200	2.52337600
14.91999962	1.50621300	2.43633100
14.93999962	1.55065800	2.43633100
14.95999962	1.59495000	2.43633100
14.97999962	1.59495000	2.34928600
14.99999962	1.63924100	2.34928600
15.01999962	1.68353200	2.34928600
15.03999962	1.72782400	2.34928600
15.05999962	1.77211500	2.34928600
15.07999962	1.81640600	2.34928600
15.09999962	1.81640600	2.26224200
15.11999962	1.90498900	2.26224200
15.13999962	1.90498900	2.26224200
15.15999962	1.94928000	2.17519700
15.17999962	2.03786300	2.26224200
15.19999962	2.03786300	2.17519700
15.21999962	2.12659900	2.17519700
15.23999962	2.12659900	2.17519700
15.25999961	2.21518200	2.08815200
15.27999961	2.25947300	2.08815200
15.29999961	2.25947300	2.08815200
15.31999961	2.34805600	2.08815200
15.33999961	2.39234700	2.00110700
15.35999961	2.43663900	2.00110700
15.37999961	2.48093000	2.00110700
15.39999961	2.52522100	2.00110700
15.41999961	2.56951300	1.91406300
15.43999961	2.56951300	1.91406300
15.45999961	2.61395800	1.91406300
15.47999961	2.65824900	1.91406300
15.49999961	2.70254100	1.91406300
15.51999961	2.70254100	1.82701800
15.53999961	2.74683200	1.82701800
15.55999961	2.83541500	1.82701800
15.57999961	2.83541500	1.82701800
15.59999961	2.83541500	1.73997300
15.61999961	2.87970600	1.73997300
15.63999960	2.87970600	1.73997300
15.65999960	2.92399700	1.73997300
15.67999960	2.96828900	1.73997300
15.69999960	2.96828900	1.65323600
15.71999960	2.96828900	1.65323600
15.73999960	2.96828900	1.65323600
15.75999960	3.01258000	1.65323600
15.77999960	3.05687100	1.56619100
15.79999960	3.05687100	1.56619100
15.81999960	3.01258000	1.56619100
15.83999960	3.05687100	1.56619100
15.85999960	3.05687100	1.47914600
15.87999960	3.01258000	1.47914600
15.89999960	3.05687100	1.47914600
15.91999960	3.05687100	1.47914600
15.93999960	3.01258000	1.39210100
15.95999960	3.01258000	1.39210100
15.97999960	3.01258000	1.39210100
15.99999960	3.01258000	1.39210100
16.01999960	2.96828900	1.30505700
16.03999959	2.96828900	1.30505700
16.05999959	2.96828900	1.30505700
16.07999959	2.92399700	1.30505700
16.09999959	2.87970600	1.21801200
16.11999959	2.83541500	1.21801200
16.13999959	2.83541500	1.21801200
16.15999959	2.79112300	1.21801200
16.17999959	2.79112300	1.21801200
16.19999959	2.74683200	1.13096700
16.21999959	2.70254100	1.13096700
16.23999959	2.70254100	1.13096700
16.25999959	2.61395800	1.04392200
16.27999959	2.61395800	1.04392200
16.29999959	2.56951300	1.04392200
16.31999959	2.52522100	1.04392200
16.33999959	2.48093000	1.04392200
16.35999959	2.43663900	0.95687750
16.37999959	2.39234700	0.95687750
16.39999959	2.34805600	0.95687750
16.41999959	2.30376500	0.86983270
16.43999958	2.25947300	0.95687750
16.45999958	2.21518200	0.86983270
16.47999958	2.17089100	0.86983270
16.49999958	2.12659900	0.86983270
16.51999958	2.03786300	0.86983270
16.53999958	2.03786300	0.78309550
16.55999958	1.99357200	0.78309550
16.57999958	1.90498900	0.69605070
16.59999958	1.90498900	0.69605070
16.61999958	1.81640600	0.69605070
16.63999958	1.81640600	0.69605070
16.65999958	1.77211500	0.69605070
16.67999958	1.72782400	0.69605070
16.69999958	1.68353200	0.60900590
16.71999958	1.59495000	0.60900590
16.73999958	1.59495000	0.60900590
16.75999958	1.55065800	0.60900590
16.77999958	1.50621300	0.52196110
16.79999958	1.50621300	0.52196110
16.81999958	1.46192200	0.52196110
16.83999957	1.41763000	0.43491630
16.85999957	1.41763000	0.43491630
16.87999957	1.41763000	0.43491630
16.89999957	1.41763000	0.43491630
16.91999957	1.37333900	0.43491630
16.93999957	1.32904800	0.34787150
16.95999957	1.32904800	0.34787150
16.97999957	1.37333900	0.34787150
16.99999957	1.32904800	0.34787150
17.01999957	1.32904800	0.26082680
17.03999957	1.37333900	0.26082680
17.05999957	1.32904800	0.26082680
17.07999957	1.32904800	0.26082680
17.09999957	1.32904800	0.17378200
17.11999957	1.37333900	0.17378200
17.13999957	1.37333900	0.17378200
17.15999957	1.37333900	0.17378200
17.17999957	1.41763000	0.17378200
17.19999957	1.41763000	0.08673721
17.21999956	1.46192200	0.08673721
17.23999956	1.46192200	0.08673721
17.25999956	1.46192200	0.08673721
17.27999956	1.55065800	0.00000000
17.29999956	1.55065800	0.00000000
17.31999956	1.59495000	0.00000000
17.33999956	1.59495000	0.00000000
17.35999956	1.68353200	-0.08673721
17.37999956	1.72782400	-0.08673721
17.39999956	1.72782400	-0.08673721
17.41999956	1.81640600	-0.08673721
17.43999956	1.81640600	-0.08673721
17.45999956	1.86069800	-0.17378200
17.47999956	1.90498900	-0.17378200
17.49999956	1.94928000	-0.17378200
17.51999956	1.99357200	-0.17378200
17.53999956	2.03786300	-0.26082680
17.55999956	2.08230800	-0.26082680
17.57999956	2.08230800	-0.26082680
17.59999956	2.17089100	-0.26082680
17.61999955	2.17089100	-0.26082680
17.63999955	2.21518200	-0.26082680
17.65999955	2.25947300	-0.34787150
17.67999955	2.25947300	-0.34787150
17.69999955	2.30376500	-0.34787150
17.71999955	2.34805600	-0.34787150
17.73999955	2.39234700	-0.34787150
17.75999955	2.39234700	-0.43491630
17.77999955	2.39234700	-0.43491630
17.79999955	2.43663900	-0.43491630
17.81999955	2.52522100	-0.43491630
17.83999955	2.52522100	-0.43491630
17.85999955	2.48093000	-0.52196110
17.87999955	2.56951300	-0.52196110
17.89999955	2.56951300	-0.52196110
17.91999955	2.56951300	-0.52196110
17.93999955	2.61395800	-0.52196110
17.95999955	2.65824900	-0.60900590
17.97999955	2.65824900	-0.60900590
17.99999955	2.65824900	-0.60900590
18.01999954	2.70254100	-0.60900590
18.03999954	2.74683200	-0.69605070
18.05999954	2.70254100	-0.69605070
18.07999954	2.74683200	-0.69605070
18.09999954	2.79112300	-0.69605070
18.11999954	2.79112300	-0.78309550
18.13999954	2.79112300	-0.78309550
18.15999954	2.79112300	-0.78309550
18.17999954	2.83541500	-0.78309550
18.19999954	2.87970600	-0.78309550
18.21999954	2.83541500	-0.86983270
18.23999954	2.83541500	-0.86983270
18.25999954	2.87970600	-0.86983270
18.27999954	2.87970600	-0.86983270
18.29999954	2.92399700	-0.95687750
18.31999954	2.92399700	-0.86983270
18.33999954	2.92399700	-0.95687750
18.35999954	2.92399700	-0.95687750
18.37999954	2.96828900	-0.95687750
18.39999954	2.96828900	-0.95687750
18.41999953	2.96828900	-0.95687750
18.43999953	2.96828900	-1.04392200
18.45999953	2.96828900	-1.04392200
18.47999953	2.96828900	-1.04392200
18.49999953	2.96828900	-1.04392200
18.51999953	3.01258000	-1.04392200
18.53999953	3.01258000	-1.13096700
18.55999953	3.01258000	-1.13096700
18.57999953	2.96828900	-1.13096700
18.59999953	3.01258000	-1.21801200
18.61999953	3.01258000	-1.21801200
18.63999953	3.01258000	-1.21801200
18.65999953	3.01258000	-1.21801200
18.67999953	3.01258000	-1.21801200
18.69999953	3.05687100	-1.21801200
18.71999953	3.05687100	-1.21801200
18.73999953	3.01258000	-1.30505700
18.75999953	3.05687100	-1.30505700
18.77999953	3.05687100	-1.30505700
18.79999953	3.05687100	-1.30505700
18.81999952	3.05687100	-1.39210100
18.83999952	3.05687100	-1.30505700
18.85999952	3.05687100	-1.39210100
18.87999952	3.10131600	-1.39210100
18.89999952	3.10131600	-1.39210100
18.91999952	3.10131600	-1.39210100
18.93999952	3.10131600	-1.47914600
18.95999952	3.10131600	-1.47914600
18.97999952	3.10131600	-1.47914600
18.99999952	3.05687100	-1.47914600
19.01999952	3.10131600	-1.47914600
19.03999952	3.14560800	-1.56619100
19.05999952	3.10131600	-1.56619100
19.07999952	3.14560800	-1.56619100
19.09999952	3.10131600	-1.56619100
19.11999952	3.10131600	-1.56619100
19.13999952	3.14560800	-1.65323600
19.15999952	3.14560800	-1.65323600
19.17999952	3.14560800	-1.65323600
19.19999951	3.18989900	-1.65323600
19.21999951	3.14560800	-1.65323600
19.23999951	3.14560800	-1.73997300
19.25999951	3.14560800	-1.73997300
19.27999951	3.14560800	-1.73997300
19.29999951	3.14560800	-1.73997300
19.31999951	3.14560800	-1.82701800
19.33999951	3.14560800	-1.73997300
19.35999951	3.18989900	-1.82701800
19.37999951	3.18989900	-1.82701800
19.39999951	3.18989900	-1.82701800
19.41999951	3.14560800	-1.82701800
19.43999951	3.14560800	-1.82701800
19.45999951	3.18989900	-1.91406300
19.47999951	3.18989900	-1.91406300
19.49999951	3.18989900	-1.91406300
19.51999951	3.18989900	-1.91406300
19.53999951	3.18989900	-2.00110700
19.55999951	3.18989900	-2.00110700
19.57999951	3.18989900	-2.00110700
19.59999950	3.18989900	-2.08815200
19.61999950	3.18989900	-2.00110700
19.63999950	3.18989900	-2.08815200
19.65999950	3.18989900	-2.08815200
19.67999950	3.18989900	-2.08815200
19.69999950	3.18989900	-2.08815200
19.71999950	3.18989900	-2.08815200
19.73999950	3.18989900	-2.17519700
19.75999950	3.18989900	-2.17519700
19.77999950	3.18989900	-2.17519700
19.79999950	3.18989900	-2.17519700
19.81999950	3.23419000	-2.17519700
19.83999950	3.18989900	-2.26224200
19.85999950	3.18989900	-2.26224200
19.87999950	3.18989900	-2.26224200
19.89999950	3.18989900	-2.26224200
19.91999950	3.18989900	-2.26224200
19.93999950	3.23419000	-2.26224200
19.95999950	3.23419000	-2.34928600
19.97999950	3.18989900	-2.34928600
19.99999949	3.18989900	-2.34928600
20.01999949	3.18989900	-2.34928600
20.03999949	3.18989900	-2.43633100
20.05999949	3.18989900	-2.43633100
