Time	Channel A	Channel B
(ms)	(V)	(V)

0.00000000	3.45564700	-3.65434300
0.02000000	3.49993800	-3.56729800
0.04000000	3.45564700	-3.56729800
0.06000000	3.45564700	-3.56729800
0.08000000	3.45564700	-3.56729800
0.10000000	3.45564700	-3.48025300
0.12000000	3.49993800	-3.48025300
0.14000000	3.45564700	-3.48025300
0.16000000	3.45564700	-3.48025300
0.18000000	3.45564700	-3.48025300
0.19999999	3.45564700	-3.48025300
0.21999999	3.45564700	-3.39351600
0.23999999	3.45564700	-3.39351600
0.25999999	3.45564700	-3.39351600
0.27999999	3.45564700	-3.39351600
0.29999999	3.45564700	-3.39351600
0.31999999	3.45564700	-3.30647100
0.33999999	3.45564700	-3.30647100
0.35999999	3.45564700	-3.30647100
0.37999999	3.49993800	-3.30647100
0.39999999	3.49993800	-3.30647100
0.41999999	3.45564700	-3.21942700
0.43999999	3.45564700	-3.21942700
0.45999999	3.45564700	-3.21942700
0.47999999	3.45564700	-3.21942700
0.49999999	3.45564700	-3.13238200
0.51999999	3.45564700	-3.13238200
0.53999999	3.49993800	-3.13238200
0.55999999	3.45564700	-3.13238200
0.57999999	3.45564700	-3.13238200
0.59999998	3.45564700	-3.13238200
0.61999998	3.45564700	-3.04533700
0.63999998	3.49993800	-3.04533700
0.65999998	3.45564700	-3.04533700
0.67999998	3.49993800	-3.04533700
0.69999998	3.45564700	-3.04533700
0.71999998	3.45564700	-2.95829200
0.73999998	3.45564700	-2.95829200
0.75999998	3.45564700	-2.95829200
0.77999998	3.45564700	-2.95829200
0.79999998	3.45564700	-2.87124800
0.81999998	3.45564700	-2.95829200
0.83999998	3.45564700	-2.87124800
0.85999998	3.49993800	-2.87124800
0.87999998	3.45564700	-2.87124800
0.89999998	3.49993800	-2.78420300
0.91999998	3.45564700	-2.78420300
0.93999998	3.49993800	-2.78420300
0.95999998	3.45564700	-2.78420300
0.97999998	3.45564700	-2.69715800
0.99999997	3.45564700	-2.69715800
1.01999997	3.45564700	-2.78420300
1.03999997	3.45564700	-2.69715800
1.05999997	3.45564700	-2.69715800
1.07999997	3.49993800	-2.69715800
1.09999997	3.49993800	-2.69715800
1.11999997	3.45564700	-2.69715800
1.13999997	3.45564700	-2.61011300
1.15999997	3.45564700	-2.61011300
1.17999997	3.45564700	-2.61011300
1.19999997	3.45564700	-2.52337600
1.21999997	3.49993800	-2.61011300
1.23999997	3.45564700	-2.52337600
1.25999997	3.45564700	-2.52337600
1.27999997	3.45564700	-2.52337600
1.29999997	3.49993800	-2.43633100
1.31999997	3.45564700	-2.43633100
1.33999997	3.45564700	-2.43633100
1.35999997	3.45564700	-2.43633100
1.37999997	3.45564700	-2.43633100
1.39999996	3.45564700	-2.34928600
1.41999996	3.49993800	-2.34928600
1.43999996	3.45564700	-2.34928600
1.45999996	3.49993800	-2.34928600
1.47999996	3.45564700	-2.34928600
1.49999996	3.45564700	-2.26224200
1.51999996	3.49993800	-2.26224200
1.53999996	3.45564700	-2.26224200
1.55999996	3.45564700	-2.26224200
1.57999996	3.45564700	-2.17519700
1.59999996	3.49993800	-2.26224200
1.61999996	3.45564700	-2.26224200
1.63999996	3.49993800	-2.17519700
1.65999996	3.45564700	-2.17519700
1.67999996	3.45564700	-2.17519700
1.69999996	3.45564700	-2.08815200
1.71999996	3.49993800	-2.08815200
1.73999996	3.45564700	-2.08815200
1.75999996	3.49993800	-2.08815200
1.77999996	3.45564700	-2.00110700
1.79999995	3.49993800	-2.00110700
1.81999995	3.45564700	-2.00110700
1.83999995	3.45564700	-2.00110700
1.85999995	3.45564700	-2.00110700
1.87999995	3.45564700	-2.00110700
1.89999995	3.45564700	-1.91406300
1.91999995	3.45564700	-1.91406300
1.93999995	3.45564700	-1.91406300
1.95999995	3.45564700	-1.91406300
1.97999995	3.45564700	-1.91406300
1.99999995	3.49993800	-1.82701800
2.01999995	3.45564700	-1.91406300
2.03999995	3.45564700	-1.82701800
2.05999995	3.45564700	-1.82701800
2.07999995	3.49993800	-1.82701800
2.09999995	3.45564700	-1.73997300
2.11999995	3.49993800	-1.73997300
2.13999995	3.49993800	-1.73997300
2.15999995	3.45564700	-1.73997300
2.17999994	3.45564700	-1.73997300
2.19999994	3.45564700	-1.65323600
2.21999994	3.49993800	-1.65323600
2.23999994	3.45564700	-1.65323600
2.25999994	3.45564700	-1.65323600
2.27999994	3.49993800	-1.56619100
2.29999994	3.45564700	-1.56619100
2.31999994	3.49993800	-1.56619100
2.33999994	3.45564700	-1.56619100
2.35999994	3.49993800	-1.56619100
2.37999994	3.45564700	-1.47914600
2.39999994	3.49993800	-1.47914600
2.41999994	3.49993800	-1.47914600
2.43999994	3.45564700	-1.47914600
2.45999994	3.49993800	-1.47914600
2.47999994	3.45564700	-1.39210100
2.49999994	3.45564700	-1.39210100
2.51999994	3.49993800	-1.39210100
2.53999994	3.45564700	-1.39210100
2.55999994	3.45564700	-1.39210100
2.57999993	3.49993800	-1.39210100
2.59999993	3.45564700	-1.39210100
2.61999993	3.45564700	-1.30505700
2.63999993	3.49993800	-1.30505700
2.65999993	3.45564700	-1.30505700
2.67999993	3.49993800	-1.21801200
2.69999993	3.45564700	-1.21801200
2.71999993	3.49993800	-1.21801200
2.73999993	3.49993800	-1.21801200
2.75999993	3.45564700	-1.21801200
2.77999993	3.49993800	-1.21801200
2.79999993	3.45564700	-1.13096700
2.81999993	3.45564700	-1.13096700
2.83999993	3.45564700	-1.13096700
2.85999993	3.45564700	-1.13096700
2.87999993	3.45564700	-1.13096700
2.89999993	3.45564700	-1.04392200
2.91999993	3.45564700	-1.04392200
2.93999993	3.45564700	-1.04392200
2.95999993	3.49993800	-1.04392200
2.97999992	3.49993800	-0.95687750
2.99999992	3.49993800	-0.95687750
3.01999992	3.45564700	-0.95687750
3.03999992	3.45564700	-0.95687750
3.05999992	3.49993800	-0.95687750
3.07999992	3.45564700	-0.86983270
3.09999992	3.45564700	-0.86983270
3.11999992	3.49993800	-0.86983270
3.13999992	3.45564700	-0.86983270
3.15999992	3.45564700	-0.86983270
3.17999992	3.45564700	-0.86983270
3.19999992	3.49993800	-0.78309550
3.21999992	3.45564700	-0.78309550
3.23999992	3.45564700	-0.78309550
3.25999992	3.49993800	-0.78309550
3.27999992	3.45564700	-0.69605070
3.29999992	3.45564700	-0.69605070
3.31999992	3.45564700	-0.69605070
3.33999992	3.45564700	-0.69605070
3.35999992	3.45564700	-0.69605070
3.37999991	3.49993800	-0.60900590
3.39999991	3.49993800	-0.60900590
3.41999991	3.49993800	-0.60900590
3.43999991	3.49993800	-0.60900590
3.45999991	3.49993800	-0.60900590
3.47999991	3.49993800	-0.52196110
3.49999991	3.49993800	-0.52196110
3.51999991	3.49993800	-0.52196110
3.53999991	3.45564700	-0.52196110
3.55999991	3.45564700	-0.52196110
3.57999991	3.49993800	-0.52196110
3.59999991	3.45564700	-0.43491630
3.61999991	3.49993800	-0.43491630
3.63999991	3.45564700	-0.43491630
3.65999991	3.49993800	-0.43491630
3.67999991	3.45564700	-0.43491630
3.69999991	3.49993800	-0.34787150
3.71999991	3.45564700	-0.34787150
3.73999991	3.45564700	-0.34787150
3.75999991	3.49993800	-0.34787150
3.77999990	3.45564700	-0.34787150
3.79999990	3.45564700	-0.26082680
3.81999990	3.45564700	-0.26082680
3.83999990	3.49993800	-0.26082680
3.85999990	3.49993800	-0.26082680
3.87999990	3.49993800	-0.26082680
3.89999990	3.45564700	-0.17378200
3.91999990	3.49993800	-0.17378200
3.93999990	3.45564700	-0.17378200
3.95999990	3.45564700	-0.17378200
3.97999990	3.49993800	-0.17378200
3.99999990	3.45564700	-0.08673721
4.01999990	3.45564700	-0.08673721
4.03999990	3.49993800	-0.08673721
4.05999990	3.45564700	-0.08673721
4.07999990	3.49993800	0.00000000
4.09999990	3.49993800	0.00000000
4.11999990	3.45564700	0.00000000
4.13999990	3.49993800	0.00000000
4.15999989	3.45564700	0.08673721
4.17999989	3.45564700	0.08673721
4.19999989	3.45564700	0.08673721
4.21999989	3.45564700	0.08673721
4.23999989	3.45564700	0.17378200
4.25999989	3.45564700	0.17378200
4.27999989	3.45564700	0.17378200
4.29999989	3.45564700	0.17378200
4.31999989	3.45564700	0.17378200
4.33999989	3.41135600	0.26082680
4.35999989	3.45564700	0.26082680
4.37999989	3.41135600	0.34787150
4.39999989	3.41135600	0.34787150
4.41999989	3.36706400	0.34787150
4.43999989	3.36706400	0.34787150
4.45999989	3.36706400	0.43491630
4.47999989	3.36706400	0.34787150
4.49999989	3.32277300	0.43491630
4.51999989	3.32277300	0.43491630
4.53999989	3.27848200	0.43491630
4.55999988	3.27848200	0.52196110
4.57999988	3.23419000	0.43491630
4.59999988	3.23419000	0.52196110
4.61999988	3.23419000	0.52196110
4.63999988	3.18989900	0.60900590
4.65999988	3.18989900	0.60900590
4.67999988	3.14560800	0.60900590
4.69999988	3.10131600	0.60900590
4.71999988	3.10131600	0.60900590
4.73999988	3.05687100	0.69605070
4.75999988	3.05687100	0.69605070
4.77999988	3.05687100	0.69605070
4.79999988	3.01258000	0.69605070
4.81999988	2.96828900	0.78309550
4.83999988	2.92399700	0.78309550
4.85999988	2.87970600	0.78309550
4.87999988	2.87970600	0.86983270
4.89999988	2.83541500	0.86983270
4.91999988	2.83541500	0.86983270
4.93999988	2.74683200	0.86983270
4.95999987	2.74683200	0.86983270
4.97999987	2.70254100	0.95687750
4.99999987	2.65824900	0.95687750
5.01999987	2.65824900	0.95687750
5.03999987	2.61395800	0.95687750
5.05999987	2.56951300	1.04392200
5.07999987	2.52522100	1.04392200
5.09999987	2.48093000	1.04392200
5.11999987	2.43663900	1.04392200
5.13999987	2.39234700	1.04392200
5.15999987	2.39234700	1.04392200
5.17999987	2.30376500	1.13096700
5.19999987	2.30376500	1.13096700
5.21999987	2.25947300	1.13096700
5.23999987	2.17089100	1.21801200
5.25999987	2.17089100	1.13096700
5.27999987	2.12659900	1.21801200
5.29999987	2.03786300	1.21801200
5.31999987	2.03786300	1.30505700
5.33999987	1.99357200	1.30505700
5.35999986	1.94928000	1.30505700
5.37999986	1.86069800	1.30505700
5.39999986	1.86069800	1.39210100
5.41999986	1.81640600	1.39210100
5.43999986	1.77211500	1.39210100
5.45999986	1.72782400	1.39210100
5.47999986	1.68353200	1.39210100
5.49999986	1.63924100	1.47914600
5.51999986	1.63924100	1.47914600
5.53999986	1.59495000	1.47914600
5.55999986	1.55065800	1.47914600
5.57999986	1.50621300	1.47914600
5.59999986	1.50621300	1.56619100
5.61999986	1.50621300	1.56619100
5.63999986	1.41763000	1.56619100
5.65999986	1.41763000	1.56619100
5.67999986	1.37333900	1.65323600
5.69999986	1.32904800	1.65323600
5.71999986	1.32904800	1.65323600
5.73999985	1.32904800	1.65323600
5.75999985	1.28475600	1.73997300
5.77999985	1.28475600	1.73997300
5.79999985	1.24046500	1.73997300
5.81999985	1.24046500	1.82701800
5.83999985	1.28475600	1.73997300
5.85999985	1.24046500	1.82701800
5.87999985	1.24046500	1.82701800
5.89999985	1.24046500	1.91406300
5.91999985	1.24046500	1.91406300
5.93999985	1.24046500	1.91406300
5.95999985	1.24046500	1.91406300
5.97999985	1.24046500	1.91406300
5.99999985	1.24046500	2.00110700
6.01999985	1.28475600	2.00110700
6.03999985	1.28475600	2.00110700
6.05999985	1.28475600	2.08815200
6.07999985	1.32904800	2.08815200
6.09999985	1.32904800	2.08815200
6.11999985	1.41763000	2.08815200
6.13999984	1.37333900	2.08815200
6.15999984	1.41763000	2.17519700
6.17999984	1.46192200	2.17519700
6.19999984	1.50621300	2.17519700
6.21999984	1.55065800	2.17519700
6.23999984	1.55065800	2.17519700
6.25999984	1.55065800	2.26224200
6.27999984	1.59495000	2.26224200
6.29999984	1.63924100	2.26224200
6.31999984	1.68353200	2.26224200
6.33999984	1.72782400	2.34928600
6.35999984	1.77211500	2.34928600
6.37999984	1.77211500	2.34928600
6.39999984	1.86069800	2.34928600
6.41999984	1.94928000	2.43633100
6.43999984	1.94928000	2.43633100
6.45999984	1.99357200	2.43633100
6.47999984	2.03786300	2.43633100
6.49999984	2.08230800	2.52337600
6.51999984	2.12659900	2.52337600
6.53999983	2.17089100	2.52337600
6.55999983	2.21518200	2.52337600
6.57999983	2.25947300	2.52337600
6.59999983	2.30376500	2.61011300
6.61999983	2.34805600	2.61011300
6.63999983	2.43663900	2.61011300
6.65999983	2.43663900	2.61011300
6.67999983	2.48093000	2.69715800
6.69999983	2.48093000	2.69715800
6.71999983	2.56951300	2.69715800
6.73999983	2.61395800	2.69715800
6.75999983	2.65824900	2.78420300
6.77999983	2.65824900	2.78420300
6.79999983	2.70254100	2.78420300
6.81999983	2.74683200	2.78420300
6.83999983	2.74683200	2.78420300
6.85999983	2.83541500	2.87124800
6.87999983	2.87970600	2.87124800
6.89999983	2.83541500	2.87124800
6.91999983	2.83541500	2.95829200
6.93999982	2.92399700	2.95829200
6.95999982	2.92399700	2.95829200
6.97999982	2.92399700	2.95829200
6.99999982	3.01258000	3.04533700
7.01999982	2.96828900	3.04533700
7.03999982	2.96828900	3.04533700
7.05999982	3.01258000	3.04533700
7.07999982	3.01258000	3.04533700
7.09999982	3.01258000	3.13238200
7.11999982	3.01258000	3.13238200
7.13999982	3.01258000	3.13238200
7.15999982	3.01258000	3.13238200
7.17999982	3.01258000	3.13238200
7.19999982	3.01258000	3.21942700
7.21999982	3.01258000	3.21942700
7.23999982	2.96828900	3.21942700
7.25999982	3.01258000	3.21942700
7.27999982	2.96828900	3.21942700
7.29999982	2.92399700	3.30647100
7.31999982	2.92399700	3.30647100
7.33999981	2.87970600	3.30647100
7.35999981	2.87970600	3.39351600
7.37999981	2.87970600	3.39351600
7.39999981	2.83541500	3.39351600
7.41999981	2.79112300	3.39351600
7.43999981	2.79112300	3.48025300
7.45999981	2.74683200	3.48025300
7.47999981	2.70254100	3.48025300
7.49999981	2.65824900	3.48025300
7.51999981	2.65824900	3.48025300
7.53999981	2.56951300	3.56729800
7.55999981	2.56951300	3.56729800
7.57999981	2.52522100	3.56729800
7.59999981	2.48093000	3.56729800
7.61999981	2.43663900	3.65434300
7.63999981	2.43663900	3.65434300
7.65999981	2.34805600	3.65434300
7.67999981	2.30376500	3.65434300
7.69999981	2.30376500	3.74138800
7.71999980	2.21518200	3.74138800
7.73999980	2.17089100	3.74138800
7.75999980	2.12659900	3.74138800
7.77999980	2.08230800	3.74138800
7.79999980	2.03786300	3.82843300
7.81999980	1.99357200	3.82843300
7.83999980	1.94928000	3.91547700
7.85999980	1.90498900	3.91547700
7.87999980	1.86069800	3.91547700
7.89999980	1.81640600	3.91547700
7.91999980	1.77211500	3.91547700
7.93999980	1.72782400	3.91547700
7.95999980	1.72782400	4.00252200
7.97999980	1.68353200	4.00252200
7.99999980	1.59495000	4.00252200
8.01999980	1.55065800	4.00252200
8.03999980	1.55065800	4.00252200
8.05999980	1.55065800	4.08956700
8.07999980	1.55065800	4.08956700
8.09999980	1.50621300	4.08956700
8.11999979	1.46192200	4.17661200
8.13999979	1.41763000	4.17661200
8.15999979	1.41763000	4.17661200
8.17999979	1.37333900	4.17661200
8.19999979	1.37333900	4.17661200
8.21999979	1.32904800	4.26365700
8.23999979	1.32904800	4.26365700
8.25999979	1.28475600	4.26365700
8.27999979	1.28475600	4.26365700
8.29999979	1.28475600	4.35039400
8.31999979	1.28475600	4.35039400
8.33999979	1.28475600	4.35039400
8.35999979	1.28475600	4.35039400
8.37999979	1.28475600	4.43743800
8.39999979	1.28475600	4.43743800
8.41999979	1.28475600	4.43743800
8.43999979	1.28475600	4.43743800
8.45999979	1.32904800	4.52448300
8.47999979	1.32904800	4.52448300
8.49999979	1.37333900	4.52448300
8.51999978	1.32904800	4.52448300
8.53999978	1.37333900	4.61152800
8.55999978	1.41763000	4.61152800
8.57999978	1.41763000	4.61152800
8.59999978	1.46192200	4.61152800
8.61999978	1.46192200	4.61152800
8.63999978	1.50621300	4.69857300
8.65999978	1.55065800	4.69857300
8.67999978	1.55065800	4.69857300
8.69999978	1.59495000	4.78561800
8.71999978	1.63924100	4.69857300
8.73999978	1.68353200	4.78561800
8.75999978	1.68353200	4.78561800
8.77999978	1.77211500	4.78561800
8.79999978	1.77211500	4.78561800
8.81999978	1.81640600	4.87266300
8.83999978	1.86069800	4.87266300
8.85999978	1.90498900	4.87266300
8.87999978	1.94928000	4.87266300
8.89999978	2.03786300	4.95970700
8.91999977	2.03786300	4.95970700
8.93999977	2.08230800	4.87266300
8.95999977	2.12659900	4.87266300
8.97999977	2.17089100	4.87266300
8.99999977	2.21518200	4.87266300
9.01999977	2.25947300	4.78561800
9.03999977	2.25947300	4.78561800
9.05999977	2.30376500	4.78561800
9.07999977	2.34805600	4.78561800
9.09999977	2.39234700	4.78561800
9.11999977	2.39234700	4.69857300
9.13999977	2.39234700	4.69857300
9.15999977	2.43663900	4.69857300
9.17999977	2.48093000	4.69857300
9.19999977	2.43663900	4.61152800
9.21999977	2.48093000	4.61152800
9.23999977	2.48093000	4.61152800
9.25999977	2.48093000	4.52448300
9.27999977	2.52522100	4.52448300
9.29999977	2.52522100	4.52448300
9.31999976	2.52522100	4.43743800
9.33999976	2.52522100	4.43743800
9.35999976	2.52522100	4.43743800
9.37999976	2.52522100	4.43743800
9.39999976	2.52522100	4.43743800
9.41999976	2.52522100	4.43743800
9.43999976	2.48093000	4.35039400
9.45999976	2.52522100	4.35039400
9.47999976	2.48093000	4.35039400
9.49999976	2.48093000	4.35039400
9.51999976	2.48093000	4.26365700
9.53999976	2.48093000	4.26365700
9.55999976	2.39234700	4.26365700
9.57999976	2.43663900	4.17661200
9.59999976	2.39234700	4.17661200
9.61999976	2.39234700	4.17661200
9.63999976	2.39234700	4.17661200
9.65999976	2.34805600	4.17661200
9.67999976	2.30376500	4.08956700
9.69999975	2.25947300	4.08956700
9.71999975	2.25947300	4.08956700
9.73999975	2.25947300	4.08956700
9.75999975	2.17089100	4.08956700
9.77999975	2.17089100	4.00252200
9.79999975	2.12659900	4.00252200
9.81999975	2.12659900	4.00252200
9.83999975	2.12659900	3.91547700
9.85999975	2.08230800	3.91547700
9.87999975	2.03786300	3.91547700
9.89999975	1.99357200	3.91547700
9.91999975	1.99357200	3.91547700
9.93999975	1.94928000	3.82843300
9.95999975	1.90498900	3.82843300
9.97999975	1.86069800	3.82843300
9.99999975	1.86069800	3.82843300
10.01999975	1.81640600	3.74138800
10.03999975	1.77211500	3.74138800
10.05999975	1.72782400	3.74138800
10.07999975	1.68353200	3.74138800
10.09999974	1.68353200	3.74138800
10.11999974	1.63924100	3.65434300
10.13999974	1.59495000	3.65434300
10.15999974	1.59495000	3.65434300
10.17999974	1.55065800	3.56729800
10.19999974	1.55065800	3.56729800
10.21999974	1.46192200	3.56729800
10.23999974	1.46192200	3.56729800
10.25999974	1.46192200	3.48025300
10.27999974	1.46192200	3.48025300
10.29999974	1.41763000	3.48025300
10.31999974	1.32904800	3.48025300
10.33999974	1.32904800	3.48025300
10.35999974	1.32904800	3.39351600
10.37999974	1.28475600	3.39351600
10.39999974	1.28475600	3.39351600
10.41999974	1.24046500	3.39351600
10.43999974	1.24046500	3.39351600
10.45999974	1.19617400	3.30647100
10.47999974	1.19617400	3.30647100
10.49999973	1.19617400	3.30647100
10.51999973	1.15188200	3.21942700
10.53999973	1.15188200	3.21942700
10.55999973	1.15188200	3.21942700
10.57999973	1.15188200	3.21942700
10.59999973	1.10759100	3.21942700
10.61999973	1.15188200	3.13238200
10.63999973	1.10759100	3.13238200
10.65999973	1.10759100	3.13238200
10.67999973	1.15188200	3.13238200
10.69999973	1.10759100	3.04533700
10.71999973	1.15188200	3.04533700
10.73999973	1.10759100	3.04533700
10.75999973	1.15188200	3.04533700
10.77999973	1.10759100	2.95829200
10.79999973	1.15188200	2.95829200
10.81999973	1.15188200	2.95829200
10.83999973	1.15188200	2.95829200
10.85999973	1.15188200	2.87124800
10.87999973	1.15188200	2.87124800
10.89999972	1.19617400	2.87124800
10.91999972	1.15188200	2.87124800
10.93999972	1.24046500	2.78420300
10.95999972	1.24046500	2.87124800
10.97999972	1.28475600	2.78420300
10.99999972	1.28475600	2.78420300
11.01999972	1.32904800	2.78420300
11.03999972	1.32904800	2.69715800
11.05999972	1.37333900	2.69715800
11.07999972	1.37333900	2.69715800
11.09999972	1.41763000	2.69715800
11.11999972	1.41763000	2.61011300
11.13999972	1.50621300	2.61011300
11.15999972	1.50621300	2.61011300
11.17999972	1.55065800	2.61011300
11.19999972	1.59495000	2.52337600
11.21999972	1.63924100	2.52337600
11.23999972	1.68353200	2.52337600
11.25999972	1.72782400	2.52337600
11.27999972	1.77211500	2.52337600
11.29999971	1.77211500	2.43633100
11.31999971	1.81640600	2.43633100
11.33999971	1.90498900	2.43633100
11.35999971	1.90498900	2.43633100
11.37999971	1.94928000	2.34928600
11.39999971	1.99357200	2.34928600
11.41999971	2.03786300	2.34928600
11.43999971	2.08230800	2.26224200
11.45999971	2.12659900	2.26224200
11.47999971	2.21518200	2.26224200
11.49999971	2.21518200	2.26224200
11.51999971	2.25947300	2.26224200
11.53999971	2.34805600	2.17519700
11.55999971	2.39234700	2.17519700
11.57999971	2.43663900	2.17519700
11.59999971	2.43663900	2.17519700
11.61999971	2.48093000	2.08815200
11.63999971	2.56951300	2.08815200
11.65999971	2.61395800	2.08815200
11.67999970	2.61395800	2.08815200
11.69999970	2.65824900	2.00110700
11.71999970	2.70254100	2.00110700
11.73999970	2.70254100	2.00110700
11.75999970	2.74683200	2.00110700
11.77999970	2.79112300	2.00110700
11.79999970	2.79112300	1.91406300
11.81999970	2.83541500	1.91406300
11.83999970	2.87970600	1.91406300
11.85999970	2.87970600	1.91406300
11.87999970	2.92399700	1.82701800
11.89999970	2.92399700	1.82701800
11.91999970	2.96828900	1.82701800
11.93999970	2.96828900	1.82701800
11.95999970	2.96828900	1.73997300
11.97999970	3.01258000	1.82701800
11.99999970	3.01258000	1.73997300
12.01999970	3.05687100	1.73997300
12.03999970	3.05687100	1.65323600
12.05999970	3.05687100	1.65323600
12.07999969	3.01258000	1.65323600
12.09999969	3.05687100	1.65323600
12.11999969	3.05687100	1.56619100
12.13999969	3.05687100	1.56619100
12.15999969	3.05687100	1.56619100
12.17999969	3.05687100	1.56619100
12.19999969	3.05687100	1.47914600
12.21999969	3.01258000	1.47914600
12.23999969	3.01258000	1.47914600
12.25999969	3.01258000	1.47914600
12.27999969	2.96828900	1.39210100
12.29999969	2.96828900	1.47914600
12.31999969	2.92399700	1.39210100
12.33999969	2.92399700	1.30505700
12.35999969	2.87970600	1.30505700
12.37999969	2.83541500	1.30505700
12.39999969	2.87970600	1.30505700
12.41999969	2.83541500	1.30505700
12.43999969	2.79112300	1.30505700
12.45999969	2.74683200	1.30505700
12.47999968	2.70254100	1.21801200
12.49999968	2.65824900	1.21801200
12.51999968	2.65824900	1.21801200
12.53999968	2.56951300	1.13096700
12.55999968	2.56951300	1.13096700
12.57999968	2.48093000	1.13096700
12.59999968	2.48093000	1.13096700
12.61999968	2.43663900	1.13096700
12.63999968	2.39234700	1.13096700
12.65999968	2.34805600	1.04392200
12.67999968	2.30376500	1.04392200
12.69999968	2.25947300	1.04392200
12.71999968	2.17089100	0.95687750
12.73999968	2.12659900	0.95687750
12.75999968	2.12659900	0.95687750
12.77999968	2.08230800	0.95687750
12.79999968	1.99357200	0.86983270
12.81999968	1.94928000	0.86983270
12.83999968	1.94928000	0.86983270
12.85999968	1.86069800	0.86983270
12.87999967	1.86069800	0.78309550
12.89999967	1.81640600	0.78309550
12.91999967	1.72782400	0.78309550
12.93999967	1.68353200	0.69605070
12.95999967	1.68353200	0.78309550
12.97999967	1.59495000	0.69605070
12.99999967	1.59495000	0.69605070
13.01999967	1.55065800	0.69605070
13.03999967	1.55065800	0.60900590
13.05999967	1.50621300	0.60900590
13.07999967	1.46192200	0.60900590
13.09999967	1.46192200	0.60900590
13.11999967	1.41763000	0.60900590
13.13999967	1.41763000	0.52196110
13.15999967	1.41763000	0.52196110
13.17999967	1.37333900	0.52196110
13.19999967	1.37333900	0.52196110
13.21999967	1.37333900	0.43491630
13.23999967	1.32904800	0.43491630
13.25999967	1.37333900	0.43491630
13.27999966	1.37333900	0.34787150
13.29999966	1.32904800	0.34787150
13.31999966	1.37333900	0.34787150
13.33999966	1.32904800	0.34787150
13.35999966	1.37333900	0.34787150
13.37999966	1.37333900	0.26082680
13.39999966	1.37333900	0.26082680
13.41999966	1.41763000	0.26082680
13.43999966	1.41763000	0.26082680
13.45999966	1.41763000	0.26082680
13.47999966	1.46192200	0.17378200
13.49999966	1.46192200	0.17378200
13.51999966	1.50621300	0.17378200
13.53999966	1.55065800	0.17378200
13.55999966	1.59495000	0.08673721
13.57999966	1.63924100	0.08673721
13.59999966	1.63924100	0.08673721
13.61999966	1.68353200	0.08673721
13.63999966	1.72782400	0.00000000
13.65999965	1.77211500	0.00000000
13.67999965	1.81640600	0.00000000
13.69999965	1.86069800	0.00000000
13.71999965	1.90498900	0.00000000
13.73999965	1.94928000	-0.08673721
13.75999965	1.99357200	-0.08673721
13.77999965	2.03786300	-0.08673721
13.79999965	2.08230800	-0.08673721
13.81999965	2.12659900	-0.17378200
13.83999965	2.12659900	-0.17378200
13.85999965	2.21518200	-0.17378200
13.87999965	2.25947300	-0.17378200
13.89999965	2.30376500	-0.26082680
13.91999965	2.34805600	-0.26082680
13.93999965	2.34805600	-0.26082680
13.95999965	2.39234700	-0.26082680
13.97999965	2.43663900	-0.26082680
13.99999965	2.43663900	-0.34787150
14.01999965	2.52522100	-0.34787150
14.03999965	2.56951300	-0.34787150
14.05999964	2.56951300	-0.43491630
14.07999964	2.61395800	-0.34787150
14.09999964	2.61395800	-0.34787150
14.11999964	2.65824900	-0.43491630
14.13999964	2.70254100	-0.43491630
14.15999964	2.70254100	-0.43491630
14.17999964	2.74683200	-0.43491630
14.19999964	2.79112300	-0.52196110
14.21999964	2.79112300	-0.52196110
14.23999964	2.79112300	-0.52196110
14.25999964	2.83541500	-0.52196110
14.27999964	2.87970600	-0.60900590
14.29999964	2.87970600	-0.60900590
14.31999964	2.92399700	-0.60900590
14.33999964	2.92399700	-0.60900590
14.35999964	2.92399700	-0.60900590
14.37999964	2.96828900	-0.60900590
14.39999964	2.96828900	-0.60900590
14.41999964	3.01258000	-0.69605070
14.43999964	3.01258000	-0.69605070
14.45999963	3.01258000	-0.69605070
14.47999963	3.05687100	-0.69605070
14.49999963	3.05687100	-0.78309550
14.51999963	3.05687100	-0.78309550
14.53999963	3.10131600	-0.78309550
14.55999963	3.14560800	-0.78309550
14.57999963	3.14560800	-0.78309550
14.59999963	3.14560800	-0.78309550
14.61999963	3.14560800	-0.86983270
14.63999963	3.14560800	-0.86983270
14.65999963	3.14560800	-0.86983270
14.67999963	3.18989900	-0.86983270
14.69999963	3.18989900	-0.86983270
14.71999963	3.18989900	-0.95687750
14.73999963	3.23419000	-0.95687750
14.75999963	3.23419000	-0.95687750
14.77999963	3.23419000	-0.95687750
14.79999963	3.18989900	-1.04392200
14.81999963	3.23419000	-1.04392200
14.83999963	3.27848200	-1.04392200
14.85999962	3.23419000	-1.04392200
14.87999962	3.27848200	-1.13096700
14.89999962	3.27848200	-1.13096700
14.91999962	3.23419000	-1.13096700
14.93999962	3.27848200	-1.13096700
14.95999962	3.27848200	-1.13096700
14.97999962	3.27848200	-1.13096700
14.99999962	3.27848200	-1.21801200
15.01999962	3.27848200	-1.21801200
15.03999962	3.27848200	-1.21801200
15.05999962	3.32277300	-1.21801200
15.07999962	3.32277300	-1.21801200
15.09999962	3.32277300	-1.30505700
15.11999962	3.32277300	-1.30505700
15.13999962	3.32277300	-1.30505700
15.15999962	3.36706400	-1.30505700
15.17999962	3.36706400	-1.30505700
15.19999962	3.36706400	-1.39210100
15.21999962	3.32277300	-1.39210100
15.23999962	3.36706400	-1.39210100
15.25999961	3.36706400	-1.39210100
15.27999961	3.36706400	-1.39210100
15.29999961	3.36706400	-1.47914600
15.31999961	3.36706400	-1.47914600
15.33999961	3.36706400	-1.47914600
15.35999961	3.36706400	-1.47914600
15.37999961	3.36706400	-1.56619100
15.39999961	3.36706400	-1.56619100
15.41999961	3.41135600	-1.56619100
15.43999961	3.36706400	-1.56619100
15.45999961	3.41135600	-1.56619100
15.47999961	3.41135600	-1.56619100
15.49999961	3.41135600	-1.65323600
15.51999961	3.41135600	-1.65323600
15.53999961	3.41135600	-1.65323600
15.55999961	3.41135600	-1.65323600
15.57999961	3.45564700	-1.65323600
15.59999961	3.41135600	-1.65323600
15.61999961	3.41135600	-1.73997300
15.63999960	3.41135600	-1.73997300
15.65999960	3.41135600	-1.73997300
15.67999960	3.41135600	-1.73997300
15.69999960	3.41135600	-1.73997300
15.71999960	3.45564700	-1.82701800
15.73999960	3.45564700	-1.82701800
15.75999960	3.41135600	-1.82701800
15.77999960	3.45564700	-1.82701800
15.79999960	3.41135600	-1.91406300
15.81999960	3.41135600	-1.91406300
15.83999960	3.45564700	-1.91406300
15.85999960	3.45564700	-1.91406300
15.87999960	3.45564700	-2.00110700
15.89999960	3.45564700	-1.91406300
15.91999960	3.41135600	-2.00110700
15.93999960	3.45564700	-2.00110700
15.95999960	3.45564700	-2.00110700
15.97999960	3.45564700	-2.00110700
15.99999960	3.45564700	-2.08815200
16.01999960	3.45564700	-2.08815200
16.03999959	3.45564700	-2.08815200
16.05999959	3.45564700	-2.08815200
16.07999959	3.45564700	-2.17519700
16.09999959	3.45564700	-2.08815200
16.11999959	3.45564700	-2.17519700
16.13999959	3.45564700	-2.17519700
16.15999959	3.45564700	-2.17519700
16.17999959	3.45564700	-2.17519700
16.19999959	3.45564700	-2.26224200
16.21999959	3.45564700	-2.26224200
16.23999959	3.41135600	-2.26224200
16.25999959	3.49993800	-2.26224200
16.27999959	3.45564700	-2.26224200
16.29999959	3.45564700	-2.26224200
16.31999959	3.45564700	-2.34928600
16.33999959	3.45564700	-2.34928600
16.35999959	3.45564700	-2.34928600
16.37999959	3.49993800	-2.34928600
16.39999959	3.45564700	-2.43633100
16.41999959	3.45564700	-2.43633100
16.43999958	3.45564700	-2.43633100
16.45999958	3.45564700	-2.43633100
16.47999958	3.45564700	-2.52337600
16.49999958	3.45564700	-2.52337600
16.51999958	3.45564700	-2.52337600
16.53999958	3.49993800	-2.52337600
16.55999958	3.45564700	-2.52337600
16.57999958	3.45564700	-2.52337600
16.59999958	3.45564700	-2.61011300
16.61999958	3.49993800	-2.61011300
16.63999958	3.45564700	-2.61011300
16.65999958	3.49993800	-2.61011300
16.67999958	3.45564700	-2.61011300
16.69999958	3.45564700	-2.69715800
16.71999958	3.45564700	-2.69715800
16.73999958	3.49993800	-2.69715800
16.75999958	3.45564700	-2.69715800
16.77999958	3.49993800	-2.69715800
16.79999958	3.45564700	-2.78420300
16.81999958	3.45564700	-2.78420300
16.83999957	3.45564700	-2.78420300
16.85999957	3.45564700	-2.78420300
16.87999957	3.45564700	-2.78420300
16.89999957	3.45564700	-2.78420300
16.91999957	3.45564700	-2.87124800
16.93999957	3.49993800	-2.87124800
16.95999957	3.49993800	-2.87124800
16.97999957	3.45564700	-2.87124800
16.99999957	3.45564700	-2.95829200
17.01999957	3.49993800	-2.95829200
17.03999957	3.49993800	-2.95829200
17.05999957	3.49993800	-2.95829200
17.07999957	3.49993800	-2.95829200
17.09999957	3.49993800	-2.95829200
17.11999957	3.45564700	-2.95829200
17.13999957	3.45564700	-3.04533700
17.15999957	3.49993800	-3.04533700
17.17999957	3.45564700	-3.04533700
17.19999957	3.49993800	-3.04533700
17.21999956	3.49993800	-3.13238200
17.23999956	3.49993800	-3.13238200
17.25999956	3.49993800	-3.13238200
17.27999956	3.49993800	-3.13238200
17.29999956	3.49993800	-3.13238200
17.31999956	3.45564700	-3.21942700
17.33999956	3.49993800	-3.21942700
17.35999956	3.49993800	-3.21942700
17.37999956	3.49993800	-3.21942700
17.39999956	3.49993800	-3.21942700
17.41999956	3.54423000	-3.30647100
17.43999956	3.49993800	-3.30647100
17.45999956	3.49993800	-3.30647100
17.47999956	3.49993800	-3.30647100
17.49999956	3.45564700	-3.30647100
17.51999956	3.49993800	-3.39351600
17.53999956	3.49993800	-3.39351600
17.55999956	3.49993800	-3.39351600
17.57999956	3.49993800	-3.39351600
17.59999956	3.49993800	-3.39351600
17.61999955	3.49993800	-3.39351600
17.63999955	3.54423000	-3.48025300
17.65999955	3.49993800	-3.48025300
17.67999955	3.49993800	-3.48025300
17.69999955	3.49993800	-3.48025300
17.71999955	3.49993800	-3.56729800
17.73999955	3.45564700	-3.56729800
17.75999955	3.49993800	-3.56729800
17.77999955	3.49993800	-3.56729800
17.79999955	3.49993800	-3.56729800
17.81999955	3.49993800	-3.56729800
17.83999955	3.49993800	-3.65434300
17.85999955	3.49993800	-3.65434300
17.87999955	3.49993800	-3.65434300
17.89999955	3.49993800	-3.65434300
17.91999955	3.49993800	-3.65434300
17.93999955	3.49993800	-3.74138800
17.95999955	3.54423000	-3.74138800
17.97999955	3.49993800	-3.74138800
17.99999955	3.49993800	-3.74138800
18.01999954	3.49993800	-3.74138800
18.03999954	3.49993800	-3.82843300
18.05999954	3.45564700	-3.82843300
18.07999954	3.49993800	-3.82843300
18.09999954	3.49993800	-3.82843300
18.11999954	3.49993800	-3.82843300
18.13999954	3.49993800	-3.82843300
18.15999954	3.49993800	-3.91547700
18.17999954	3.49993800	-3.91547700
18.19999954	3.49993800	-3.91547700
18.21999954	3.49993800	-4.00252200
18.23999954	3.49993800	-4.00252200
18.25999954	3.49993800	-4.00252200
18.27999954	3.45564700	-4.00252200
18.29999954	3.45564700	-4.00252200
18.31999954	3.45564700	-4.00252200
18.33999954	3.45564700	-4.08956700
18.35999954	3.49993800	-4.08956700
18.37999954	3.49993800	-4.08956700
18.39999954	3.49993800	-4.08956700
18.41999953	3.49993800	-4.08956700
18.43999953	3.49993800	-4.17661200
18.45999953	3.49993800	-4.17661200
18.47999953	3.49993800	-4.17661200
18.49999953	3.45564700	-4.17661200
18.51999953	3.45564700	-4.17661200
18.53999953	3.49993800	-4.08956700
18.55999953	3.49993800	-4.08956700
18.57999953	3.49993800	-4.08956700
18.59999953	3.49993800	-4.08956700
18.61999953	3.49993800	-4.08956700
18.63999953	3.49993800	-4.08956700
18.65999953	3.49993800	-4.00252200
18.67999953	3.49993800	-4.00252200
18.69999953	3.49993800	-4.00252200
18.71999953	3.49993800	-4.00252200
18.73999953	3.49993800	-3.91547700
18.75999953	3.49993800	-3.91547700
18.77999953	3.49993800	-3.91547700
18.79999953	3.49993800	-3.91547700
18.81999952	3.49993800	-3.91547700
18.83999952	3.49993800	-3.91547700
18.85999952	3.49993800	-3.82843300
18.87999952	3.49993800	-3.82843300
18.89999952	3.49993800	-3.82843300
18.91999952	3.49993800	-3.82843300
18.93999952	3.49993800	-3.82843300
18.95999952	3.49993800	-3.74138800
18.97999952	3.49993800	-3.74138800
18.99999952	3.45564700	-3.74138800
19.01999952	3.49993800	-3.74138800
19.03999952	3.45564700	-3.74138800
19.05999952	3.49993800	-3.65434300
19.07999952	3.49993800	-3.65434300
19.09999952	3.49993800	-3.65434300
19.11999952	3.49993800	-3.65434300
19.13999952	3.49993800	-3.56729800
19.15999952	3.49993800	-3.65434300
19.17999952	3.54423000	-3.56729800
19.19999951	3.45564700	-3.56729800
19.21999951	3.49993800	-3.56729800
19.23999951	3.49993800	-3.56729800
19.25999951	3.49993800	-3.48025300
19.27999951	3.45564700	-3.48025300
19.29999951	3.49993800	-3.48025300
19.31999951	3.49993800	-3.48025300
19.33999951	3.45564700	-3.39351600
19.35999951	3.49993800	-3.39351600
19.37999951	3.45564700	-3.39351600
19.39999951	3.49993800	-3.39351600
19.41999951	3.49993800	-3.39351600
19.43999951	3.49993800	-3.39351600
19.45999951	3.49993800	-3.39351600
19.47999951	3.49993800	-3.30647100
19.49999951	3.49993800	-3.30647100
19.51999951	3.49993800	-3.30647100
19.53999951	3.45564700	-3.30647100
19.55999951	3.49993800	-3.21942700
19.57999951	3.49993800	-3.21942700
19.59999950	3.49993800	-3.21942700
19.61999950	3.49993800	-3.21942700
19.63999950	3.49993800	-3.21942700
19.65999950	3.49993800	-3.13238200
19.67999950	3.49993800	-3.13238200
19.69999950	3.49993800	-3.13238200
19.71999950	3.49993800	-3.13238200
19.73999950	3.49993800	-3.04533700
19.75999950	3.49993800	-3.04533700
19.77999950	3.54423000	-3.04533700
19.79999950	3.49993800	-3.04533700
19.81999950	3.54423000	-3.04533700
19.83999950	3.49993800	-3.04533700
19.85999950	3.45564700	-2.95829200
19.87999950	3.54423000	-2.95829200
19.89999950	3.45564700	-2.95829200
19.91999950	3.45564700	-2.95829200
19.93999950	3.49993800	-2.87124800
19.95999950	3.49993800	-2.87124800
19.97999950	3.49993800	-2.87124800
19.99999949	3.49993800	-2.87124800
20.01999949	3.49993800	-2.87124800
20.03999949	3.49993800	-2.87124800
20.05999949	3.49993800	-2.78420300
