Time	Channel A	Channel B
(ms)	(V)	(V)

0.00000000	1.77211500	4.69857300
0.02000000	1.81640600	4.69857300
0.04000000	1.86069800	4.78561800
0.06000000	1.90498900	4.78561800
0.08000000	1.90498900	4.78561800
0.10000000	1.99357200	4.78561800
0.12000000	2.03786300	4.78561800
0.14000000	2.08230800	4.78561800
0.16000000	2.12659900	4.87266300
0.18000000	2.17089100	4.87266300
0.19999999	2.21518200	4.87266300
0.21999999	2.25947300	4.95970700
0.23999999	2.30376500	4.95970700
0.25999999	2.30376500	4.95970700
0.27999999	2.39234700	4.87266300
0.29999999	2.43663900	4.87266300
0.31999999	2.48093000	4.87266300
0.33999999	2.48093000	4.87266300
0.35999999	2.52522100	4.78561800
0.37999999	2.56951300	4.78561800
0.39999999	2.61395800	4.78561800
0.41999999	2.61395800	4.78561800
0.43999999	2.65824900	4.78561800
0.45999999	2.70254100	4.69857300
0.47999999	2.74683200	4.69857300
0.49999999	2.74683200	4.69857300
0.51999999	2.74683200	4.69857300
0.53999999	2.79112300	4.61152800
0.55999999	2.79112300	4.61152800
0.57999999	2.79112300	4.52448300
0.59999998	2.83541500	4.52448300
0.61999998	2.83541500	4.52448300
0.63999998	2.83541500	4.52448300
0.65999998	2.83541500	4.52448300
0.67999998	2.83541500	4.52448300
0.69999998	2.87970600	4.43743800
0.71999998	2.83541500	4.43743800
0.73999998	2.87970600	4.43743800
0.75999998	2.83541500	4.43743800
0.77999998	2.87970600	4.35039400
0.79999998	2.87970600	4.35039400
0.81999998	2.87970600	4.35039400
0.83999998	2.83541500	4.26365700
0.85999998	2.87970600	4.26365700
0.87999998	2.83541500	4.26365700
0.89999998	2.83541500	4.26365700
0.91999998	2.83541500	4.26365700
0.93999998	2.83541500	4.26365700
0.95999998	2.83541500	4.17661200
0.97999998	2.79112300	4.17661200
0.99999997	2.74683200	4.17661200
1.01999997	2.74683200	4.17661200
1.03999997	2.74683200	4.08956700
1.05999997	2.70254100	4.08956700
1.07999997	2.65824900	4.08956700
1.09999997	2.65824900	4.08956700
1.11999997	2.61395800	4.00252200
1.13999997	2.61395800	4.00252200
1.15999997	2.56951300	4.00252200
1.17999997	2.52522100	4.00252200
1.19999997	2.52522100	4.00252200
1.21999997	2.48093000	3.91547700
1.23999997	2.43663900	3.91547700
1.25999997	2.43663900	3.91547700
1.27999997	2.34805600	3.91547700
1.29999997	2.34805600	3.82843300
1.31999997	2.30376500	3.82843300
1.33999997	2.25947300	3.82843300
1.35999997	2.25947300	3.74138800
1.37999997	2.21518200	3.74138800
1.39999996	2.17089100	3.74138800
1.41999996	2.12659900	3.74138800
1.43999996	2.08230800	3.74138800
1.45999996	2.08230800	3.65434300
1.47999996	2.03786300	3.65434300
1.49999996	1.94928000	3.65434300
1.51999996	1.94928000	3.56729800
1.53999996	1.90498900	3.65434300
1.55999996	1.86069800	3.56729800
1.57999996	1.81640600	3.56729800
1.59999996	1.77211500	3.56729800
1.61999996	1.72782400	3.48025300
1.63999996	1.68353200	3.48025300
1.65999996	1.68353200	3.48025300
1.67999996	1.68353200	3.48025300
1.69999996	1.63924100	3.39351600
1.71999996	1.59495000	3.39351600
1.73999996	1.55065800	3.39351600
1.75999996	1.55065800	3.39351600
1.77999996	1.46192200	3.39351600
1.79999995	1.46192200	3.30647100
1.81999995	1.41763000	3.30647100
1.83999995	1.41763000	3.30647100
1.85999995	1.37333900	3.30647100
1.87999995	1.32904800	3.21942700
1.89999995	1.32904800	3.21942700
1.91999995	1.28475600	3.21942700
1.93999995	1.28475600	3.21942700
1.95999995	1.28475600	3.13238200
1.97999995	1.24046500	3.13238200
1.99999995	1.19617400	3.13238200
2.01999995	1.19617400	3.13238200
2.03999995	1.19617400	3.13238200
2.05999995	1.15188200	3.04533700
2.07999995	1.19617400	3.04533700
2.09999995	1.15188200	3.04533700
2.11999995	1.15188200	3.04533700
2.13999995	1.15188200	2.95829200
2.15999995	1.15188200	2.95829200
2.17999994	1.15188200	2.95829200
2.19999994	1.15188200	2.87124800
2.21999994	1.10759100	2.87124800
2.23999994	1.10759100	2.87124800
2.25999994	1.10759100	2.87124800
2.27999994	1.10759100	2.87124800
2.29999994	1.10759100	2.87124800
2.31999994	1.15188200	2.78420300
2.33999994	1.10759100	2.78420300
2.35999994	1.15188200	2.78420300
2.37999994	1.15188200	2.69715800
2.39999994	1.15188200	2.69715800
2.41999994	1.19617400	2.69715800
2.43999994	1.19617400	2.69715800
2.45999994	1.24046500	2.61011300
2.47999994	1.19617400	2.61011300
2.49999994	1.24046500	2.61011300
2.51999994	1.28475600	2.61011300
2.53999994	1.28475600	2.61011300
2.55999994	1.32904800	2.52337600
2.57999993	1.37333900	2.52337600
2.59999993	1.37333900	2.52337600
2.61999993	1.41763000	2.52337600
2.63999993	1.46192200	2.43633100
2.65999993	1.46192200	2.43633100
2.67999993	1.55065800	2.43633100
2.69999993	1.55065800	2.43633100
2.71999993	1.59495000	2.34928600
2.73999993	1.59495000	2.34928600
2.75999993	1.63924100	2.34928600
2.77999993	1.68353200	2.34928600
2.79999993	1.77211500	2.26224200
2.81999993	1.77211500	2.26224200
2.83999993	1.86069800	2.26224200
2.85999993	1.86069800	2.26224200
2.87999993	1.90498900	2.17519700
2.89999993	1.94928000	2.17519700
2.91999993	2.03786300	2.17519700
2.93999993	2.08230800	2.17519700
2.95999993	2.08230800	2.08815200
2.97999992	2.12659900	2.08815200
2.99999992	2.17089100	2.08815200
3.01999992	2.21518200	2.08815200
3.03999992	2.21518200	2.08815200
3.05999992	2.30376500	2.00110700
3.07999992	2.39234700	2.00110700
3.09999992	2.39234700	2.00110700
3.11999992	2.43663900	2.00110700
3.13999992	2.48093000	1.91406300
3.15999992	2.52522100	1.91406300
3.17999992	2.56951300	1.91406300
3.19999992	2.56951300	1.91406300
3.21999992	2.61395800	1.82701800
3.23999992	2.65824900	1.82701800
3.25999992	2.70254100	1.82701800
3.27999992	2.70254100	1.82701800
3.29999992	2.79112300	1.82701800
3.31999992	2.79112300	1.73997300
3.33999992	2.83541500	1.73997300
3.35999992	2.83541500	1.73997300
3.37999991	2.87970600	1.65323600
3.39999991	2.87970600	1.65323600
3.41999991	2.92399700	1.65323600
3.43999991	2.92399700	1.65323600
3.45999991	2.96828900	1.65323600
3.47999991	2.96828900	1.56619100
3.49999991	2.96828900	1.56619100
3.51999991	3.01258000	1.56619100
3.53999991	3.01258000	1.56619100
3.55999991	3.01258000	1.47914600
3.57999991	3.01258000	1.47914600
3.59999991	3.05687100	1.47914600
3.61999991	3.01258000	1.47914600
3.63999991	3.01258000	1.39210100
3.65999991	2.96828900	1.39210100
3.67999991	3.01258000	1.39210100
3.69999991	2.96828900	1.39210100
3.71999991	2.96828900	1.30505700
3.73999991	2.96828900	1.30505700
3.75999991	2.96828900	1.30505700
3.77999990	2.96828900	1.30505700
3.79999990	2.92399700	1.30505700
3.81999990	2.87970600	1.21801200
3.83999990	2.83541500	1.21801200
3.85999990	2.83541500	1.21801200
3.87999990	2.79112300	1.13096700
3.89999990	2.79112300	1.13096700
3.91999990	2.74683200	1.13096700
3.93999990	2.70254100	1.13096700
3.95999990	2.65824900	1.13096700
3.97999990	2.61395800	1.04392200
3.99999990	2.56951300	1.04392200
4.01999990	2.56951300	1.04392200
4.03999990	2.52522100	1.04392200
4.05999990	2.43663900	1.04392200
4.07999990	2.39234700	0.95687750
4.09999990	2.39234700	0.95687750
4.11999990	2.34805600	0.95687750
4.13999990	2.30376500	0.86983270
4.15999989	2.25947300	0.86983270
4.17999989	2.21518200	0.86983270
4.19999989	2.17089100	0.86983270
4.21999989	2.12659900	0.86983270
4.23999989	2.08230800	0.78309550
4.25999989	2.03786300	0.78309550
4.27999989	1.99357200	0.78309550
4.29999989	1.90498900	0.78309550
4.31999989	1.90498900	0.69605070
4.33999989	1.86069800	0.69605070
4.35999989	1.81640600	0.69605070
4.37999989	1.77211500	0.60900590
4.39999989	1.72782400	0.60900590
4.41999989	1.68353200	0.60900590
4.43999989	1.63924100	0.60900590
4.45999989	1.59495000	0.60900590
4.47999989	1.59495000	0.52196110
4.49999989	1.55065800	0.60900590
4.51999989	1.50621300	0.52196110
4.53999989	1.50621300	0.52196110
4.55999988	1.46192200	0.43491630
4.57999988	1.41763000	0.43491630
4.59999988	1.41763000	0.43491630
4.61999988	1.37333900	0.43491630
4.63999988	1.37333900	0.34787150
4.65999988	1.37333900	0.34787150
4.67999988	1.32904800	0.34787150
4.69999988	1.32904800	0.34787150
4.71999988	1.32904800	0.26082680
4.73999988	1.32904800	0.26082680
4.75999988	1.32904800	0.26082680
4.77999988	1.28475600	0.26082680
4.79999988	1.28475600	0.26082680
4.81999988	1.28475600	0.17378200
4.83999988	1.28475600	0.17378200
4.85999988	1.28475600	0.17378200
4.87999988	1.32904800	0.17378200
4.89999988	1.32904800	0.17378200
4.91999988	1.37333900	0.08673721
4.93999988	1.37333900	0.08673721
4.95999987	1.41763000	0.08673721
4.97999987	1.37333900	0.00000000
4.99999987	1.41763000	0.00000000
5.01999987	1.46192200	0.00000000
5.03999987	1.46192200	0.00000000
5.05999987	1.50621300	-0.08673721
5.07999987	1.50621300	-0.08673721
5.09999987	1.59495000	-0.08673721
5.11999987	1.63924100	-0.08673721
5.13999987	1.63924100	-0.08673721
5.15999987	1.68353200	-0.17378200
5.17999987	1.72782400	-0.17378200
5.19999987	1.77211500	-0.17378200
5.21999987	1.81640600	-0.17378200
5.23999987	1.86069800	-0.17378200
5.25999987	1.86069800	-0.26082680
5.27999987	1.90498900	-0.26082680
5.29999987	1.94928000	-0.26082680
5.31999987	1.99357200	-0.26082680
5.33999987	2.03786300	-0.26082680
5.35999986	2.03786300	-0.26082680
5.37999986	2.08230800	-0.34787150
5.39999986	2.08230800	-0.34787150
5.41999986	2.12659900	-0.43491630
5.43999986	2.12659900	-0.43491630
5.45999986	2.17089100	-0.43491630
5.47999986	2.21518200	-0.43491630
5.49999986	2.25947300	-0.43491630
5.51999986	2.25947300	-0.43491630
5.53999986	2.30376500	-0.43491630
5.55999986	2.30376500	-0.52196110
5.57999986	2.34805600	-0.52196110
5.59999986	2.39234700	-0.52196110
5.61999986	2.39234700	-0.52196110
5.63999986	2.39234700	-0.60900590
5.65999986	2.43663900	-0.60900590
5.67999986	2.48093000	-0.60900590
5.69999986	2.48093000	-0.60900590
5.71999986	2.52522100	-0.60900590
5.73999985	2.52522100	-0.69605070
5.75999985	2.52522100	-0.69605070
5.77999985	2.56951300	-0.69605070
5.79999985	2.56951300	-0.69605070
5.81999985	2.61395800	-0.69605070
5.83999985	2.61395800	-0.69605070
5.85999985	2.65824900	-0.78309550
5.87999985	2.65824900	-0.78309550
5.89999985	2.65824900	-0.78309550
5.91999985	2.70254100	-0.78309550
5.93999985	2.70254100	-0.86983270
5.95999985	2.70254100	-0.86983270
5.97999985	2.74683200	-0.86983270
5.99999985	2.74683200	-0.86983270
6.01999985	2.74683200	-0.86983270
6.03999985	2.74683200	-0.95687750
6.05999985	2.74683200	-0.95687750
6.07999985	2.79112300	-0.95687750
6.09999985	2.79112300	-0.95687750
6.11999985	2.79112300	-1.04392200
6.13999984	2.79112300	-0.95687750
6.15999984	2.83541500	-1.04392200
6.17999984	2.83541500	-1.04392200
6.19999984	2.83541500	-1.04392200
6.21999984	2.83541500	-1.13096700
6.23999984	2.83541500	-1.13096700
6.25999984	2.83541500	-1.13096700
6.27999984	2.83541500	-1.13096700
6.29999984	2.87970600	-1.13096700
6.31999984	2.87970600	-1.13096700
6.33999984	2.87970600	-1.21801200
6.35999984	2.87970600	-1.21801200
6.37999984	2.87970600	-1.21801200
6.39999984	2.87970600	-1.21801200
6.41999984	2.87970600	-1.30505700
6.43999984	2.92399700	-1.30505700
6.45999984	2.92399700	-1.30505700
6.47999984	2.92399700	-1.30505700
6.49999984	2.92399700	-1.30505700
6.51999984	2.92399700	-1.39210100
6.53999983	2.96828900	-1.39210100
6.55999983	2.92399700	-1.39210100
6.57999983	2.96828900	-1.39210100
6.59999983	2.92399700	-1.39210100
6.61999983	2.96828900	-1.39210100
6.63999983	2.92399700	-1.47914600
6.65999983	2.96828900	-1.47914600
6.67999983	2.92399700	-1.47914600
6.69999983	2.96828900	-1.47914600
6.71999983	2.96828900	-1.47914600
6.73999983	2.96828900	-1.56619100
6.75999983	2.96828900	-1.56619100
6.77999983	2.96828900	-1.56619100
6.79999983	3.01258000	-1.65323600
6.81999983	2.96828900	-1.56619100
6.83999983	2.92399700	-1.56619100
6.85999983	2.96828900	-1.65323600
6.87999983	2.96828900	-1.65323600
6.89999983	2.96828900	-1.65323600
6.91999983	2.92399700	-1.65323600
6.93999982	2.96828900	-1.65323600
6.95999982	2.96828900	-1.73997300
6.97999982	2.96828900	-1.73997300
6.99999982	2.96828900	-1.73997300
7.01999982	2.96828900	-1.73997300
7.03999982	2.96828900	-1.82701800
7.05999982	2.96828900	-1.73997300
7.07999982	2.96828900	-1.82701800
7.09999982	2.96828900	-1.82701800
7.11999982	2.96828900	-1.82701800
7.13999982	2.96828900	-1.82701800
7.15999982	2.96828900	-1.91406300
7.17999982	3.01258000	-1.91406300
7.19999982	2.96828900	-1.91406300
7.21999982	2.96828900	-1.91406300
7.23999982	2.96828900	-2.00110700
7.25999982	2.96828900	-2.00110700
7.27999982	2.96828900	-2.00110700
7.29999982	2.96828900	-2.00110700
7.31999982	2.96828900	-2.00110700
7.33999981	2.96828900	-2.00110700
7.35999981	2.96828900	-2.08815200
7.37999981	2.96828900	-2.08815200
7.39999981	2.96828900	-2.08815200
7.41999981	2.96828900	-2.08815200
7.43999981	2.96828900	-2.17519700
7.45999981	2.96828900	-2.17519700
7.47999981	2.96828900	-2.17519700
7.49999981	2.96828900	-2.17519700
7.51999981	2.96828900	-2.17519700
7.53999981	2.92399700	-2.17519700
7.55999981	2.96828900	-2.17519700
7.57999981	2.96828900	-2.26224200
7.59999981	2.96828900	-2.26224200
7.61999981	2.96828900	-2.26224200
7.63999981	2.96828900	-2.26224200
7.65999981	2.96828900	-2.34928600
7.67999981	2.96828900	-2.34928600
7.69999981	2.96828900	-2.34928600
7.71999980	2.96828900	-2.34928600
7.73999980	2.96828900	-2.43633100
7.75999980	2.96828900	-2.43633100
7.77999980	2.96828900	-2.43633100
7.79999980	2.96828900	-2.43633100
7.81999980	2.96828900	-2.43633100
7.83999980	2.92399700	-2.52337600
7.85999980	2.96828900	-2.52337600
7.87999980	2.96828900	-2.52337600
7.89999980	2.96828900	-2.52337600
7.91999980	2.96828900	-2.52337600
7.93999980	2.96828900	-2.61011300
7.95999980	3.01258000	-2.61011300
7.97999980	2.96828900	-2.61011300
7.99999980	3.01258000	-2.61011300
8.01999980	3.01258000	-2.61011300
8.03999980	2.96828900	-2.61011300
8.05999980	3.01258000	-2.69715800
8.07999980	2.96828900	-2.69715800
8.09999980	3.01258000	-2.69715800
8.11999979	2.96828900	-2.69715800
8.13999979	2.96828900	-2.69715800
8.15999979	3.01258000	-2.78420300
8.17999979	3.01258000	-2.78420300
8.19999979	3.05687100	-2.78420300
8.21999979	3.01258000	-2.78420300
8.23999979	3.01258000	-2.78420300
8.25999979	3.05687100	-2.87124800
8.27999979	3.05687100	-2.87124800
8.29999979	3.05687100	-2.87124800
8.31999979	3.05687100	-2.87124800
8.33999979	3.05687100	-2.87124800
8.35999979	3.01258000	-2.87124800
8.37999979	3.01258000	-2.95829200
8.39999979	3.05687100	-2.95829200
8.41999979	3.05687100	-2.95829200
8.43999979	3.10131600	-3.04533700
8.45999979	3.05687100	-3.04533700
8.47999979	3.05687100	-3.04533700
8.49999979	3.05687100	-3.04533700
8.51999978	3.05687100	-3.04533700
8.53999978	3.05687100	-3.04533700
8.55999978	3.05687100	-3.13238200
8.57999978	3.10131600	-3.13238200
8.59999978	3.10131600	-3.13238200
8.61999978	3.10131600	-3.13238200
8.63999978	3.05687100	-3.13238200
8.65999978	3.10131600	-3.21942700
8.67999978	3.05687100	-3.21942700
8.69999978	3.10131600	-3.21942700
8.71999978	3.10131600	-3.21942700
8.73999978	3.10131600	-3.21942700
8.75999978	3.10131600	-3.30647100
8.77999978	3.10131600	-3.30647100
8.79999978	3.10131600	-3.30647100
8.81999978	3.10131600	-3.30647100
8.83999978	3.14560800	-3.30647100
8.85999978	3.10131600	-3.39351600
8.87999978	3.10131600	-3.30647100
8.89999978	3.14560800	-3.39351600
8.91999977	3.10131600	-3.39351600
8.93999977	3.05687100	-3.39351600
8.95999977	3.10131600	-3.48025300
8.97999977	3.10131600	-3.48025300
8.99999977	3.10131600	-3.48025300
9.01999977	3.10131600	-3.48025300
9.03999977	3.10131600	-3.48025300
9.05999977	3.10131600	-3.48025300
9.07999977	3.10131600	-3.56729800
9.09999977	3.10131600	-3.56729800
9.11999977	3.10131600	-3.56729800
9.13999977	3.10131600	-3.56729800
9.15999977	3.10131600	-3.56729800
9.17999977	3.05687100	-3.56729800
9.19999977	3.10131600	-3.65434300
9.21999977	3.10131600	-3.65434300
9.23999977	3.10131600	-3.65434300
9.25999977	3.10131600	-3.74138800
9.27999977	3.10131600	-3.74138800
9.29999977	3.05687100	-3.74138800
9.31999976	3.05687100	-3.74138800
9.33999976	3.05687100	-3.74138800
9.35999976	3.05687100	-3.74138800
9.37999976	3.05687100	-3.74138800
9.39999976	3.05687100	-3.82843300
9.41999976	3.05687100	-3.82843300
9.43999976	3.05687100	-3.82843300
9.45999976	3.05687100	-3.91547700
9.47999976	3.10131600	-3.91547700
9.49999976	3.05687100	-3.91547700
9.51999976	3.10131600	-3.91547700
9.53999976	3.05687100	-3.91547700
9.55999976	3.05687100	-3.91547700
9.57999976	3.10131600	-3.91547700
9.59999976	3.05687100	-4.00252200
9.61999976	3.05687100	-4.00252200
9.63999976	3.05687100	-4.00252200
9.65999976	3.10131600	-4.00252200
9.67999976	3.05687100	-4.08956700
9.69999975	3.05687100	-4.08956700
9.71999975	3.10131600	-4.08956700
9.73999975	3.10131600	-4.08956700
9.75999975	3.05687100	-4.08956700
9.77999975	3.05687100	-4.08956700
9.79999975	3.05687100	-4.17661200
9.81999975	3.05687100	-4.17661200
9.83999975	3.10131600	-4.17661200
9.85999975	3.05687100	-4.17661200
9.87999975	3.05687100	-4.17661200
9.89999975	3.05687100	-4.17661200
9.91999975	3.10131600	-4.08956700
9.93999975	3.05687100	-4.08956700
9.95999975	3.10131600	-4.08956700
9.97999975	3.10131600	-4.08956700
9.99999975	3.10131600	-4.00252200
10.01999975	3.10131600	-4.00252200
10.03999975	3.10131600	-4.00252200
10.05999975	3.10131600	-4.00252200
10.07999975	3.10131600	-3.91547700
10.09999974	3.10131600	-3.91547700
10.11999974	3.14560800	-3.91547700
10.13999974	3.14560800	-3.91547700
10.15999974	3.10131600	-3.91547700
10.17999974	3.10131600	-3.91547700
10.19999974	3.14560800	-3.82843300
10.21999974	3.14560800	-3.82843300
10.23999974	3.10131600	-3.82843300
10.25999974	3.10131600	-3.82843300
10.27999974	3.14560800	-3.82843300
10.29999974	3.14560800	-3.82843300
10.31999974	3.14560800	-3.74138800
10.33999974	3.14560800	-3.74138800
10.35999974	3.10131600	-3.74138800
10.37999974	3.14560800	-3.74138800
10.39999974	3.14560800	-3.65434300
10.41999974	3.14560800	-3.65434300
10.43999974	3.14560800	-3.65434300
10.45999974	3.14560800	-3.65434300
10.47999974	3.14560800	-3.56729800
10.49999973	3.18989900	-3.65434300
10.51999973	3.18989900	-3.56729800
10.53999973	3.14560800	-3.56729800
10.55999973	3.14560800	-3.48025300
10.57999973	3.14560800	-3.56729800
10.59999973	3.14560800	-3.48025300
10.61999973	3.18989900	-3.48025300
10.63999973	3.18989900	-3.48025300
10.65999973	3.14560800	-3.48025300
10.67999973	3.18989900	-3.39351600
10.69999973	3.18989900	-3.39351600
10.71999973	3.18989900	-3.39351600
10.73999973	3.18989900	-3.39351600
10.75999973	3.18989900	-3.39351600
10.77999973	3.18989900	-3.39351600
10.79999973	3.14560800	-3.39351600
10.81999973	3.18989900	-3.30647100
10.83999973	3.18989900	-3.30647100
10.85999973	3.18989900	-3.30647100
10.87999973	3.18989900	-3.30647100
10.89999972	3.18989900	-3.21942700
10.91999972	3.18989900	-3.21942700
10.93999972	3.18989900	-3.21942700
10.95999972	3.23419000	-3.21942700
10.97999972	3.23419000	-3.21942700
10.99999972	3.18989900	-3.13238200
11.01999972	3.18989900	-3.21942700
11.03999972	3.18989900	-3.13238200
11.05999972	3.18989900	-3.13238200
11.07999972	3.18989900	-3.04533700
11.09999972	3.18989900	-3.13238200
11.11999972	3.23419000	-3.04533700
11.13999972	3.23419000	-3.04533700
11.15999972	3.23419000	-3.04533700
11.17999972	3.18989900	-3.04533700
11.19999972	3.23419000	-2.95829200
11.21999972	3.18989900	-2.95829200
11.23999972	3.23419000	-2.95829200
11.25999972	3.23419000	-2.95829200
11.27999972	3.23419000	-2.87124800
11.29999971	3.23419000	-2.87124800
11.31999971	3.23419000	-2.87124800
11.33999971	3.23419000	-2.87124800
11.35999971	3.18989900	-2.87124800
11.37999971	3.23419000	-2.87124800
11.39999971	3.23419000	-2.78420300
11.41999971	3.23419000	-2.78420300
11.43999971	3.23419000	-2.78420300
11.45999971	3.23419000	-2.78420300
11.47999971	3.23419000	-2.78420300
11.49999971	3.23419000	-2.69715800
11.51999971	3.23419000	-2.69715800
11.53999971	3.23419000	-2.69715800
11.55999971	3.23419000	-2.69715800
11.57999971	3.23419000	-2.69715800
11.59999971	3.23419000	-2.69715800
11.61999971	3.23419000	-2.61011300
11.63999971	3.23419000	-2.61011300
11.65999971	3.27848200	-2.61011300
11.67999970	3.23419000	-2.61011300
11.69999970	3.23419000	-2.52337600
11.71999970	3.23419000	-2.52337600
11.73999970	3.23419000	-2.52337600
11.75999970	3.23419000	-2.52337600
11.77999970	3.23419000	-2.52337600
11.79999970	3.23419000	-2.52337600
11.81999970	3.27848200	-2.43633100
11.83999970	3.23419000	-2.43633100
11.85999970	3.23419000	-2.43633100
11.87999970	3.23419000	-2.43633100
11.89999970	3.23419000	-2.34928600
11.91999970	3.23419000	-2.34928600
11.93999970	3.23419000	-2.34928600
11.95999970	3.23419000	-2.34928600
11.97999970	3.23419000	-2.34928600
11.99999970	3.27848200	-2.34928600
12.01999970	3.23419000	-2.26224200
12.03999970	3.23419000	-2.26224200
12.05999970	3.23419000	-2.26224200
12.07999969	3.23419000	-2.26224200
12.09999969	3.23419000	-2.17519700
12.11999969	3.23419000	-2.17519700
12.13999969	3.23419000	-2.17519700
12.15999969	3.23419000	-2.17519700
12.17999969	3.23419000	-2.08815200
12.19999969	3.23419000	-2.08815200
12.21999969	3.23419000	-2.08815200
12.23999969	3.23419000	-2.08815200
12.25999969	3.23419000	-2.08815200
12.27999969	3.23419000	-2.08815200
12.29999969	3.23419000	-2.00110700
12.31999969	3.23419000	-2.00110700
12.33999969	3.23419000	-2.00110700
12.35999969	3.23419000	-2.00110700
12.37999969	3.23419000	-1.91406300
12.39999969	3.27848200	-2.00110700
12.41999969	3.23419000	-1.91406300
12.43999969	3.23419000	-1.91406300
12.45999969	3.23419000	-1.91406300
12.47999968	3.23419000	-1.91406300
12.49999968	3.27848200	-1.82701800
12.51999968	3.27848200	-1.82701800
12.53999968	3.23419000	-1.82701800
12.55999968	3.27848200	-1.82701800
12.57999968	3.27848200	-1.82701800
12.59999968	3.27848200	-1.82701800
12.61999968	3.23419000	-1.73997300
12.63999968	3.27848200	-1.73997300
12.65999968	3.27848200	-1.73997300
12.67999968	3.23419000	-1.73997300
12.69999968	3.27848200	-1.65323600
12.71999968	3.27848200	-1.65323600
12.73999968	3.27848200	-1.65323600
12.75999968	3.27848200	-1.65323600
12.77999968	3.32277300	-1.65323600
12.79999968	3.27848200	-1.56619100
12.81999968	3.27848200	-1.56619100
12.83999968	3.27848200	-1.56619100
12.85999968	3.27848200	-1.56619100
12.87999967	3.32277300	-1.56619100
12.89999967	3.27848200	-1.56619100
12.91999967	3.32277300	-1.47914600
12.93999967	3.32277300	-1.47914600
12.95999967	3.32277300	-1.47914600
12.97999967	3.27848200	-1.47914600
12.99999967	3.32277300	-1.39210100
13.01999967	3.27848200	-1.39210100
13.03999967	3.27848200	-1.39210100
13.05999967	3.32277300	-1.39210100
13.07999967	3.27848200	-1.39210100
13.09999967	3.32277300	-1.39210100
13.11999967	3.32277300	-1.30505700
13.13999967	3.27848200	-1.30505700
13.15999967	3.32277300	-1.30505700
13.17999967	3.32277300	-1.30505700
13.19999967	3.27848200	-1.21801200
13.21999967	3.27848200	-1.21801200
13.23999967	3.27848200	-1.21801200
13.25999967	3.32277300	-1.21801200
13.27999966	3.32277300	-1.13096700
13.29999966	3.32277300	-1.13096700
13.31999966	3.32277300	-1.13096700
13.33999966	3.32277300	-1.13096700
13.35999966	3.27848200	-1.13096700
13.37999966	3.32277300	-1.13096700
13.39999966	3.32277300	-1.04392200
13.41999966	3.32277300	-1.04392200
13.43999966	3.32277300	-1.04392200
13.45999966	3.32277300	-1.04392200
13.47999966	3.32277300	-1.04392200
13.49999966	3.27848200	-0.95687750
13.51999966	3.32277300	-0.95687750
13.53999966	3.32277300	-0.95687750
13.55999966	3.32277300	-0.95687750
13.57999966	3.32277300	-0.86983270
13.59999966	3.32277300	-0.86983270
13.61999966	3.32277300	-0.86983270
13.63999966	3.27848200	-0.86983270
13.65999965	3.27848200	-0.86983270
13.67999965	3.27848200	-0.78309550
13.69999965	3.27848200	-0.78309550
13.71999965	3.27848200	-0.78309550
13.73999965	3.27848200	-0.78309550
13.75999965	3.27848200	-0.78309550
13.77999965	3.27848200	-0.69605070
13.79999965	3.27848200	-0.69605070
13.81999965	3.27848200	-0.69605070
13.83999965	3.32277300	-0.69605070
13.85999965	3.27848200	-0.69605070
13.87999965	3.27848200	-0.69605070
13.89999965	3.32277300	-0.69605070
13.91999965	3.27848200	-0.60900590
13.93999965	3.27848200	-0.60900590
13.95999965	3.32277300	-0.60900590
13.97999965	3.27848200	-0.52196110
13.99999965	3.27848200	-0.52196110
14.01999965	3.32277300	-0.52196110
14.03999965	3.32277300	-0.52196110
14.05999964	3.32277300	-0.52196110
14.07999964	3.27848200	-0.43491630
14.09999964	3.32277300	-0.43491630
14.11999964	3.27848200	-0.43491630
14.13999964	3.32277300	-0.43491630
14.15999964	3.32277300	-0.34787150
14.17999964	3.27848200	-0.43491630
14.19999964	3.32277300	-0.34787150
14.21999964	3.32277300	-0.34787150
14.23999964	3.32277300	-0.34787150
14.25999964	3.32277300	-0.34787150
14.27999964	3.27848200	-0.26082680
14.29999964	3.32277300	-0.26082680
14.31999964	3.32277300	-0.26082680
14.33999964	3.27848200	-0.26082680
14.35999964	3.32277300	-0.26082680
14.37999964	3.32277300	-0.26082680
14.39999964	3.32277300	-0.17378200
14.41999964	3.27848200	-0.17378200
14.43999964	3.27848200	-0.17378200
14.45999963	3.36706400	-0.08673721
14.47999963	3.32277300	-0.08673721
14.49999963	3.32277300	-0.08673721
14.51999963	3.36706400	-0.08673721
14.53999963	3.32277300	-0.08673721
14.55999963	3.32277300	0.00000000
14.57999963	3.27848200	0.00000000
14.59999963	3.32277300	0.00000000
14.61999963	3.36706400	0.08673721
14.63999963	3.32277300	0.08673721
14.65999963	3.32277300	0.08673721
14.67999963	3.32277300	0.08673721
14.69999963	3.32277300	0.08673721
14.71999963	3.32277300	0.08673721
14.73999963	3.27848200	0.17378200
14.75999963	3.32277300	0.17378200
14.77999963	3.32277300	0.17378200
14.79999963	3.27848200	0.26082680
14.81999963	3.27848200	0.26082680
14.83999963	3.32277300	0.26082680
14.85999962	3.27848200	0.26082680
14.87999962	3.27848200	0.26082680
14.89999962	3.23419000	0.34787150
14.91999962	3.23419000	0.34787150
14.93999962	3.18989900	0.34787150
14.95999962	3.18989900	0.43491630
14.97999962	3.14560800	0.34787150
14.99999962	3.18989900	0.43491630
15.01999962	3.14560800	0.43491630
15.03999962	3.14560800	0.52196110
15.05999962	3.14560800	0.52196110
15.07999962	3.10131600	0.52196110
15.09999962	3.10131600	0.52196110
15.11999962	3.05687100	0.52196110
15.13999962	3.05687100	0.52196110
15.15999962	3.01258000	0.60900590
15.17999962	3.01258000	0.60900590
15.19999962	2.96828900	0.60900590
15.21999962	2.92399700	0.69605070
15.23999962	2.92399700	0.69605070
15.25999961	2.87970600	0.69605070
15.27999961	2.83541500	0.69605070
15.29999961	2.83541500	0.78309550
15.31999961	2.74683200	0.78309550
15.33999961	2.79112300	0.78309550
15.35999961	2.74683200	0.78309550
15.37999961	2.70254100	0.86983270
15.39999961	2.65824900	0.78309550
15.41999961	2.61395800	0.86983270
15.43999961	2.61395800	0.86983270
15.45999961	2.56951300	0.86983270
15.47999961	2.52522100	0.86983270
15.49999961	2.48093000	0.95687750
15.51999961	2.43663900	0.95687750
15.53999961	2.39234700	0.95687750
15.55999961	2.34805600	0.95687750
15.57999961	2.30376500	1.04392200
15.59999961	2.25947300	1.04392200
15.61999961	2.17089100	1.04392200
15.63999960	2.21518200	1.13096700
15.65999960	2.17089100	1.13096700
15.67999960	2.12659900	1.13096700
15.69999960	2.03786300	1.13096700
15.71999960	1.99357200	1.13096700
15.73999960	1.94928000	1.21801200
15.75999960	1.90498900	1.21801200
15.77999960	1.90498900	1.21801200
15.79999960	1.86069800	1.30505700
15.81999960	1.81640600	1.30505700
15.83999960	1.81640600	1.30505700
15.85999960	1.72782400	1.30505700
15.87999960	1.68353200	1.30505700
15.89999960	1.68353200	1.39210100
15.91999960	1.63924100	1.39210100
15.93999960	1.59495000	1.39210100
15.95999960	1.55065800	1.39210100
15.97999960	1.50621300	1.47914600
15.99999960	1.50621300	1.47914600
16.01999960	1.46192200	1.47914600
16.03999959	1.46192200	1.47914600
16.05999959	1.41763000	1.47914600
16.07999959	1.37333900	1.56619100
16.09999959	1.32904800	1.56619100
16.11999959	1.32904800	1.56619100
16.13999959	1.32904800	1.65323600
16.15999959	1.32904800	1.65323600
16.17999959	1.28475600	1.65323600
16.19999959	1.24046500	1.65323600
16.21999959	1.24046500	1.73997300
16.23999959	1.24046500	1.73997300
16.25999959	1.24046500	1.73997300
16.27999959	1.24046500	1.73997300
16.29999959	1.24046500	1.73997300
16.31999959	1.24046500	1.82701800
16.33999959	1.24046500	1.82701800
16.35999959	1.24046500	1.82701800
16.37999959	1.24046500	1.82701800
16.39999959	1.28475600	1.91406300
16.41999959	1.24046500	1.91406300
16.43999958	1.28475600	1.91406300
16.45999958	1.28475600	1.91406300
16.47999958	1.28475600	1.91406300
16.49999958	1.32904800	2.00110700
16.51999958	1.37333900	2.00110700
16.53999958	1.37333900	2.00110700
16.55999958	1.37333900	2.00110700
16.57999958	1.41763000	2.08815200
16.59999958	1.46192200	2.08815200
16.61999958	1.50621300	2.08815200
16.63999958	1.50621300	2.08815200
16.65999958	1.55065800	2.08815200
16.67999958	1.59495000	2.17519700
16.69999958	1.63924100	2.17519700
16.71999958	1.68353200	2.17519700
16.73999958	1.68353200	2.17519700
16.75999958	1.77211500	2.26224200
16.77999958	1.77211500	2.26224200
16.79999958	1.86069800	2.26224200
16.81999958	1.86069800	2.26224200
16.83999957	1.90498900	2.34928600
16.85999957	1.94928000	2.34928600
16.87999957	1.99357200	2.34928600
16.89999957	2.03786300	2.34928600
16.91999957	2.12659900	2.43633100
16.93999957	2.12659900	2.43633100
16.95999957	2.21518200	2.43633100
16.97999957	2.21518200	2.43633100
16.99999957	2.25947300	2.52337600
17.01999957	2.30376500	2.52337600
17.03999957	2.34805600	2.52337600
17.05999957	2.39234700	2.52337600
17.07999957	2.43663900	2.52337600
17.09999957	2.48093000	2.61011300
17.11999957	2.52522100	2.61011300
17.13999957	2.56951300	2.61011300
17.15999957	2.61395800	2.61011300
17.17999957	2.65824900	2.69715800
17.19999957	2.65824900	2.69715800
17.21999956	2.74683200	2.69715800
17.23999956	2.74683200	2.78420300
17.25999956	2.79112300	2.78420300
17.27999956	2.79112300	2.78420300
17.29999956	2.83541500	2.78420300
17.31999956	2.87970600	2.78420300
17.33999956	2.87970600	2.87124800
17.35999956	2.92399700	2.87124800
17.37999956	2.92399700	2.87124800
17.39999956	2.92399700	2.87124800
17.41999956	2.96828900	2.87124800
17.43999956	3.01258000	2.95829200
17.45999956	2.96828900	2.95829200
17.47999956	3.01258000	3.04533700
17.49999956	2.96828900	2.95829200
17.51999956	3.01258000	3.04533700
17.53999956	3.01258000	3.04533700
17.55999956	2.96828900	3.04533700
17.57999956	3.01258000	3.04533700
17.59999956	2.96828900	3.13238200
17.61999955	3.01258000	3.13238200
17.63999955	2.96828900	3.13238200
17.65999955	2.96828900	3.13238200
17.67999955	2.92399700	3.21942700
17.69999955	2.92399700	3.21942700
17.71999955	2.92399700	3.30647100
17.73999955	2.87970600	3.21942700
17.75999955	2.83541500	3.21942700
17.77999955	2.87970600	3.30647100
17.79999955	2.83541500	3.30647100
17.81999955	2.79112300	3.30647100
17.83999955	2.74683200	3.39351600
17.85999955	2.70254100	3.39351600
17.87999955	2.74683200	3.39351600
17.89999955	2.65824900	3.39351600
17.91999955	2.61395800	3.48025300
17.93999955	2.56951300	3.39351600
17.95999955	2.52522100	3.48025300
17.97999955	2.52522100	3.56729800
17.99999955	2.48093000	3.56729800
18.01999954	2.39234700	3.56729800
18.03999954	2.39234700	3.56729800
18.05999954	2.34805600	3.56729800
18.07999954	2.25947300	3.56729800
18.09999954	2.21518200	3.65434300
18.11999954	2.21518200	3.65434300
18.13999954	2.17089100	3.65434300
18.15999954	2.08230800	3.65434300
18.17999954	2.03786300	3.65434300
18.19999954	1.99357200	3.74138800
18.21999954	1.94928000	3.74138800
18.23999954	1.90498900	3.74138800
18.25999954	1.86069800	3.82843300
18.27999954	1.81640600	3.82843300
18.29999954	1.77211500	3.82843300
18.31999954	1.77211500	3.82843300
18.33999954	1.72782400	3.82843300
18.35999954	1.63924100	3.91547700
18.37999954	1.63924100	3.91547700
18.39999954	1.59495000	3.91547700
18.41999953	1.55065800	3.91547700
18.43999953	1.50621300	4.00252200
18.45999953	1.50621300	4.00252200
18.47999953	1.46192200	4.00252200
18.49999953	1.41763000	4.00252200
18.51999953	1.41763000	4.08956700
18.53999953	1.37333900	4.08956700
18.55999953	1.37333900	4.08956700
18.57999953	1.32904800	4.08956700
18.59999953	1.37333900	4.08956700
18.61999953	1.32904800	4.17661200
18.63999953	1.32904800	4.17661200
18.65999953	1.32904800	4.17661200
18.67999953	1.32904800	4.17661200
18.69999953	1.32904800	4.26365700
18.71999953	1.28475600	4.26365700
18.73999953	1.32904800	4.26365700
18.75999953	1.32904800	4.26365700
18.77999953	1.32904800	4.35039400
18.79999953	1.32904800	4.35039400
18.81999952	1.32904800	4.35039400
18.83999952	1.41763000	4.35039400
18.85999952	1.37333900	4.43743800
18.87999952	1.37333900	4.35039400
18.89999952	1.41763000	4.43743800
18.91999952	1.41763000	4.43743800
18.93999952	1.46192200	4.43743800
18.95999952	1.46192200	4.52448300
18.97999952	1.55065800	4.52448300
18.99999952	1.55065800	4.52448300
19.01999952	1.55065800	4.52448300
19.03999952	1.59495000	4.61152800
19.05999952	1.63924100	4.61152800
19.07999952	1.63924100	4.61152800
19.09999952	1.72782400	4.61152800
19.11999952	1.72782400	4.69857300
19.13999952	1.77211500	4.69857300
19.15999952	1.81640600	4.69857300
19.17999952	1.86069800	4.69857300
19.19999951	1.90498900	4.69857300
19.21999951	1.94928000	4.69857300
19.23999951	1.99357200	4.78561800
19.25999951	2.03786300	4.78561800
19.27999951	2.08230800	4.78561800
19.29999951	2.12659900	4.87266300
19.31999951	2.17089100	4.87266300
19.33999951	2.21518200	4.87266300
19.35999951	2.21518200	4.87266300
19.37999951	2.30376500	4.95970700
19.39999951	2.30376500	4.95970700
19.41999951	2.34805600	4.87266300
19.43999951	2.39234700	4.87266300
19.45999951	2.43663900	4.87266300
19.47999951	2.52522100	4.87266300
19.49999951	2.52522100	4.87266300
19.51999951	2.56951300	4.78561800
19.53999951	2.56951300	4.78561800
19.55999951	2.61395800	4.78561800
19.57999951	2.65824900	4.78561800
19.59999950	2.70254100	4.69857300
19.61999950	2.70254100	4.69857300
19.63999950	2.74683200	4.69857300
19.65999950	2.74683200	4.69857300
19.67999950	2.79112300	4.61152800
19.69999950	2.79112300	4.61152800
19.71999950	2.79112300	4.61152800
19.73999950	2.83541500	4.61152800
19.75999950	2.83541500	4.52448300
19.77999950	2.83541500	4.52448300
19.79999950	2.83541500	4.52448300
19.81999950	2.83541500	4.52448300
19.83999950	2.87970600	4.52448300
19.85999950	2.87970600	4.43743800
19.87999950	2.87970600	4.43743800
19.89999950	2.83541500	4.43743800
19.91999950	2.83541500	4.35039400
19.93999950	2.87970600	4.35039400
19.95999950	2.87970600	4.35039400
19.97999950	2.87970600	4.35039400
19.99999949	2.87970600	4.35039400
20.01999949	2.83541500	4.26365700
20.03999949	2.83541500	4.26365700
20.05999949	2.83541500	4.26365700
