	mass A	
t	x	
0.000	0.103
10.000	0.104
20.000	0.104
30.000	0.104
40.000	0.104
50.000	0.104
60.000	0.104
70.000	0.105
80.000	0.105
90.000	0.100
100.000	9.752E-2
110.000	9.073E-2
120.000	8.491E-2
130.000	7.909E-2
140.000	7.181E-2
150.000	6.259E-2
160.000	5.580E-2
170.000	4.998E-2
180.000	4.318E-2
190.000	3.930E-2
200.000	3.785E-2
210.000	3.590E-2
220.000	3.930E-2
230.000	4.173E-2
240.000	4.512E-2
250.000	5.289E-2
260.000	5.580E-2
270.000	6.308E-2
280.000	7.035E-2
290.000	7.521E-2
300.000	8.297E-2
310.000	8.831E-2
320.000	8.928E-2
330.000	9.170E-2
340.000	9.364E-2
350.000	9.364E-2
360.000	9.170E-2
370.000	8.976E-2
380.000	8.685E-2
390.000	8.103E-2
400.000	7.472E-2
410.000	7.035E-2
420.000	6.502E-2
430.000	5.774E-2
440.000	5.337E-2
450.000	4.949E-2
460.000	4.609E-2
470.000	4.512E-2
480.000	4.609E-2
490.000	4.609E-2
500.000	4.900E-2
510.000	4.998E-2
520.000	5.434E-2
530.000	6.016E-2
540.000	6.502E-2
550.000	7.008E-2
560.000	7.423E-2
570.000	7.909E-2
580.000	8.394E-2
590.000	8.640E-2
600.000	8.767E-2
610.000	8.842E-2
620.000	8.935E-2
630.000	8.735E-2
640.000	8.438E-2
650.000	8.269E-2
660.000	7.715E-2
670.000	7.229E-2
680.000	6.744E-2
690.000	6.356E-2
700.000	6.065E-2
710.000	5.774E-2
720.000	5.483E-2
730.000	5.161E-2
740.000	5.066E-2
750.000	5.070E-2
760.000	5.120E-2
770.000	5.386E-2
780.000	5.545E-2
790.000	5.968E-2
800.000	6.210E-2
810.000	6.599E-2
820.000	7.035E-2
830.000	7.351E-2
840.000	7.647E-2
850.000	7.998E-2
860.000	8.180E-2
870.000	8.296E-2
880.000	8.383E-2
890.000	8.328E-2
900.000	8.287E-2
910.000	7.977E-2
920.000	7.832E-2
930.000	7.455E-2
940.000	7.060E-2
950.000	6.821E-2
960.000	6.358E-2
970.000	6.167E-2
980.000	5.915E-2
990.000	5.645E-2
1000.000	5.462E-2
1010.000	5.422E-2
1020.000	5.403E-2
1030.000	5.484E-2
1040.000	5.741E-2
1050.000	5.871E-2
1060.000	6.185E-2
1070.000	6.435E-2
1080.000	6.588E-2
1090.000	6.945E-2
1100.000	7.243E-2
1110.000	7.418E-2
1120.000	7.712E-2
1130.000	7.840E-2
1140.000	7.812E-2
1150.000	7.993E-2
1160.000	8.054E-2
1170.000	8.010E-2
1180.000	8.054E-2
1190.000	7.423E-2
1200.000	7.326E-2
1210.000	7.053E-2
1220.000	6.841E-2
1230.000	6.644E-2
1240.000	6.259E-2
1250.000	6.259E-2
1260.000	6.259E-2
1270.000	6.065E-2
1280.000	5.919E-2
1290.000	5.968E-2
1300.000	5.968E-2
1310.000	5.968E-2
1320.000	6.016E-2
1330.000	6.259E-2
1340.000	6.478E-2
1350.000	6.647E-2
1360.000	6.841E-2
1370.000	6.987E-2
1380.000	7.278E-2
1390.000	7.472E-2
1400.000	7.472E-2
1410.000	7.472E-2
1420.000	7.521E-2
1430.000	7.545E-2
1440.000	7.517E-2
1450.000	7.521E-2
1460.000	7.375E-2
1470.000	7.375E-2
1480.000	6.806E-2
1490.000	6.696E-2
1500.000	6.696E-2
1510.000	6.696E-2
1520.000	6.259E-2
1530.000	6.259E-2
1540.000	5.880E-2
1550.000	5.925E-2
1560.000	6.065E-2
1570.000	5.930E-2
1580.000	6.032E-2
1590.000	6.308E-2
1600.000	6.308E-2
1610.000	6.405E-2
1620.000	6.599E-2
1630.000	6.599E-2
1640.000	6.793E-2
1650.000	6.938E-2
1660.000	7.229E-2
1670.000	7.229E-2
1680.000	7.229E-2
1690.000	7.229E-2
1700.000	7.292E-2
1710.000	7.229E-2
1720.000	7.229E-2
1730.000	7.472E-2
1740.000	6.947E-2
1750.000	7.035E-2
1760.000	6.744E-2
1770.000	6.647E-2
1780.000	6.647E-2
1790.000	6.356E-2
1800.000	6.356E-2
1810.000	5.928E-2
1820.000	6.065E-2
1830.000	5.957E-2
1840.000	6.065E-2
1850.000	6.259E-2
1860.000	6.259E-2
1870.000	6.550E-2
1880.000	6.550E-2
1890.000	6.550E-2
1900.000	7.035E-2
1910.000	7.035E-2
1920.000	7.035E-2
1930.000	7.326E-2
1940.000	7.326E-2
1950.000	7.035E-2
1960.000	7.332E-2
1970.000	7.229E-2
1980.000	7.229E-2
1990.000	7.229E-2
2000.000	6.975E-2
2010.000	6.822E-2
2020.000	6.799E-2
2030.000	7.084E-2
2040.000	6.599E-2
2050.000	6.599E-2
2060.000	6.276E-2
2070.000	6.259E-2
2080.000	6.154E-2
2090.000	6.057E-2
2100.000	6.049E-2
2110.000	6.090E-2
2120.000	6.143E-2
2130.000	6.150E-2
2140.000	6.248E-2
2150.000	6.415E-2
2160.000	6.647E-2
2170.000	6.647E-2
2180.000	6.752E-2
2190.000	7.132E-2
2200.000	6.949E-2
2210.000	7.132E-2
2220.000	7.132E-2
2230.000	7.132E-2
2240.000	7.119E-2
2250.000	7.132E-2
2260.000	7.132E-2
2270.000	6.917E-2
2280.000	6.816E-2
2290.000	7.132E-2
2300.000	6.987E-2
2310.000	6.491E-2
2320.000	6.410E-2
2330.000	6.395E-2
2340.000	6.453E-2
2350.000	6.550E-2
2360.000	6.194E-2
2370.000	6.098E-2
2380.000	6.259E-2
2390.000	6.259E-2
2400.000	6.222E-2
2410.000	6.269E-2
2420.000	6.550E-2
2430.000	6.647E-2
2440.000	6.647E-2
2450.000	6.647E-2
2460.000	6.890E-2
2470.000	6.783E-2
2480.000	6.898E-2
2490.000	6.920E-2
2500.000	6.937E-2
2510.000	7.181E-2
2520.000	6.949E-2
2530.000	7.181E-2
2540.000	7.181E-2
2550.000	6.647E-2
2560.000	6.841E-2
2570.000	6.841E-2
2580.000	6.600E-2
2590.000	6.483E-2
2600.000	6.599E-2
2610.000	6.599E-2
2620.000	6.599E-2
2630.000	6.599E-2
2640.000	6.453E-2
2650.000	6.299E-2
2660.000	6.315E-2
2670.000	6.453E-2
2680.000	6.417E-2
2690.000	6.418E-2
2700.000	6.453E-2
2710.000	6.453E-2
2720.000	6.550E-2
2730.000	6.550E-2
2740.000	6.793E-2
2750.000	6.938E-2
2760.000	6.938E-2
2770.000	6.935E-2
2780.000	6.969E-2
2790.000	6.938E-2
2800.000	7.035E-2
2810.000	6.938E-2
2820.000	6.841E-2
2830.000	6.841E-2
2840.000	6.841E-2
2850.000	6.841E-2
2860.000	6.476E-2
2870.000	6.548E-2
2880.000	6.841E-2
2890.000	6.744E-2
2900.000	6.744E-2
2910.000	6.398E-2
2920.000	6.599E-2
2930.000	6.599E-2
2940.000	6.599E-2
2950.000	6.599E-2
2960.000	6.647E-2
2970.000	6.841E-2
2980.000	6.841E-2
2990.000	6.841E-2
3000.000	6.710E-2
3010.000	6.841E-2
3020.000	6.938E-2
3030.000	6.949E-2
3040.000	6.826E-2
3050.000	7.132E-2
3060.000	7.035E-2
3070.000	6.987E-2
3080.000	6.987E-2
3090.000	6.987E-2
3100.000	6.987E-2
