
Channel B
Time	 Value
(ns)	(mV)
-20000	1520
-19960	1479
-19920	1479
-19880	1435
-19840	1393
-19800	1352
-19760	1308
-19720	1308
-19680	1266
-19640	1266
-19600	1225
-19560	1181
-19520	1181
-19480	1139
-19440	1139
-19400	1098
-19360	1098
-19320	1056
-19280	1012
-19240	1012
-19200	971
-19160	929
-19120	929
-19080	929
-19040	844
-19000	844
-18960	844
-18920	802
-18880	758
-18840	758
-18800	717
-18760	675
-18720	675
-18680	631
-18640	631
-18600	631
-18560	590
-18520	548
-18480	548
-18440	504
-18400	504
-18360	463
-18320	463
-18280	463
-18240	421
-18200	377
-18160	377
-18120	377
-18080	336
-18040	336
-18000	294
-17960	294
-17920	294
-17880	294
-17840	250
-17800	250
-17760	209
-17720	209
-17680	209
-17640	209
-17600	167
-17560	167
-17520	167
-17480	123
-17440	123
-17400	123
-17360	82
-17320	82
-17280	82
-17240	82
-17200	82
-17160	82
-17120	40
-17080	82
-17040	40
-17000	40
-16960	40
-16920	-1
-16880	40
-16840	40
-16800	40
-16760	40
-16720	40
-16680	-1
-16640	-1
-16600	40
-16560	40
-16520	40
-16480	40
-16440	-1
-16400	40
-16360	40
-16320	40
-16280	40
-16240	40
-16200	40
-16160	40
-16120	40
-16080	40
-16040	40
-16000	40
-15960	82
-15920	82
-15880	82
-15840	82
-15800	82
-15760	123
-15720	123
-15680	123
-15640	123
-15600	123
-15560	167
-15520	167
-15480	167
-15440	209
-15400	209
-15360	209
-15320	250
-15280	250
-15240	294
-15200	294
-15160	294
-15120	336
-15080	336
-15040	336
-15000	377
-14960	377
-14920	377
-14880	421
-14840	421
-14800	463
-14760	463
-14720	463
-14680	504
-14640	504
-14600	548
-14560	548
-14520	590
-14480	631
-14440	631
-14400	675
-14360	675
-14320	675
-14280	717
-14240	758
-14200	758
-14160	802
-14120	802
-14080	844
-14040	844
-14000	885
-13960	885
-13920	971
-13880	971
-13840	971
-13800	1012
-13760	1056
-13720	1056
-13680	1098
-13640	1098
-13600	1139
-13560	1139
-13520	1181
-13480	1181
-13440	1225
-13400	1225
-13360	1266
-13320	1308
-13280	1352
-13240	1393
-13200	1393
-13160	1435
-13120	1435
-13080	1479
-13040	1520
-13000	1562
-12960	1562
-12920	1606
-12880	1647
-12840	1689
-12800	1689
-12760	1733
-12720	1733
-12680	1816
-12640	1860
-12600	1860
-12560	1860
-12520	1901
-12480	1943
-12440	1987
-12400	1987
-12360	2028
-12320	2070
-12280	2114
-12240	2114
-12200	2155
-12160	2197
-12120	2197
-12080	2238
-12040	2282
-12000	2324
-11960	2365
-11920	2365
-11880	2409
-11840	2409
-11800	2451
-11760	2492
-11720	2492
-11680	2492
-11640	2536
-11600	2536
-11560	2536
-11520	2578
-11480	2663
-11440	2663
-11400	2705
-11360	2705
-11320	2746
-11280	2790
-11240	2790
-11200	2832
-11160	2873
-11120	2873
-11080	2917
-11040	2958
-11000	3000
-10960	3000
-10920	3044
-10880	3085
-10840	3085
-10800	3127
-10760	3127
-10720	3171
-10680	3171
-10640	3212
-10600	3212
-10560	3254
-10520	3254
-10480	3339
-10440	3339
-10400	3339
-10360	3381
-10320	3381
-10280	3422
-10240	3466
-10200	3466
-10160	3508
-10120	3508
-10080	3549
-10040	3549
-10000	3593
-9960	3593
-9920	3635
-9880	3635
-9840	3676
-9800	3676
-9760	3676
-9720	3720
-9680	3720
-9640	3720
-9600	3720
-9560	3762
-9520	3803
-9480	3803
-9440	3803
-9400	3803
-9360	3847
-9320	3847
-9280	3847
-9240	3889
-9200	3847
-9160	3889
-9120	3889
-9080	3889
-9040	3889
-9000	3930
-8960	3930
-8920	3930
-8880	3930
-8840	3974
-8800	3974
-8760	3930
-8720	3930
-8680	3974
-8640	3974
-8600	3974
-8560	4016
-8520	4016
-8480	4016
-8440	4016
-8400	4016
-8360	4016
-8320	4016
-8280	4016
-8240	4016
-8200	4016
-8160	3974
-8120	4016
-8080	4016
-8040	3974
-8000	4016
-7960	4016
-7920	4016
-7880	4016
-7840	4016
-7800	4016
-7760	3974
-7720	4016
-7680	3974
-7640	3974
-7600	3974
-7560	3974
-7520	3974
-7480	3974
-7440	3930
-7400	3930
-7360	3930
-7320	3889
-7280	3889
-7240	3930
-7200	3889
-7160	3889
-7120	3889
-7080	3889
-7040	3889
-7000	3889
-6960	3847
-6920	3847
-6880	3847
-6840	3803
-6800	3803
-6760	3803
-6720	3762
-6680	3762
-6640	3762
-6600	3720
-6560	3676
-6520	3676
-6480	3676
-6440	3635
-6400	3635
-6360	3635
-6320	3593
-6280	3593
-6240	3549
-6200	3508
-6160	3508
-6120	3466
-6080	3466
-6040	3422
-6000	3381
-5960	3381
-5920	3381
-5880	3339
-5840	3339
-5800	3295
-5760	3254
-5720	3254
-5680	3212
-5640	3212
-5600	3171
-5560	3171
-5520	3127
-5480	3085
-5440	3044
-5400	3044
-5360	3000
-5320	2958
-5280	2958
-5240	2917
-5200	2917
-5160	2873
-5120	2832
-5080	2790
-5040	2790
-5000	2746
-4960	2705
-4920	2705
-4880	2663
-4840	2619
-4800	2578
-4760	2578
-4720	2536
-4680	2536
-4640	2492
-4600	2492
-4560	2451
-4520	2451
-4480	2409
-4440	2365
-4400	2324
-4360	2324
-4320	2282
-4280	2238
-4240	2238
-4200	2155
-4160	2155
-4120	2155
-4080	2070
-4040	2070
-4000	2028
-3960	1987
-3920	1987
-3880	1943
-3840	1901
-3800	1901
-3760	1860
-3720	1816
-3680	1816
-3640	1733
-3600	1733
-3560	1689
-3520	1647
-3480	1606
-3440	1562
-3400	1562
-3360	1520
-3320	1479
-3280	1479
-3240	1435
-3200	1393
-3160	1352
-3120	1352
-3080	1308
-3040	1266
-3000	1266
-2960	1225
-2920	1181
-2880	1181
-2840	1181
-2800	1139
-2760	1098
-2720	1098
-2680	1056
-2640	1012
-2600	1012
-2560	1012
-2520	929
-2480	929
-2440	929
-2400	885
-2360	844
-2320	802
-2280	802
-2240	758
-2200	717
-2160	717
-2120	717
-2080	675
-2040	631
-2000	631
-1960	590
-1920	590
-1880	548
-1840	548
-1800	548
-1760	504
-1720	504
-1680	463
-1640	463
-1600	463
-1560	421
-1520	377
-1480	377
-1440	336
-1400	377
-1360	336
-1320	336
-1280	294
-1240	294
-1200	294
-1160	294
-1120	250
-1080	250
-1040	250
-1000	209
-960	209
-920	209
-880	167
-840	167
-800	167
-760	123
-720	123
-680	123
-640	123
-600	82
-560	82
-520	82
-480	82
-440	82
-400	82
-360	82
-320	82
-280	40
-240	40
-200	82
-160	40
-120	40
-80	40
-40	40
0	40
40	40
80	40
120	40
160	40
200	82
240	82
280	82
320	82
360	82
400	82
440	82
480	82
520	82
560	82
600	123
640	82
680	82
720	123
760	123
800	167
840	123
880	167
920	167
960	209
1000	209
1040	209
1080	250
1120	209
1160	250
1200	250
1240	250
1280	294
1320	294
1360	294
1400	294
1440	336
1480	336
1520	377
1560	377
1600	377
1640	421
1680	421
1720	463
1760	463
1800	504
1840	504
1880	548
1920	504
1960	590
2000	590
2040	590
2080	590
2120	631
2160	675
2200	675
2240	717
2280	717
2320	758
2360	758
2400	758
2440	844
2480	844
2520	885
2560	885
2600	929
2640	971
2680	971
2720	971
2760	1056
2800	1012
2840	1098
2880	1098
2920	1098
2960	1139
3000	1139
3040	1181
3080	1181
3120	1225
3160	1266
3200	1266
3240	1308
3280	1352
3320	1352
3360	1393
3400	1435
3440	1435
3480	1479
3520	1520
3560	1562
3600	1562
3640	1606
3680	1647
3720	1689
3760	1689
3800	1733
3840	1774
3880	1816
3920	1816
3960	1860
4000	1860
4040	1901
4080	1943
4120	1987
4160	1987
4200	1987
4240	2028
4280	2070
4320	2114
4360	2114
4400	2197
4440	2197
4480	2238
4520	2282
4560	2324
4600	2324
4640	2365
4680	2365
4720	2409
4760	2451
4800	2492
4840	2492
4880	2492
4920	2536
4960	2536
5000	2578
5040	2578
5080	2663
5120	2663
5160	2705
5200	2705
5240	2705
5280	2746
5320	2832
5360	2832
5400	2873
5440	2873
5480	2917
5520	2958
5560	3000
5600	3000
5640	3000
5680	3085
5720	3085
5760	3085
5800	3127
5840	3127
5880	3171
5920	3212
5960	3212
6000	3254
6040	3254
6080	3295
6120	3339
6160	3339
6200	3381
6240	3381
6280	3422
6320	3422
6360	3466
6400	3466
6440	3508
6480	3508
6520	3549
6560	3593
6600	3593
6640	3593
6680	3635
6720	3635
6760	3676
6800	3676
6840	3676
6880	3720
6920	3720
6960	3720
7000	3762
7040	3762
7080	3803
7120	3803
7160	3847
7200	3847
7240	3847
7280	3847
7320	3847
7360	3847
7400	3889
7440	3889
7480	3889
7520	3889
7560	3930
7600	3930
7640	3930
7680	3974
7720	3974
7760	3974
7800	3974
7840	3974
7880	4016
7920	3974
7960	3974
8000	4016
8040	4016
8080	3974
8120	4016
8160	4016
8200	4016
8240	4016
8280	4016
8320	4016
8360	4057
8400	4016
8440	4016
8480	4016
8520	4016
8560	4016
8600	4016
8640	4016
8680	4016
8720	4016
8760	4016
8800	4016
8840	3974
8880	3974
8920	4016
8960	3974
9000	3974
9040	3974
9080	3974
9120	3974
9160	3974
9200	3930
9240	3974
9280	3930
9320	3930
9360	3889
9400	3930
9440	3889
9480	3889
9520	3889
9560	3889
9600	3889
9640	3889
9680	3847
9720	3847
9760	3847
9800	3803
9840	3803
9880	3762
9920	3762
9960	3762
10000	3720
10040	3720
10080	3676
10120	3676
10160	3676
10200	3635
10240	3593
10280	3593
10320	3593
10360	3549
10400	3508
10440	3508
10480	3508
10520	3466
10560	3422
10600	3422
10640	3381
10680	3339
10720	3339
10760	3339
10800	3295
10840	3295
10880	3254
10920	3212
10960	3212
11000	3171
11040	3127
11080	3127
11120	3085
11160	3044
11200	3044
11240	3000
11280	2958
11320	2958
11360	2917
11400	2873
11440	2873
11480	2832
11520	2790
11560	2790
11600	2746
11640	2705
11680	2705
11720	2663
11760	2619
11800	2619
11840	2578
11880	2536
11920	2536
11960	2492
12000	2492
12040	2451
12080	2451
12120	2365
12160	2365
12200	2324
12240	2324
12280	2282
12320	2238
12360	2238
12400	2197
12440	2155
12480	2114
12520	2070
12560	2070
12600	1987
12640	1987
12680	1943
12720	1943
12760	1901
12800	1860
12840	1816
12880	1774
12920	1774
12960	1733
13000	1689
13040	1689
13080	1647
13120	1606
13160	1562
13200	1562
13240	1520
13280	1479
13320	1435
13360	1393
13400	1352
13440	1308
13480	1308
13520	1308
13560	1266
13600	1225
13640	1181
13680	1181
13720	1181
13760	1139
13800	1139
13840	1139
13880	1098
13920	1056
13960	1012
14000	1012
14040	971
14080	929
14120	885
14160	885
14200	885
14240	844
14280	844
14320	802
14360	758
14400	758
14440	717
14480	675
14520	675
14560	631
14600	631
14640	631
14680	590
14720	590
14760	548
14800	548
14840	504
14880	463
14920	463
14960	463
15000	421
15040	421
15080	377
15120	377
15160	336
15200	336
15240	336
15280	336
15320	336
15360	294
15400	294
15440	294
15480	250
15520	209
15560	209
15600	209
15640	209
15680	167
15720	167
15760	167
15800	123
15840	123
15880	123
15920	123
15960	82
16000	82
16040	82
16080	82
16120	40
16160	82
16200	40
16240	40
16280	40
16320	40
16360	40
16400	40
16440	40
16480	40
16520	40
16560	40
16600	40
16640	40
16680	40
16720	40
16760	40
16800	40
16840	40
16880	40
16920	40
16960	40
17000	40
17040	82
17080	40
17120	82
17160	82
17200	82
17240	82
17280	82
17320	82
17360	123
17400	123
17440	123
17480	123
17520	123
17560	123
17600	167
17640	167
17680	209
17720	209
17760	250
17800	250
17840	250
17880	250
17920	294
17960	294
18000	294
18040	336
18080	336
18120	336
18160	377
18200	377
18240	377
18280	421
18320	421
18360	463
18400	463
18440	463
18480	504
18520	504
18560	504
18600	548
18640	590
18680	590
18720	631
18760	631
18800	675
18840	675
18880	717
18920	717
18960	758
19000	758
19040	802
19080	802
19120	844
19160	844
19200	885
19240	929
19280	929
19320	1012
19360	1012
19400	1012
19440	1056
19480	1056
19520	1098
19560	1139
19600	1139
19640	1139
19680	1181
19720	1181
19760	1225
19800	1266
19840	1266
19880	1308
19920	1352
19960	1352
20000	1435
20040	1435
20080	1479
20120	1479
20160	1520
20200	1562
20240	1562
20280	1606
20320	1647
20360	1689
20400	1689
20440	1733
20480	1733
20520	1774
20560	1816
20600	1860
20640	1860
20680	1901
20720	1943
20760	1987
20800	2028
20840	2028
20880	2070
20920	2114
20960	2155
21000	2155
21040	2197
21080	2238
21120	2238
21160	2282
21200	2324
21240	2365
21280	2365
21320	2409
21360	2409
21400	2451
21440	2492
21480	2492
21520	2492
21560	2536
21600	2536
21640	2578
21680	2619
21720	2663
21760	2663
21800	2705
21840	2705
21880	2746
21920	2790
21960	2832
22000	2832
22040	2873
22080	2873
22120	2917
22160	2958
22200	3000
22240	3000
22280	3044
22320	3085
22360	3085
22400	3127
22440	3171
22480	3171
22520	3171
22560	3212
22600	3254
22640	3254
22680	3254
22720	3339
22760	3339
22800	3339
22840	3381
22880	3381
22920	3422
22960	3422
23000	3466
23040	3508
23080	3508
23120	3508
23160	3549
23200	3593
23240	3593
23280	3593
23320	3635
23360	3635
23400	3676
23440	3676
23480	3720
23520	3720
23560	3720
23600	3720
23640	3762
23680	3803
23720	3803
23760	3803
23800	3803
23840	3803
23880	3847
23920	3847
23960	3889
24000	3889
24040	3847
24080	3889
24120	3889
24160	3889
24200	3889
24240	3930
24280	3930
24320	3930
24360	3930
24400	3974
24440	3974
24480	3974
24520	4016
24560	3974
24600	3974
24640	3974
24680	3974
24720	3974
24760	3974
24800	4016
24840	4016
24880	4016
24920	4016
24960	4016
25000	4016
25040	4016
25080	4016
25120	4016
25160	4016
25200	4016
25240	4016
25280	4016
25320	4016
25360	4016
25400	4016
25440	3974
25480	3974
25520	3974
25560	3974
25600	3974
25640	3974
25680	3974
25720	3974
25760	3974
25800	3930
25840	3974
25880	3930
25920	3930
25960	3930
26000	3889
26040	3889
26080	3889
26120	3889
26160	3889
26200	3889
26240	3847
26280	3847
26320	3847
26360	3803
26400	3803
26440	3762
26480	3762
26520	3762
26560	3720
26600	3720
26640	3720
26680	3676
26720	3676
26760	3635
26800	3635
26840	3593
26880	3593
26920	3549
26960	3549
27000	3549
27040	3508
27080	3466
27120	3466
27160	3466
27200	3381
27240	3381
27280	3381
27320	3339
27360	3339
27400	3295
27440	3295
27480	3254
27520	3212
27560	3212
27600	3171
27640	3127
27680	3127
27720	3085
27760	3044
27800	3044
27840	3000
27880	3000
27920	2958
27960	2917
28000	2873
28040	2873
28080	2832
28120	2790
28160	2790
28200	2746
28240	2705
28280	2663
28320	2663
28360	2619
28400	2619
28440	2578
28480	2536
28520	2536
28560	2492
28600	2492
28640	2492
28680	2451
28720	2409
28760	2365
28800	2324
28840	2324
28880	2282
28920	2238
28960	2197
29000	2155
29040	2155
29080	2114
29120	2114
29160	2070
29200	2028
29240	1987
29280	1987
29320	1943
29360	1901
29400	1860
29440	1816
29480	1816
29520	1774
29560	1733
29600	1689
29640	1689
29680	1647
29720	1647
29760	1606
29800	1562
29840	1520
29880	1479
29920	1479
29960	1435
30000	1393
30040	1352
30080	1308
30120	1308
30160	1266
30200	1266
30240	1181
30280	1181
30320	1181
30360	1139
30400	1139
30440	1139
30480	1098
30520	1056
30560	1056
30600	1012
30640	971
30680	929
30720	929
30760	929
30800	885
30840	844
30880	802
30920	802
30960	758
31000	758
31040	717
31080	675
31120	675
31160	675
31200	631
31240	590
31280	590
31320	590
31360	548
31400	548
31440	504
31480	463
31520	463
31560	463
31600	463
31640	421
31680	421
31720	377
31760	336
31800	336
31840	336
31880	294
31920	294
31960	294
32000	294
32040	250
32080	250
32120	209
32160	209
32200	209
32240	167
32280	167
32320	167
32360	167
32400	123
32440	167
32480	123
32520	123
32560	82
32600	82
32640	82
32680	82
32720	82
32760	40
32800	82
32840	40
32880	40
32920	40
32960	40
33000	40
33040	40
33080	40
33120	40
33160	40
33200	40
33240	40
33280	40
33320	40
33360	40
33400	40
33440	40
33480	40
33520	82
33560	40
33600	40
33640	82
33680	40
33720	82
33760	82
33800	82
33840	82
33880	123
33920	123
33960	123
34000	82
34040	123
34080	123
34120	167
34160	123
34200	167
34240	167
34280	209
34320	209
34360	209
34400	250
34440	250
34480	250
34520	294
34560	294
34600	294
34640	294
34680	336
34720	336
34760	336
34800	377
34840	377
34880	421
34920	463
34960	421
35000	463
35040	463
35080	504
35120	504
35160	504
35200	548
35240	590
35280	631
35320	631
35360	631
35400	675
35440	675
35480	717
35520	717
35560	717
35600	758
35640	758
35680	844
35720	844
35760	844
35800	885
35840	929
35880	971
35920	971
35960	971
36000	1012
36040	1056
36080	1056
36120	1098
36160	1139
36200	1139
36240	1181
36280	1181
36320	1181
36360	1225
36400	1266
36440	1308
36480	1308
36520	1352
36560	1352
36600	1393
36640	1435
36680	1435
36720	1520
36760	1520
36800	1562
36840	1606
36880	1606
36920	1647
36960	1647
37000	1689
37040	1733
37080	1774
37120	1774
37160	1816
37200	1860
37240	1860
37280	1901
37320	1943
37360	1987
37400	1987
37440	2028
37480	2070
37520	2114
37560	2114
37600	2155
37640	2197
37680	2197
37720	2282
37760	2282
37800	2324
37840	2324
37880	2365
37920	2409
37960	2409
38000	2451
38040	2492
38080	2492
38120	2492
38160	2536
38200	2536
38240	2578
38280	2619
38320	2663
38360	2705
38400	2705
38440	2705
38480	2746
38520	2790
38560	2790
38600	2832
38640	2873
38680	2873
38720	2917
38760	2958
38800	3000
38840	3000
38880	3044
38920	3085
38960	3085
39000	3085
39040	3171
39080	3171
39120	3171
39160	3212
39200	3254
39240	3254
39280	3295
39320	3339
39360	3339
39400	3339
39440	3381
39480	3422
39520	3381
39560	3422
39600	3466
39640	3508
39680	3508
39720	3508
39760	3549
39800	3593
39840	3593
39880	3635
39920	3635
39960	3676
40000	3676
40040	3676
40080	3720
40120	3720
40160	3720
40200	3762
40240	3762
40280	3803
40320	3803
40360	3803
40400	3803
40440	3847
40480	3847
40520	3847
40560	3847
40600	3847
40640	3889
40680	3889
40720	3889
40760	3889
40800	3930
40840	3930
40880	3930
40920	3930
40960	3930
41000	3974
41040	3974
41080	3974
41120	3974
41160	3974
41200	3974
41240	3974
41280	3974
41320	3974
41360	3974
41400	4016
41440	4016
41480	4016
41520	4016
41560	4016
41600	4016
41640	4016
41680	4016
41720	4016
41760	4016
41800	4016
41840	4016
41880	4016
41920	4016
41960	4016
42000	3974
42040	3974
42080	3974
42120	3974
42160	4016
42200	3974
42240	4016
42280	3974
42320	3974
42360	3974
42400	3930
42440	3930
42480	3889
42520	3930
42560	3889
42600	3889
42640	3889
42680	3889
42720	3889
42760	3889
42800	3889
42840	3847
42880	3847
42920	3847
42960	3803
43000	3762
43040	3762
43080	3762
43120	3762
43160	3720
43200	3762
43240	3720
43280	3676
43320	3676
43360	3676
43400	3635
43440	3593
43480	3593
43520	3593
43560	3593
43600	3508
43640	3508
43680	3508
43720	3466
43760	3466
43800	3381
43840	3381
43880	3381
43920	3339
43960	3339
44000	3295
44040	3254
44080	3254
44120	3212
44160	3212
44200	3212
44240	3171
44280	3127
44320	3127
44360	3085
44400	3044
44440	3000
44480	3000
44520	2958
44560	2917
44600	2873
44640	2873
44680	2832
44720	2832
44760	2790
44800	2746
44840	2705
44880	2705
44920	2663
44960	2619
45000	2619
45040	2578
45080	2536
45120	2536
45160	2492
45200	2492
45240	2492
45280	2451
45320	2409
45360	2365
45400	2365
45440	2324
45480	2282
45520	2238
45560	2238
45600	2155
45640	2155
45680	2114
45720	2070
45760	2070
45800	2028
45840	1987
45880	1943
45920	1943
45960	1901
46000	1860
46040	1860
46080	1816
46120	1774
46160	1774
46200	1689
46240	1689
46280	1647
46320	1606
46360	1606
46400	1562
46440	1520
46480	1479
46520	1435
46560	1393
46600	1393
46640	1352
46680	1352
46720	1308
46760	1308
46800	1266
46840	1225
46880	1181
46920	1181
46960	1181
47000	1139
47040	1098
47080	1098
47120	1056
47160	1012
47200	1012
47240	971
47280	971
47320	929
47360	885
47400	844
47440	844
47480	802
47520	802
47560	802
47600	758
47640	717
47680	675
47720	675
47760	631
47800	631
47840	590
47880	590
47920	590
47960	548
48000	548
48040	504
48080	504
48120	463
48160	463
48200	463
48240	421
48280	377
48320	377
48360	377
48400	336
48440	336
48480	336
48520	294
48560	294
48600	294
48640	250
48680	209
48720	209
48760	209
48800	209
48840	209
48880	209
48920	167
48960	167
49000	123
49040	123
49080	123
49120	123
49160	123
49200	82
49240	82
49280	82
49320	40
49360	82
49400	82
49440	82
49480	82
49520	40
49560	40
49600	40
49640	40
49680	-1
49720	40
49760	40
49800	40
49840	40
49880	40
49920	40
49960	40
50000	40
50040	40
50080	40
50120	40
50160	40
50200	40
50240	40
50280	40
50320	82
50360	82
50400	82
50440	82
50480	123
50520	123
50560	82
50600	82
50640	123
50680	123
50720	123
50760	167
50800	167
50840	167
50880	167
50920	209
50960	209
51000	209
51040	250
51080	294
51120	250
51160	250
51200	294
51240	294
51280	336
51320	336
51360	336
51400	377
51440	377
51480	421
51520	421
51560	463
51600	463
51640	504
51680	504
51720	504
51760	548
51800	548
51840	590
51880	631
51920	590
51960	631
52000	675
52040	675
52080	717
52120	717
52160	758
52200	758
52240	758
52280	844
52320	844
52360	885
52400	885
52440	929
52480	929
52520	971
52560	971
52600	1012
52640	1056
52680	1056
52720	1098
52760	1139
52800	1139
52840	1139
52880	1181
52920	1181
52960	1225
53000	1266
53040	1308
53080	1308
53120	1352
53160	1352
53200	1393
53240	1435
53280	1479
53320	1479
53360	1520
53400	1520
53440	1606
53480	1606
53520	1647
53560	1689
53600	1689
53640	1733
53680	1733
53720	1816
53760	1816
53800	1860
53840	1860
53880	1901
53920	1943
53960	1987
54000	2028
54040	2028
54080	2070
54120	2070
54160	2114
54200	2155
54240	2197
54280	2197
54320	2238
54360	2282
54400	2324
54440	2324
54480	2365
54520	2365
54560	2409
54600	2451
54640	2451
54680	2492
54720	2492
54760	2536
54800	2536
54840	2578
54880	2578
54920	2663
54960	2663
55000	2705
55040	2746
55080	2746
55120	2790
55160	2832
55200	2832
55240	2873
55280	2873
55320	2917
55360	2917
55400	3000
55440	3000
55480	3044
55520	3044
55560	3085
55600	3085
55640	3127
55680	3171
55720	3171
55760	3212
55800	3212
55840	3254
55880	3254
55920	3295
55960	3339
56000	3339
56040	3381
56080	3381
56120	3422
56160	3422
56200	3466
56240	3466
56280	3508
56320	3549
56360	3549
56400	3549
56440	3593
56480	3593
56520	3635
56560	3676
56600	3676
56640	3676
56680	3720
56720	3720
56760	3720
56800	3720
56840	3762
56880	3762
56920	3762
56960	3803
57000	3803
57040	3847
57080	3803
57120	3847
57160	3847
57200	3847
57240	3889
57280	3889
57320	3889
57360	3889
57400	3889
57440	3930
57480	3930
57520	3930
57560	3930
57600	3930
57640	3930
57680	3974
57720	3974
57760	4016
57800	3974
57840	3974
57880	4016
57920	3974
57960	4016
58000	4016
58040	4016
58080	4016
58120	4016
58160	4016
58200	4016
58240	4016
58280	3974
58320	4016
58360	4016
58400	4016
58440	3974
58480	3974
58520	3974
58560	4016
58600	3974
58640	3974
58680	4016
58720	3974
58760	3974
58800	3974
58840	3974
58880	3974
58920	3974
58960	3974
59000	3930
59040	3930
59080	3930
59120	3930
59160	3930
59200	3889
59240	3889
59280	3889
59320	3889
59360	3889
59400	3889
59440	3847
59480	3847
59520	3847
59560	3803
59600	3803
59640	3803
59680	3762
59720	3762
59760	3762
59800	3720
59840	3720
59880	3676
59920	3676
59960	3676
60000	3635
60040	3593
60080	3593
60120	3593
60160	3549
60200	3508
60240	3508
60280	3508
60320	3466
60360	3422
60400	3422
60440	3381
60480	3381
60520	3339
60560	3339
60600	3295
60640	3254
60680	3254
60720	3212
60760	3212
60800	3171
60840	3171
60880	3127
60920	3127
60960	3085
61000	3044
61040	3000
61080	3000
61120	2958
61160	2917
61200	2873
61240	2873
61280	2832
61320	2790
61360	2790
61400	2746
61440	2705
61480	2663
61520	2663
61560	2619
61600	2578
61640	2536
61680	2536
61720	2536
61760	2536
61800	2492
61840	2492
61880	2451
61920	2409
61960	2365
62000	2365
62040	2324
62080	2282
62120	2282
62160	2238
62200	2197
62240	2197
62280	2155
62320	2114
62360	2070
62400	2028
62440	1987
62480	1987
62520	1943
62560	1943
62600	1860
62640	1860
62680	1816
62720	1774
62760	1774
62800	1733
62840	1689
62880	1647
62920	1647
62960	1562
63000	1562
63040	1520
63080	1479
63120	1479
63160	1435
63200	1435
63240	1352
63280	1352
63320	1308
63360	1266
63400	1266
63440	1225
63480	1181
63520	1181
63560	1139
63600	1139
63640	1139
63680	1098
63720	1056
63760	1012
63800	1012
63840	1012
63880	971
63920	929
63960	929
64000	885
64040	844
64080	844
64120	802
64160	758
64200	758
64240	717
64280	717
64320	675
64360	675
64400	631
64440	590
64480	590
64520	590
64560	548
64600	548
64640	504
64680	504
64720	463
64760	463
64800	463
64840	421
64880	377
64920	377
64960	377
65000	336
65040	336
65080	336
65120	294
65160	294
65200	294
65240	250
65280	250
65320	250
65360	250
65400	209
65440	209
65480	209
65520	167
65560	167
65600	167
65640	123
65680	123
65720	123
65760	123
65800	123
65840	82
65880	82
65920	82
65960	82
66000	82
66040	40
66080	40
66120	40
66160	40
66200	40
66240	40
66280	40
66320	40
66360	40
66400	40
66440	40
66480	40
66520	40
66560	40
66600	40
66640	40
66680	82
66720	40
66760	40
66800	40
66840	82
66880	82
66920	82
66960	40
67000	82
67040	82
67080	123
67120	82
67160	123
67200	123
67240	123
67280	123
67320	167
67360	167
67400	123
67440	167
67480	209
67520	209
67560	209
67600	250
67640	250
67680	250
67720	250
67760	294
67800	294
67840	294
67880	336
67920	336
67960	336
68000	377
68040	377
68080	377
68120	421
68160	463
68200	463
68240	463
68280	463
68320	504
68360	504
68400	548
68440	590
68480	590
68520	631
68560	631
68600	675
68640	675
68680	675
68720	717
68760	758
68800	758
68840	802
68880	802
68920	844
68960	844
69000	885
69040	929
69080	971
69120	971
69160	971
69200	1012
69240	1012
69280	1056
69320	1098
69360	1098
69400	1139
69440	1139
69480	1181
69520	1181
69560	1225
69600	1225
69640	1308
69680	1308
69720	1352
69760	1352
69800	1393
69840	1393
69880	1479
69920	1479
69960	1520
70000	1562
70040	1562
70080	1606
70120	1647
70160	1647
70200	1689
70240	1733
70280	1774
70320	1774
70360	1816
70400	1860
70440	1860
70480	1901
70520	1901
70560	1987
70600	2028
70640	2028
70680	2070
70720	2070
70760	2114
70800	2155
70840	2197
70880	2238
70920	2238
70960	2282
71000	2324
71040	2324
71080	2365
71120	2409
71160	2409
71200	2451
71240	2451
71280	2492
71320	2492
71360	2536
71400	2536
71440	2578
71480	2578
71520	2619
71560	2663
71600	2663
71640	2705
71680	2746
71720	2746
71760	2790
71800	2832
71840	2873
71880	2873
71920	2917
71960	2917
72000	2958
72040	3000
72080	3000
72120	3044
72160	3085
72200	3085
72240	3127
72280	3171
72320	3171
72360	3212
72400	3212
72440	3212
72480	3254
72520	3295
72560	3339
72600	3381
72640	3381
72680	3381
72720	3381
72760	3422
72800	3466
72840	3508
72880	3508
72920	3508
72960	3549
73000	3549
73040	3593
73080	3593
73120	3635
73160	3635
73200	3635
73240	3676
73280	3720
73320	3720
73360	3720
73400	3720
73440	3762
73480	3803
73520	3762
73560	3803
73600	3803
73640	3847
73680	3847
73720	3847
73760	3847
73800	3847
73840	3889
73880	3889
73920	3889
73960	3889
74000	3930
74040	3930
74080	3930
74120	3930
74160	3930
74200	3930
74240	3974
74280	3974
74320	3974
74360	3974
74400	3974
74440	4016
74480	3974
74520	4016
74560	4016
74600	4016
74640	4016
74680	4016
74720	4016
74760	4016
74800	4016
74840	4016
74880	3974
74920	4016
74960	4016
75000	4016
75040	4016
75080	3974
75120	4016
75160	4016
75200	4016
75240	4016
75280	3974
75320	3974
75360	3974
75400	3974
75440	3974
75480	3974
75520	3974
75560	3974
75600	3930
75640	3930
75680	3930
75720	3930
75760	3930
75800	3889
75840	3889
75880	3889
75920	3889
75960	3889
76000	3889
76040	3889
76080	3847
76120	3847
76160	3847
76200	3803
76240	3762
76280	3762
76320	3762
76360	3762
76400	3762
76440	3720
76480	3676
76520	3676
76560	3676
76600	3635
76640	3635
76680	3593
76720	3593
76760	3549
76800	3549
76840	3508
76880	3508
76920	3466
76960	3466
77000	3422
77040	3381
77080	3381
77120	3339
77160	3339
77200	3295
77240	3295
77280	3254
77320	3212
77360	3212
77400	3212
77440	3171
77480	3127
77520	3085
77560	3085
77600	3044
77640	3000
77680	3000
77720	2958
77760	2917
77800	2917
77840	2873
77880	2832
77920	2832
77960	2790
78000	2746
78040	2705
78080	2663
78120	2663
78160	2663
78200	2619
78240	2578
78280	2536
78320	2536
78360	2492
78400	2492
78440	2492
78480	2451
78520	2409
78560	2365
78600	2365
78640	2324
78680	2324
78720	2238
78760	2238
78800	2197
78840	2155
78880	2114
78920	2114
78960	2070
79000	2028
79040	2028
79080	1987
79120	1943
79160	1901
79200	1860
79240	1816
79280	1816
79320	1774
79360	1774
79400	1733
79440	1689
79480	1689
79520	1647
79560	1606
79600	1562
79640	1520
79680	1520
79720	1435
79760	1435
79800	1435
79840	1393
79880	1352
79920	1308
79960	1266
