Time	Channel A	Channel B
(ms)	(V)	(V)

0.00000000	2.03786300	-0.08673721
0.02000000	2.08230800	-0.08673721
0.04000000	2.03786300	-0.17378200
0.06000000	2.08230800	-0.17378200
0.08000000	2.08230800	-0.17378200
0.10000000	2.08230800	-0.17378200
0.12000000	2.12659900	-0.17378200
0.14000000	2.12659900	-0.26082680
0.16000000	2.12659900	-0.26082680
0.18000000	2.12659900	-0.26082680
0.19999999	2.12659900	-0.26082680
0.21999999	2.12659900	-0.26082680
0.23999999	2.12659900	-0.26082680
0.25999999	2.12659900	-0.34787150
0.27999999	2.12659900	-0.34787150
0.29999999	2.12659900	-0.34787150
0.31999999	2.17089100	-0.34787150
0.33999999	2.17089100	-0.43491630
0.35999999	2.17089100	-0.43491630
0.37999999	2.17089100	-0.43491630
0.39999999	2.17089100	-0.43491630
0.41999999	2.17089100	-0.43491630
0.43999999	2.17089100	-0.52196110
0.45999999	2.17089100	-0.52196110
0.47999999	2.17089100	-0.52196110
0.49999999	2.21518200	-0.52196110
0.51999999	2.17089100	-0.52196110
0.53999999	2.21518200	-0.52196110
0.55999999	2.17089100	-0.60900590
0.57999999	2.17089100	-0.60900590
0.59999998	2.21518200	-0.60900590
0.61999998	2.25947300	-0.60900590
0.63999998	2.21518200	-0.69605070
0.65999998	2.21518200	-0.69605070
0.67999998	2.21518200	-0.69605070
0.69999998	2.17089100	-0.69605070
0.71999998	2.21518200	-0.78309550
0.73999998	2.21518200	-0.69605070
0.75999998	2.21518200	-0.78309550
0.77999998	2.25947300	-0.78309550
0.79999998	2.21518200	-0.78309550
0.81999998	2.21518200	-0.78309550
0.83999998	2.25947300	-0.86983270
0.85999998	2.21518200	-0.86983270
0.87999998	2.21518200	-0.86983270
0.89999998	2.25947300	-0.86983270
0.91999998	2.25947300	-0.86983270
0.93999998	2.25947300	-0.95687750
0.95999998	2.21518200	-0.95687750
0.97999998	2.25947300	-0.95687750
0.99999997	2.25947300	-0.95687750
1.01999997	2.25947300	-1.04392200
1.03999997	2.25947300	-0.95687750
1.05999997	2.25947300	-1.04392200
1.07999997	2.25947300	-1.04392200
1.09999997	2.25947300	-1.04392200
1.11999997	2.25947300	-1.04392200
1.13999997	2.25947300	-1.04392200
1.15999997	2.25947300	-1.13096700
1.17999997	2.25947300	-1.13096700
1.19999997	2.25947300	-1.13096700
1.21999997	2.25947300	-1.13096700
1.23999997	2.25947300	-1.13096700
1.25999997	2.25947300	-1.21801200
1.27999997	2.25947300	-1.21801200
1.29999997	2.25947300	-1.21801200
1.31999997	2.25947300	-1.30505700
1.33999997	2.25947300	-1.30505700
1.35999997	2.25947300	-1.30505700
1.37999997	2.25947300	-1.30505700
1.39999996	2.25947300	-1.30505700
1.41999996	2.25947300	-1.30505700
1.43999996	2.25947300	-1.39210100
1.45999996	2.30376500	-1.39210100
1.47999996	2.25947300	-1.39210100
1.49999996	2.25947300	-1.39210100
1.51999996	2.30376500	-1.39210100
1.53999996	2.25947300	-1.39210100
1.55999996	2.30376500	-1.47914600
1.57999996	2.30376500	-1.47914600
1.59999996	2.25947300	-1.47914600
1.61999996	2.25947300	-1.47914600
1.63999996	2.25947300	-1.56619100
1.65999996	2.25947300	-1.56619100
1.67999996	2.25947300	-1.56619100
1.69999996	2.25947300	-1.56619100
1.71999996	2.25947300	-1.56619100
1.73999996	2.25947300	-1.65323600
1.75999996	2.25947300	-1.65323600
1.77999996	2.25947300	-1.65323600
1.79999995	2.30376500	-1.65323600
1.81999995	2.25947300	-1.73997300
1.83999995	2.25947300	-1.65323600
1.85999995	2.30376500	-1.73997300
1.87999995	2.25947300	-1.73997300
1.89999995	2.30376500	-1.73997300
1.91999995	2.25947300	-1.73997300
1.93999995	2.30376500	-1.82701800
1.95999995	2.25947300	-1.82701800
1.97999995	2.30376500	-1.82701800
1.99999995	2.25947300	-1.82701800
2.01999995	2.25947300	-1.82701800
2.03999995	2.30376500	-1.91406300
2.05999995	2.30376500	-1.91406300
2.07999995	2.25947300	-1.91406300
2.09999995	2.30376500	-1.91406300
2.11999995	2.30376500	-1.91406300
2.13999995	2.30376500	-2.00110700
2.15999995	2.30376500	-1.91406300
2.17999994	2.30376500	-2.00110700
2.19999994	2.25947300	-2.00110700
2.21999994	2.30376500	-2.00110700
2.23999994	2.30376500	-2.08815200
2.25999994	2.30376500	-2.00110700
2.27999994	2.30376500	-2.08815200
2.29999994	2.30376500	-2.08815200
2.31999994	2.30376500	-2.08815200
2.33999994	2.30376500	-2.17519700
2.35999994	2.30376500	-2.17519700
2.37999994	2.30376500	-2.17519700
2.39999994	2.30376500	-2.17519700
2.41999994	2.30376500	-2.17519700
2.43999994	2.30376500	-2.17519700
2.45999994	2.25947300	-2.26224200
2.47999994	2.30376500	-2.26224200
2.49999994	2.30376500	-2.26224200
2.51999994	2.25947300	-2.26224200
2.53999994	2.30376500	-2.26224200
2.55999994	2.25947300	-2.34928600
2.57999993	2.30376500	-2.34928600
2.59999993	2.30376500	-2.34928600
2.61999993	2.30376500	-2.34928600
2.63999993	2.30376500	-2.34928600
2.65999993	2.25947300	-2.43633100
2.67999993	2.30376500	-2.43633100
2.69999993	2.25947300	-2.43633100
2.71999993	2.30376500	-2.43633100
2.73999993	2.25947300	-2.52337600
2.75999993	2.30376500	-2.43633100
2.77999993	2.30376500	-2.52337600
2.79999993	2.30376500	-2.52337600
2.81999993	2.30376500	-2.52337600
2.83999993	2.25947300	-2.61011300
2.85999993	2.25947300	-2.61011300
2.87999993	2.30376500	-2.61011300
2.89999993	2.30376500	-2.61011300
2.91999993	2.30376500	-2.61011300
2.93999993	2.30376500	-2.69715800
2.95999993	2.30376500	-2.69715800
2.97999992	2.30376500	-2.69715800
2.99999992	2.25947300	-2.69715800
3.01999992	2.25947300	-2.69715800
3.03999992	2.30376500	-2.69715800
3.05999992	2.30376500	-2.78420300
3.07999992	2.30376500	-2.78420300
3.09999992	2.30376500	-2.78420300
3.11999992	2.30376500	-2.78420300
3.13999992	2.25947300	-2.78420300
3.15999992	2.30376500	-2.87124800
3.17999992	2.25947300	-2.87124800
3.19999992	2.30376500	-2.87124800
3.21999992	2.30376500	-2.87124800
3.23999992	2.30376500	-2.87124800
3.25999992	2.30376500	-2.87124800
3.27999992	2.30376500	-2.95829200
3.29999992	2.30376500	-2.95829200
3.31999992	2.30376500	-2.95829200
3.33999992	2.30376500	-2.95829200
3.35999992	2.34805600	-3.04533700
3.37999991	2.30376500	-3.04533700
3.39999991	2.30376500	-3.04533700
3.41999991	2.30376500	-3.04533700
3.43999991	2.30376500	-3.13238200
3.45999991	2.30376500	-3.13238200
3.47999991	2.30376500	-3.13238200
3.49999991	2.30376500	-3.13238200
3.51999991	2.30376500	-3.13238200
3.53999991	2.30376500	-3.21942700
3.55999991	2.30376500	-3.21942700
3.57999991	2.30376500	-3.21942700
3.59999991	2.30376500	-3.21942700
3.61999991	2.25947300	-3.21942700
3.63999991	2.30376500	-3.21942700
3.65999991	2.30376500	-3.30647100
3.67999991	2.30376500	-3.30647100
3.69999991	2.30376500	-3.30647100
3.71999991	2.25947300	-3.30647100
3.73999991	2.30376500	-3.30647100
3.75999991	2.30376500	-3.30647100
3.77999990	2.30376500	-3.39351600
3.79999990	2.30376500	-3.39351600
3.81999990	2.30376500	-3.39351600
3.83999990	2.30376500	-3.39351600
3.85999990	2.25947300	-3.48025300
3.87999990	2.30376500	-3.48025300
3.89999990	2.30376500	-3.48025300
3.91999990	2.30376500	-3.48025300
3.93999990	2.30376500	-3.48025300
3.95999990	2.30376500	-3.48025300
3.97999990	2.30376500	-3.56729800
3.99999990	2.30376500	-3.56729800
4.01999990	2.30376500	-3.56729800
4.03999990	2.30376500	-3.56729800
4.05999990	2.30376500	-3.56729800
4.07999990	2.30376500	-3.65434300
4.09999990	2.30376500	-3.65434300
4.11999990	2.34805600	-3.65434300
4.13999990	2.30376500	-3.65434300
4.15999989	2.30376500	-3.65434300
4.17999989	2.30376500	-3.74138800
4.19999989	2.30376500	-3.74138800
4.21999989	2.30376500	-3.74138800
4.23999989	2.30376500	-3.74138800
4.25999989	2.30376500	-3.74138800
4.27999989	2.30376500	-3.82843300
4.29999989	2.30376500	-3.82843300
4.31999989	2.30376500	-3.82843300
4.33999989	2.30376500	-3.82843300
4.35999989	2.30376500	-3.82843300
4.37999989	2.30376500	-3.91547700
4.39999989	2.30376500	-3.91547700
4.41999989	2.30376500	-3.91547700
4.43999989	2.30376500	-3.91547700
4.45999989	2.30376500	-4.00252200
4.47999989	2.30376500	-3.91547700
4.49999989	2.30376500	-4.00252200
4.51999989	2.30376500	-4.00252200
4.53999989	2.30376500	-4.00252200
4.55999988	2.30376500	-4.08956700
4.57999988	2.30376500	-4.08956700
4.59999988	2.30376500	-4.08956700
4.61999988	2.30376500	-4.08956700
4.63999988	2.34805600	-4.08956700
4.65999988	2.30376500	-4.08956700
4.67999988	2.25947300	-4.17661200
4.69999988	2.34805600	-4.08956700
4.71999988	2.30376500	-4.17661200
4.73999988	2.30376500	-4.17661200
4.75999988	2.30376500	-4.17661200
4.77999988	2.30376500	-4.17661200
4.79999988	2.34805600	-4.08956700
4.81999988	2.30376500	-4.08956700
4.83999988	2.30376500	-4.08956700
4.85999988	2.30376500	-4.08956700
4.87999988	2.30376500	-4.00252200
4.89999988	2.30376500	-4.00252200
4.91999988	2.30376500	-4.00252200
4.93999988	2.30376500	-4.00252200
4.95999987	2.30376500	-4.00252200
4.97999987	2.30376500	-4.00252200
4.99999987	2.34805600	-4.00252200
5.01999987	2.34805600	-3.91547700
5.03999987	2.30376500	-3.91547700
5.05999987	2.30376500	-3.91547700
5.07999987	2.30376500	-3.91547700
5.09999987	2.34805600	-3.82843300
5.11999987	2.30376500	-3.82843300
5.13999987	2.30376500	-3.82843300
5.15999987	2.34805600	-3.82843300
5.17999987	2.30376500	-3.82843300
5.19999987	2.30376500	-3.74138800
5.21999987	2.30376500	-3.74138800
5.23999987	2.34805600	-3.74138800
5.25999987	2.30376500	-3.74138800
5.27999987	2.30376500	-3.74138800
5.29999987	2.30376500	-3.65434300
5.31999987	2.30376500	-3.65434300
5.33999987	2.30376500	-3.65434300
5.35999986	2.30376500	-3.65434300
5.37999986	2.30376500	-3.65434300
5.39999986	2.34805600	-3.65434300
5.41999986	2.30376500	-3.56729800
5.43999986	2.30376500	-3.56729800
5.45999986	2.34805600	-3.56729800
5.47999986	2.30376500	-3.56729800
5.49999986	2.34805600	-3.48025300
5.51999986	2.30376500	-3.48025300
5.53999986	2.30376500	-3.48025300
5.55999986	2.30376500	-3.48025300
5.57999986	2.30376500	-3.48025300
5.59999986	2.30376500	-3.39351600
5.61999986	2.30376500	-3.39351600
5.63999986	2.30376500	-3.39351600
5.65999986	2.30376500	-3.39351600
5.67999986	2.30376500	-3.39351600
5.69999986	2.30376500	-3.30647100
5.71999986	2.30376500	-3.30647100
5.73999985	2.30376500	-3.30647100
5.75999985	2.30376500	-3.30647100
5.77999985	2.30376500	-3.21942700
5.79999985	2.30376500	-3.21942700
5.81999985	2.34805600	-3.21942700
5.83999985	2.34805600	-3.21942700
5.85999985	2.30376500	-3.21942700
5.87999985	2.30376500	-3.13238200
5.89999985	2.30376500	-3.21942700
5.91999985	2.30376500	-3.13238200
5.93999985	2.34805600	-3.13238200
5.95999985	2.30376500	-3.13238200
5.97999985	2.30376500	-3.13238200
5.99999985	2.30376500	-3.04533700
6.01999985	2.34805600	-3.04533700
6.03999985	2.30376500	-3.04533700
6.05999985	2.30376500	-3.04533700
6.07999985	2.30376500	-3.04533700
6.09999985	2.30376500	-2.95829200
6.11999985	2.30376500	-2.95829200
6.13999984	2.34805600	-2.95829200
6.15999984	2.30376500	-2.95829200
6.17999984	2.30376500	-2.95829200
6.19999984	2.30376500	-2.87124800
6.21999984	2.30376500	-2.87124800
6.23999984	2.30376500	-2.87124800
6.25999984	2.30376500	-2.87124800
6.27999984	2.30376500	-2.87124800
6.29999984	2.34805600	-2.78420300
6.31999984	2.30376500	-2.78420300
6.33999984	2.34805600	-2.78420300
6.35999984	2.34805600	-2.78420300
6.37999984	2.34805600	-2.78420300
6.39999984	2.30376500	-2.69715800
6.41999984	2.34805600	-2.69715800
6.43999984	2.30376500	-2.69715800
6.45999984	2.30376500	-2.69715800
6.47999984	2.34805600	-2.69715800
6.49999984	2.34805600	-2.69715800
6.51999984	2.30376500	-2.61011300
6.53999983	2.34805600	-2.61011300
6.55999983	2.30376500	-2.61011300
6.57999983	2.30376500	-2.61011300
6.59999983	2.30376500	-2.61011300
6.61999983	2.34805600	-2.52337600
6.63999983	2.30376500	-2.52337600
6.65999983	2.30376500	-2.52337600
6.67999983	2.30376500	-2.52337600
6.69999983	2.30376500	-2.43633100
6.71999983	2.34805600	-2.43633100
6.73999983	2.34805600	-2.43633100
6.75999983	2.30376500	-2.43633100
6.77999983	2.34805600	-2.43633100
6.79999983	2.30376500	-2.34928600
6.81999983	2.34805600	-2.34928600
6.83999983	2.30376500	-2.34928600
6.85999983	2.30376500	-2.34928600
6.87999983	2.30376500	-2.34928600
6.89999983	2.30376500	-2.26224200
6.91999983	2.30376500	-2.26224200
6.93999982	2.30376500	-2.26224200
6.95999982	2.34805600	-2.26224200
6.97999982	2.30376500	-2.26224200
6.99999982	2.34805600	-2.17519700
7.01999982	2.34805600	-2.17519700
7.03999982	2.30376500	-2.17519700
7.05999982	2.34805600	-2.17519700
7.07999982	2.34805600	-2.17519700
7.09999982	2.34805600	-2.08815200
7.11999982	2.34805600	-2.08815200
7.13999982	2.34805600	-2.08815200
7.15999982	2.30376500	-2.08815200
7.17999982	2.34805600	-2.08815200
7.19999982	2.30376500	-2.08815200
7.21999982	2.34805600	-2.00110700
7.23999982	2.34805600	-2.00110700
7.25999982	2.34805600	-2.00110700
7.27999982	2.34805600	-2.00110700
7.29999982	2.34805600	-1.91406300
7.31999982	2.30376500	-1.91406300
7.33999981	2.34805600	-1.91406300
7.35999981	2.30376500	-1.91406300
7.37999981	2.30376500	-1.91406300
7.39999981	2.30376500	-1.82701800
7.41999981	2.34805600	-1.82701800
7.43999981	2.30376500	-1.82701800
7.45999981	2.34805600	-1.73997300
7.47999981	2.34805600	-1.82701800
7.49999981	2.34805600	-1.73997300
7.51999981	2.34805600	-1.73997300
7.53999981	2.34805600	-1.73997300
7.55999981	2.34805600	-1.73997300
7.57999981	2.30376500	-1.73997300
7.59999981	2.34805600	-1.65323600
7.61999981	2.30376500	-1.65323600
7.63999981	2.34805600	-1.65323600
7.65999981	2.30376500	-1.65323600
7.67999981	2.30376500	-1.65323600
7.69999981	2.30376500	-1.56619100
7.71999980	2.34805600	-1.56619100
7.73999980	2.34805600	-1.56619100
7.75999980	2.34805600	-1.56619100
7.77999980	2.34805600	-1.56619100
7.79999980	2.30376500	-1.56619100
7.81999980	2.34805600	-1.47914600
7.83999980	2.34805600	-1.47914600
7.85999980	2.34805600	-1.47914600
7.87999980	2.34805600	-1.39210100
7.89999980	2.34805600	-1.39210100
7.91999980	2.30376500	-1.39210100
7.93999980	2.34805600	-1.39210100
7.95999980	2.34805600	-1.39210100
7.97999980	2.34805600	-1.39210100
7.99999980	2.30376500	-1.30505700
8.01999980	2.30376500	-1.30505700
8.03999980	2.34805600	-1.30505700
8.05999980	2.34805600	-1.30505700
8.07999980	2.34805600	-1.21801200
8.09999980	2.34805600	-1.21801200
8.11999979	2.30376500	-1.21801200
8.13999979	2.34805600	-1.21801200
8.15999979	2.34805600	-1.21801200
8.17999979	2.30376500	-1.13096700
8.19999979	2.34805600	-1.13096700
8.21999979	2.34805600	-1.13096700
8.23999979	2.30376500	-1.13096700
8.25999979	2.34805600	-1.13096700
8.27999979	2.30376500	-1.13096700
8.29999979	2.34805600	-1.04392200
8.31999979	2.34805600	-1.04392200
8.33999979	2.34805600	-1.04392200
8.35999979	2.34805600	-1.04392200
8.37999979	2.30376500	-0.95687750
8.39999979	2.34805600	-0.95687750
8.41999979	2.34805600	-0.95687750
8.43999979	2.34805600	-0.95687750
8.45999979	2.30376500	-0.95687750
8.47999979	2.30376500	-0.95687750
8.49999979	2.30376500	-0.86983270
8.51999978	2.34805600	-0.86983270
8.53999978	2.34805600	-0.86983270
8.55999978	2.34805600	-0.86983270
8.57999978	2.34805600	-0.86983270
8.59999978	2.34805600	-0.78309550
8.61999978	2.34805600	-0.78309550
8.63999978	2.34805600	-0.78309550
8.65999978	2.39234700	-0.78309550
8.67999978	2.34805600	-0.69605070
8.69999978	2.34805600	-0.69605070
8.71999978	2.34805600	-0.69605070
8.73999978	2.30376500	-0.69605070
8.75999978	2.34805600	-0.69605070
8.77999978	2.30376500	-0.69605070
8.79999978	2.34805600	-0.60900590
8.81999978	2.34805600	-0.60900590
8.83999978	2.34805600	-0.60900590
8.85999978	2.34805600	-0.60900590
8.87999978	2.30376500	-0.52196110
8.89999978	2.34805600	-0.60900590
8.91999977	2.30376500	-0.52196110
8.93999977	2.34805600	-0.52196110
8.95999977	2.30376500	-0.52196110
8.97999977	2.34805600	-0.52196110
8.99999977	2.34805600	-0.52196110
9.01999977	2.34805600	-0.43491630
9.03999977	2.34805600	-0.43491630
9.05999977	2.34805600	-0.43491630
9.07999977	2.34805600	-0.43491630
9.09999977	2.34805600	-0.34787150
9.11999977	2.34805600	-0.34787150
9.13999977	2.34805600	-0.34787150
9.15999977	2.34805600	-0.34787150
9.17999977	2.30376500	-0.26082680
9.19999977	2.30376500	-0.26082680
9.21999977	2.30376500	-0.26082680
9.23999977	2.34805600	-0.26082680
9.25999977	2.30376500	-0.26082680
9.27999977	2.30376500	-0.17378200
9.29999977	2.34805600	-0.17378200
9.31999976	2.34805600	-0.17378200
9.33999976	2.34805600	-0.17378200
9.35999976	2.34805600	-0.08673721
9.37999976	2.34805600	-0.08673721
9.39999976	2.34805600	-0.08673721
9.41999976	2.34805600	-0.08673721
9.43999976	2.30376500	0.00000000
9.45999976	2.30376500	0.00000000
9.47999976	2.30376500	0.00000000
9.49999976	2.34805600	0.00000000
9.51999976	2.34805600	0.08673721
9.53999976	2.34805600	0.08673721
9.55999976	2.30376500	0.08673721
9.57999976	2.34805600	0.08673721
9.59999976	2.34805600	0.08673721
9.61999976	2.34805600	0.08673721
9.63999976	2.34805600	0.17378200
9.65999976	2.30376500	0.17378200
9.67999976	2.34805600	0.17378200
9.69999975	2.30376500	0.17378200
9.71999975	2.30376500	0.26082680
9.73999975	2.30376500	0.26082680
9.75999975	2.30376500	0.26082680
9.77999975	2.30376500	0.34787150
9.79999975	2.34805600	0.34787150
9.81999975	2.30376500	0.34787150
9.83999975	2.30376500	0.34787150
9.85999975	2.30376500	0.34787150
9.87999975	2.30376500	0.43491630
9.89999975	2.30376500	0.43491630
9.91999975	2.30376500	0.43491630
9.93999975	2.30376500	0.52196110
9.95999975	2.30376500	0.52196110
9.97999975	2.25947300	0.52196110
9.99999975	2.30376500	0.52196110
10.01999975	2.25947300	0.52196110
10.03999975	2.25947300	0.52196110
10.05999975	2.25947300	0.60900590
10.07999975	2.25947300	0.60900590
10.09999974	2.25947300	0.60900590
10.11999974	2.25947300	0.60900590
10.13999974	2.25947300	0.69605070
10.15999974	2.25947300	0.69605070
10.17999974	2.21518200	0.69605070
10.19999974	2.21518200	0.69605070
10.21999974	2.21518200	0.78309550
10.23999974	2.21518200	0.78309550
10.25999974	2.21518200	0.78309550
10.27999974	2.21518200	0.78309550
10.29999974	2.21518200	0.86983270
10.31999974	2.17089100	0.86983270
10.33999974	2.17089100	0.86983270
10.35999974	2.17089100	0.86983270
10.37999974	2.17089100	0.95687750
10.39999974	2.17089100	0.95687750
10.41999974	2.17089100	0.95687750
10.43999974	2.17089100	1.04392200
10.45999974	2.17089100	1.04392200
10.47999974	2.17089100	1.04392200
10.49999973	2.12659900	1.04392200
10.51999973	2.12659900	1.04392200
10.53999973	2.08230800	1.13096700
10.55999973	2.08230800	1.13096700
10.57999973	2.08230800	1.13096700
10.59999973	2.12659900	1.13096700
10.61999973	2.08230800	1.13096700
10.63999973	2.12659900	1.21801200
10.65999973	2.08230800	1.21801200
10.67999973	2.03786300	1.21801200
10.69999973	2.08230800	1.30505700
10.71999973	2.08230800	1.21801200
10.73999973	2.03786300	1.30505700
10.75999973	2.08230800	1.30505700
10.77999973	2.03786300	1.30505700
10.79999973	2.03786300	1.39210100
10.81999973	1.99357200	1.39210100
10.83999973	1.99357200	1.39210100
10.85999973	1.99357200	1.39210100
10.87999973	1.99357200	1.39210100
10.89999972	2.03786300	1.39210100
10.91999972	1.99357200	1.47914600
10.93999972	1.94928000	1.47914600
10.95999972	1.99357200	1.47914600
10.97999972	1.99357200	1.56619100
10.99999972	1.99357200	1.56619100
11.01999972	1.94928000	1.56619100
11.03999972	1.99357200	1.65323600
11.05999972	1.99357200	1.65323600
11.07999972	1.94928000	1.65323600
11.09999972	1.94928000	1.65323600
11.11999972	1.94928000	1.65323600
11.13999972	1.94928000	1.73997300
11.15999972	1.99357200	1.73997300
11.17999972	1.94928000	1.73997300
11.19999972	1.94928000	1.73997300
11.21999972	1.99357200	1.82701800
11.23999972	1.94928000	1.82701800
11.25999972	1.99357200	1.82701800
11.27999972	1.94928000	1.82701800
11.29999971	1.99357200	1.91406300
11.31999971	1.99357200	1.91406300
11.33999971	1.94928000	1.91406300
11.35999971	1.99357200	1.91406300
11.37999971	1.99357200	1.91406300
11.39999971	1.99357200	2.00110700
11.41999971	1.99357200	2.00110700
11.43999971	1.99357200	2.00110700
11.45999971	2.03786300	2.00110700
11.47999971	1.99357200	2.08815200
11.49999971	2.03786300	2.08815200
11.51999971	2.03786300	2.08815200
11.53999971	2.03786300	2.08815200
11.55999971	2.03786300	2.17519700
11.57999971	2.03786300	2.17519700
11.59999971	2.08230800	2.17519700
11.61999971	2.03786300	2.17519700
11.63999971	2.08230800	2.26224200
11.65999971	2.08230800	2.26224200
11.67999970	2.08230800	2.26224200
11.69999970	2.08230800	2.26224200
11.71999970	2.08230800	2.34928600
11.73999970	2.08230800	2.34928600
11.75999970	2.12659900	2.34928600
11.77999970	2.12659900	2.34928600
11.79999970	2.12659900	2.34928600
11.81999970	2.12659900	2.43633100
11.83999970	2.12659900	2.43633100
11.85999970	2.17089100	2.43633100
11.87999970	2.17089100	2.43633100
11.89999970	2.17089100	2.52337600
11.91999970	2.17089100	2.52337600
11.93999970	2.17089100	2.52337600
11.95999970	2.21518200	2.52337600
11.97999970	2.17089100	2.52337600
11.99999970	2.21518200	2.61011300
12.01999970	2.21518200	2.61011300
12.03999970	2.21518200	2.61011300
12.05999970	2.21518200	2.69715800
12.07999969	2.21518200	2.69715800
12.09999969	2.25947300	2.69715800
12.11999969	2.25947300	2.69715800
12.13999969	2.25947300	2.78420300
12.15999969	2.25947300	2.78420300
12.17999969	2.25947300	2.78420300
12.19999969	2.25947300	2.78420300
12.21999969	2.30376500	2.87124800
12.23999969	2.30376500	2.87124800
12.25999969	2.30376500	2.87124800
12.27999969	2.25947300	2.87124800
12.29999969	2.25947300	2.95829200
12.31999969	2.25947300	2.87124800
12.33999969	2.30376500	2.95829200
12.35999969	2.30376500	2.95829200
12.37999969	2.30376500	2.95829200
12.39999969	2.30376500	3.04533700
12.41999969	2.30376500	3.04533700
12.43999969	2.30376500	3.04533700
12.45999969	2.30376500	3.04533700
12.47999968	2.30376500	3.13238200
12.49999968	2.30376500	3.04533700
12.51999968	2.30376500	3.13238200
12.53999968	2.25947300	3.13238200
12.55999968	2.30376500	3.21942700
12.57999968	2.25947300	3.21942700
12.59999968	2.25947300	3.21942700
12.61999968	2.25947300	3.21942700
12.63999968	2.25947300	3.30647100
12.65999968	2.21518200	3.30647100
12.67999968	2.25947300	3.30647100
12.69999968	2.25947300	3.30647100
12.71999968	2.25947300	3.30647100
12.73999968	2.21518200	3.30647100
12.75999968	2.21518200	3.39351600
12.77999968	2.21518200	3.39351600
12.79999968	2.21518200	3.39351600
12.81999968	2.21518200	3.39351600
12.83999968	2.21518200	3.48025300
12.85999968	2.21518200	3.48025300
12.87999967	2.17089100	3.48025300
12.89999967	2.21518200	3.48025300
12.91999967	2.17089100	3.56729800
12.93999967	2.17089100	3.56729800
12.95999967	2.12659900	3.56729800
12.97999967	2.12659900	3.56729800
12.99999967	2.12659900	3.65434300
13.01999967	2.12659900	3.65434300
13.03999967	2.12659900	3.65434300
13.05999967	2.12659900	3.65434300
13.07999967	2.08230800	3.74138800
13.09999967	2.08230800	3.74138800
13.11999967	2.08230800	3.74138800
13.13999967	2.03786300	3.74138800
13.15999967	2.08230800	3.74138800
13.17999967	2.08230800	3.82843300
13.19999967	2.03786300	3.82843300
13.21999967	2.08230800	3.82843300
13.23999967	2.08230800	3.82843300
13.25999967	2.03786300	3.82843300
13.27999966	2.03786300	3.91547700
13.29999966	2.03786300	3.91547700
13.31999966	1.99357200	3.91547700
13.33999966	2.03786300	3.91547700
13.35999966	1.99357200	4.00252200
13.37999966	1.99357200	4.00252200
13.39999966	1.99357200	4.00252200
13.41999966	1.99357200	4.00252200
13.43999966	1.99357200	4.08956700
13.45999966	1.99357200	4.08956700
13.47999966	1.99357200	4.17661200
13.49999966	1.99357200	4.08956700
13.51999966	1.99357200	4.17661200
13.53999966	1.99357200	4.17661200
13.55999966	1.99357200	4.17661200
13.57999966	1.99357200	4.17661200
13.59999966	1.99357200	4.26365700
13.61999966	1.94928000	4.26365700
13.63999966	1.99357200	4.26365700
13.65999965	1.99357200	4.26365700
13.67999965	1.99357200	4.35039400
13.69999965	1.99357200	4.35039400
13.71999965	1.99357200	4.35039400
13.73999965	1.99357200	4.35039400
13.75999965	1.99357200	4.43743800
13.77999965	1.99357200	4.43743800
13.79999965	1.99357200	4.43743800
13.81999965	2.03786300	4.43743800
13.83999965	1.99357200	4.43743800
13.85999965	2.03786300	4.52448300
13.87999965	2.03786300	4.52448300
13.89999965	2.03786300	4.52448300
13.91999965	2.03786300	4.52448300
13.93999965	2.03786300	4.52448300
13.95999965	2.03786300	4.61152800
13.97999965	2.03786300	4.61152800
13.99999965	2.03786300	4.61152800
14.01999965	2.03786300	4.61152800
14.03999965	2.08230800	4.69857300
14.05999964	2.08230800	4.69857300
14.07999964	2.08230800	4.69857300
14.09999964	2.12659900	4.78561800
14.11999964	2.12659900	4.78561800
14.13999964	2.08230800	4.78561800
14.15999964	2.12659900	4.78561800
14.17999964	2.17089100	4.78561800
14.19999964	2.12659900	4.87266300
14.21999964	2.12659900	4.87266300
14.23999964	2.17089100	4.87266300
14.25999964	2.12659900	4.87266300
14.27999964	2.17089100	4.87266300
14.29999964	2.17089100	4.95970700
14.31999964	2.17089100	4.87266300
14.33999964	2.17089100	4.87266300
14.35999964	2.21518200	4.87266300
14.37999964	2.21518200	4.87266300
14.39999964	2.21518200	4.87266300
14.41999964	2.21518200	4.87266300
14.43999964	2.21518200	4.78561800
14.45999963	2.25947300	4.78561800
14.47999963	2.25947300	4.78561800
14.49999963	2.25947300	4.69857300
14.51999963	2.25947300	4.69857300
14.53999963	2.25947300	4.69857300
14.55999963	2.25947300	4.69857300
14.57999963	2.25947300	4.61152800
14.59999963	2.25947300	4.61152800
14.61999963	2.25947300	4.61152800
14.63999963	2.25947300	4.61152800
14.65999963	2.25947300	4.52448300
14.67999963	2.30376500	4.52448300
14.69999963	2.25947300	4.52448300
14.71999963	2.25947300	4.52448300
14.73999963	2.25947300	4.52448300
14.75999963	2.25947300	4.43743800
14.77999963	2.25947300	4.43743800
14.79999963	2.25947300	4.43743800
14.81999963	2.25947300	4.43743800
14.83999963	2.25947300	4.35039400
14.85999962	2.30376500	4.35039400
14.87999962	2.25947300	4.35039400
14.89999962	2.25947300	4.26365700
14.91999962	2.30376500	4.26365700
14.93999962	2.25947300	4.26365700
14.95999962	2.30376500	4.26365700
14.97999962	2.25947300	4.17661200
14.99999962	2.25947300	4.17661200
15.01999962	2.25947300	4.17661200
15.03999962	2.25947300	4.17661200
15.05999962	2.25947300	4.17661200
15.07999962	2.25947300	4.08956700
15.09999962	2.25947300	4.08956700
15.11999962	2.25947300	4.08956700
15.13999962	2.21518200	4.08956700
15.15999962	2.21518200	4.08956700
15.17999962	2.21518200	4.00252200
15.19999962	2.25947300	4.00252200
15.21999962	2.25947300	4.00252200
15.23999962	2.21518200	3.91547700
15.25999961	2.21518200	3.91547700
15.27999961	2.21518200	3.91547700
15.29999961	2.17089100	3.82843300
15.31999961	2.17089100	3.91547700
15.33999961	2.21518200	3.82843300
15.35999961	2.21518200	3.82843300
15.37999961	2.17089100	3.82843300
15.39999961	2.12659900	3.82843300
15.41999961	2.17089100	3.74138800
15.43999961	2.17089100	3.74138800
15.45999961	2.17089100	3.74138800
15.47999961	2.17089100	3.74138800
15.49999961	2.12659900	3.74138800
15.51999961	2.12659900	3.74138800
15.53999961	2.12659900	3.65434300
15.55999961	2.12659900	3.65434300
15.57999961	2.12659900	3.56729800
15.59999961	2.17089100	3.65434300
15.61999961	2.12659900	3.56729800
15.63999960	2.08230800	3.56729800
15.65999960	2.08230800	3.48025300
15.67999960	2.08230800	3.56729800
15.69999960	2.08230800	3.48025300
15.71999960	2.08230800	3.48025300
15.73999960	2.03786300	3.48025300
15.75999960	2.03786300	3.39351600
15.77999960	2.03786300	3.39351600
15.79999960	2.03786300	3.39351600
15.81999960	2.03786300	3.39351600
15.83999960	2.03786300	3.39351600
15.85999960	1.99357200	3.30647100
15.87999960	2.03786300	3.30647100
15.89999960	2.03786300	3.30647100
15.91999960	1.99357200	3.30647100
15.93999960	1.99357200	3.21942700
15.95999960	1.99357200	3.21942700
15.97999960	1.99357200	3.21942700
15.99999960	1.99357200	3.13238200
16.01999960	1.99357200	3.13238200
16.03999959	1.99357200	3.13238200
16.05999959	1.99357200	3.13238200
16.07999959	1.99357200	3.04533700
16.09999959	1.99357200	3.04533700
16.11999959	1.94928000	3.04533700
16.13999959	1.99357200	3.04533700
16.15999959	1.94928000	3.04533700
16.17999959	1.94928000	2.95829200
16.19999959	1.99357200	2.95829200
16.21999959	1.94928000	2.95829200
16.23999959	1.94928000	2.95829200
16.25999959	1.94928000	2.87124800
16.27999959	1.94928000	2.87124800
16.29999959	1.94928000	2.87124800
16.31999959	1.94928000	2.87124800
16.33999959	1.94928000	2.87124800
16.35999959	1.99357200	2.78420300
16.37999959	1.94928000	2.78420300
16.39999959	1.94928000	2.78420300
16.41999959	1.94928000	2.78420300
16.43999958	1.94928000	2.69715800
16.45999958	1.94928000	2.69715800
16.47999958	1.94928000	2.69715800
16.49999958	1.94928000	2.61011300
16.51999958	1.94928000	2.61011300
16.53999958	1.99357200	2.61011300
16.55999958	1.99357200	2.61011300
16.57999958	1.99357200	2.61011300
16.59999958	1.99357200	2.61011300
16.61999958	1.99357200	2.52337600
16.63999958	1.99357200	2.52337600
16.65999958	1.99357200	2.52337600
16.67999958	1.99357200	2.43633100
16.69999958	1.99357200	2.43633100
16.71999958	1.99357200	2.43633100
16.73999958	1.99357200	2.43633100
16.75999958	2.03786300	2.43633100
16.77999958	2.03786300	2.34928600
16.79999958	2.03786300	2.34928600
16.81999958	2.03786300	2.34928600
16.83999957	2.03786300	2.34928600
16.85999957	2.08230800	2.26224200
16.87999957	2.03786300	2.26224200
16.89999957	2.08230800	2.26224200
16.91999957	2.08230800	2.26224200
16.93999957	2.08230800	2.17519700
16.95999957	2.08230800	2.17519700
16.97999957	2.12659900	2.17519700
16.99999957	2.12659900	2.17519700
17.01999957	2.12659900	2.08815200
17.03999957	2.12659900	2.08815200
17.05999957	2.12659900	2.08815200
17.07999957	2.17089100	2.08815200
17.09999957	2.17089100	2.00110700
17.11999957	2.17089100	2.00110700
17.13999957	2.17089100	2.00110700
17.15999957	2.17089100	2.00110700
17.17999957	2.21518200	2.00110700
17.19999957	2.21518200	1.91406300
17.21999956	2.21518200	1.91406300
17.23999956	2.21518200	1.91406300
17.25999956	2.21518200	1.91406300
17.27999956	2.21518200	1.82701800
17.29999956	2.21518200	1.82701800
17.31999956	2.21518200	1.82701800
17.33999956	2.21518200	1.73997300
17.35999956	2.25947300	1.73997300
17.37999956	2.30376500	1.73997300
17.39999956	2.30376500	1.73997300
17.41999956	2.25947300	1.73997300
17.43999956	2.21518200	1.65323600
17.45999956	2.25947300	1.65323600
17.47999956	2.30376500	1.65323600
17.49999956	2.30376500	1.65323600
17.51999956	2.25947300	1.65323600
17.53999956	2.25947300	1.56619100
17.55999956	2.30376500	1.56619100
17.57999956	2.30376500	1.56619100
17.59999956	2.30376500	1.47914600
17.61999955	2.30376500	1.47914600
17.63999955	2.25947300	1.47914600
17.65999955	2.30376500	1.47914600
17.67999955	2.25947300	1.39210100
17.69999955	2.30376500	1.39210100
17.71999955	2.30376500	1.39210100
17.73999955	2.30376500	1.39210100
17.75999955	2.30376500	1.30505700
17.77999955	2.30376500	1.30505700
17.79999955	2.30376500	1.30505700
17.81999955	2.30376500	1.30505700
17.83999955	2.25947300	1.30505700
17.85999955	2.30376500	1.21801200
17.87999955	2.25947300	1.21801200
17.89999955	2.25947300	1.21801200
17.91999955	2.25947300	1.21801200
17.93999955	2.25947300	1.21801200
17.95999955	2.25947300	1.13096700
17.97999955	2.25947300	1.13096700
17.99999955	2.21518200	1.13096700
18.01999954	2.21518200	1.04392200
18.03999954	2.21518200	1.04392200
18.05999954	2.25947300	1.04392200
18.07999954	2.21518200	1.04392200
18.09999954	2.21518200	1.04392200
18.11999954	2.21518200	0.95687750
18.13999954	2.21518200	0.95687750
18.15999954	2.17089100	0.95687750
18.17999954	2.17089100	0.95687750
18.19999954	2.17089100	0.95687750
18.21999954	2.17089100	0.86983270
18.23999954	2.12659900	0.86983270
18.25999954	2.12659900	0.86983270
18.27999954	2.12659900	0.86983270
18.29999954	2.12659900	0.78309550
18.31999954	2.12659900	0.78309550
18.33999954	2.12659900	0.78309550
18.35999954	2.12659900	0.69605070
18.37999954	2.08230800	0.69605070
18.39999954	2.08230800	0.69605070
18.41999953	2.08230800	0.69605070
18.43999953	2.08230800	0.60900590
18.45999953	2.03786300	0.60900590
18.47999953	2.03786300	0.60900590
18.49999953	2.03786300	0.60900590
18.51999953	2.03786300	0.52196110
18.53999953	2.03786300	0.52196110
18.55999953	1.99357200	0.52196110
18.57999953	2.03786300	0.52196110
18.59999953	2.03786300	0.43491630
18.61999953	1.99357200	0.43491630
18.63999953	2.03786300	0.43491630
18.65999953	1.99357200	0.43491630
18.67999953	1.99357200	0.43491630
18.69999953	1.99357200	0.34787150
18.71999953	1.99357200	0.34787150
18.73999953	2.03786300	0.34787150
18.75999953	1.99357200	0.34787150
18.77999953	1.99357200	0.34787150
18.79999953	1.99357200	0.26082680
18.81999952	1.99357200	0.26082680
18.83999952	1.99357200	0.26082680
18.85999952	1.99357200	0.17378200
18.87999952	1.99357200	0.17378200
18.89999952	1.99357200	0.17378200
18.91999952	1.99357200	0.17378200
18.93999952	1.99357200	0.17378200
18.95999952	1.99357200	0.08673721
18.97999952	2.03786300	0.08673721
18.99999952	2.03786300	0.08673721
19.01999952	1.99357200	0.08673721
19.03999952	2.03786300	0.00000000
19.05999952	2.03786300	0.00000000
19.07999952	2.03786300	0.00000000
19.09999952	2.08230800	-0.08673721
19.11999952	2.03786300	-0.08673721
19.13999952	2.08230800	-0.08673721
19.15999952	2.03786300	-0.08673721
19.17999952	2.08230800	-0.08673721
19.19999951	2.08230800	-0.08673721
19.21999951	2.08230800	-0.17378200
19.23999951	2.08230800	-0.17378200
19.25999951	2.08230800	-0.17378200
19.27999951	2.08230800	-0.17378200
19.29999951	2.08230800	-0.17378200
19.31999951	2.12659900	-0.26082680
19.33999951	2.12659900	-0.26082680
19.35999951	2.12659900	-0.26082680
19.37999951	2.12659900	-0.34787150
19.39999951	2.17089100	-0.34787150
19.41999951	2.17089100	-0.34787150
19.43999951	2.12659900	-0.34787150
19.45999951	2.17089100	-0.34787150
19.47999951	2.17089100	-0.34787150
19.49999951	2.17089100	-0.43491630
19.51999951	2.17089100	-0.43491630
19.53999951	2.21518200	-0.43491630
19.55999951	2.17089100	-0.43491630
19.57999951	2.21518200	-0.43491630
19.59999950	2.21518200	-0.52196110
19.61999950	2.21518200	-0.52196110
19.63999950	2.21518200	-0.52196110
19.65999950	2.21518200	-0.52196110
19.67999950	2.21518200	-0.52196110
19.69999950	2.17089100	-0.60900590
19.71999950	2.21518200	-0.60900590
19.73999950	2.25947300	-0.60900590
19.75999950	2.25947300	-0.60900590
19.77999950	2.25947300	-0.60900590
19.79999950	2.21518200	-0.69605070
19.81999950	2.25947300	-0.69605070
19.83999950	2.21518200	-0.69605070
19.85999950	2.25947300	-0.69605070
19.87999950	2.21518200	-0.69605070
19.89999950	2.25947300	-0.69605070
19.91999950	2.25947300	-0.78309550
19.93999950	2.21518200	-0.78309550
19.95999950	2.25947300	-0.78309550
19.97999950	2.25947300	-0.86983270
19.99999949	2.25947300	-0.86983270
20.01999949	2.25947300	-0.86983270
20.03999949	2.25947300	-0.86983270
20.05999949	2.25947300	-0.86983270
