Frequency	Channel A	Channel B
(ms)	(V)	(mV)

-1.01000001	-2.30376500	-2.58519900
-1.00000001	-2.30376500	-2.58519900
-0.99000001	-2.30376500	-2.15458900
-0.98000001	-2.30376500	-2.15458900
-0.97000001	-2.21518200	-2.15458900
-0.96000001	-2.21518200	-2.15458900
-0.95000001	-2.21518200	-2.15458900
-0.94000001	-2.12659900	-2.15458900
-0.93000001	-2.12659900	-1.72397900
-0.92000001	-2.12659900	-2.15458900
-0.91000001	-2.12659900	-2.15458900
-0.90000001	-2.12659900	-2.15458900
-0.89000001	-2.03770900	-2.15458900
-0.88000001	-2.03770900	-2.15458900
-0.87000001	-2.03770900	-2.15458900
-0.86000001	-2.03770900	-2.15458900
-0.85000001	-1.94912600	-2.15458900
-0.84000001	-1.94912600	-2.15458900
-0.83000001	-1.94912600	-2.15458900
-0.82000001	-1.86054400	-2.15458900
-0.81000001	-1.86054400	-2.58519900
-0.80000001	-1.86054400	-2.58519900
-0.79000001	-1.86054400	-2.58519900
-0.78000001	-1.86054400	-2.58519900
-0.77000001	-1.77196100	-2.58519900
-0.76000001	-1.77196100	-2.58519900
-0.75000001	-1.77196100	-2.58519900
-0.74000001	-1.77196100	-3.01734700
-0.73000001	-1.68337800	-2.58519900
-0.72000001	-1.68337800	-3.01734700
-0.71000001	-1.68337800	-2.58519900
-0.70000002	-1.68337800	-3.01734700
-0.69000002	-1.59479600	-3.01734700
-0.68000002	-1.59479600	-3.44795700
-0.67000002	-1.59479600	-3.01734700
-0.66000002	-1.59479600	-3.01734700
-0.65000002	-1.50621300	-3.01734700
-0.64000002	-1.50621300	-3.44795700
-0.63000002	-1.50621300	-3.87856800
-0.62000002	-1.41763000	-3.44795700
-0.61000002	-1.41763000	-3.44795700
-0.60000002	-1.41763000	-3.44795700
-0.59000002	-1.41763000	-3.44795700
-0.58000002	-1.41763000	-3.87856800
-0.57000002	-1.32904800	-3.87856800
-0.56000002	-1.32904800	-3.87856800
-0.55000002	-1.32904800	-3.87856800
-0.54000002	-1.24046500	-4.31071600
-0.53000002	-1.32904800	-3.87856800
-0.52000002	-1.24046500	-4.31071600
-0.51000002	-1.24046500	-4.74132600
-0.50000002	-1.24046500	-4.31071600
-0.49000002	-1.15188200	-4.31071600
-0.48000002	-1.15188200	-4.74132600
-0.47000002	-1.15188200	-4.74132600
-0.46000002	-1.15188200	-4.74132600
-0.45000002	-1.06330000	-4.74132600
-0.44000002	-1.06330000	-4.74132600
-0.43000002	-1.06330000	-4.74132600
-0.42000002	-0.97440950	-5.17193600
-0.41000002	-0.97440950	-5.17193600
-0.40000002	-0.97440950	-5.60408400
-0.39000002	-0.97440950	-5.60408400
-0.38000002	-0.88582680	-5.60408400
-0.37000002	-0.88582680	-5.60408400
-0.36000002	-0.88582680	-5.60408400
-0.35000002	-0.88582680	-6.03469500
-0.34000002	-0.88582680	-5.60408400
-0.33000002	-0.79724410	-6.03469500
-0.32000002	-0.79724410	-6.03469500
-0.31000002	-0.70866140	-6.46530500
-0.30000003	-0.70866140	-6.46530500
-0.29000003	-0.70866140	-6.46530500
-0.28000003	-0.70866140	-6.46530500
-0.27000003	-0.70866140	-6.46530500
-0.26000003	-0.70866140	-6.46530500
-0.25000003	-0.62007870	-6.89745300
-0.24000003	-0.62007870	-6.89745300
-0.23000003	-0.62007870	-6.89745300
-0.22000003	-0.53149600	-6.89745300
-0.21000003	-0.53149600	-6.89745300
-0.20000003	-0.53149600	-7.32806300
-0.19000003	-0.44291340	-7.32806300
-0.18000003	-0.44291340	-7.32806300
-0.17000003	-0.44291340	-7.32806300
-0.16000003	-0.44291340	-7.32806300
-0.15000003	-0.44291340	-7.75867300
-0.14000003	-0.35433070	-7.75867300
-0.13000003	-0.35433070	-7.75867300
-0.12000003	-0.35433070	-7.75867300
-0.11000003	-0.35433070	-7.75867300
-0.10000003	-0.26574800	-7.75867300
-0.09000003	-0.26574800	-7.75867300
-0.08000003	-0.26574800	-7.75867300
-0.07000003	-0.17716540	-7.75867300
-0.06000003	-0.17716540	-7.75867300
-0.05000003	-0.17716540	-7.75867300
-0.04000003	-0.17716540	-8.19082200
-0.03000003	-0.08858268	-8.19082200
-0.02000003	-0.08858268	-8.19082200
-0.01000003	-0.08858268	-7.75867300
-0.00000003	0.00000000	-8.19082200
0.00999997	0.00000000	-7.75867300
0.01999997	0.08858268	-7.75867300
0.02999997	0.08858268	-7.75867300
0.03999997	0.08858268	-7.75867300
0.04999997	0.08858268	-7.75867300
0.05999997	0.08858268	-7.75867300
0.06999997	0.17716540	-7.32806300
0.07999997	0.17716540	-7.32806300
0.08999996	0.17716540	-6.89745300
0.09999996	0.26574800	-6.89745300
0.10999996	0.26574800	-6.03469500
0.11999996	0.26574800	-6.46530500
0.12999996	0.26574800	-6.03469500
0.13999996	0.35433070	-5.17193600
0.14999996	0.35433070	-5.17193600
0.15999996	0.35433070	-4.74132600
0.16999996	0.44291340	-4.31071600
0.17999996	0.44291340	-3.87856800
0.18999996	0.53149600	-3.01734700
0.19999996	0.53149600	-3.01734700
0.20999996	0.53149600	-2.58519900
0.21999996	0.53149600	-2.15458900
0.22999996	0.53149600	-1.29183100
0.23999996	0.62007870	-1.29183100
0.24999996	0.62007870	-0.43061020
0.25999996	0.70866140	0.00000000
0.26999996	0.70866140	0.86122040
0.27999996	0.70866140	1.29183100
0.28999996	0.70866140	2.15458900
0.29999996	0.79724410	2.15458900
0.30999996	0.79724410	2.58519900
0.31999996	0.88582680	3.01734700
0.32999996	0.79724410	3.44795700
0.33999996	0.88582680	3.87856800
0.34999996	0.88582680	4.74132600
0.35999996	0.97440950	5.17193600
0.36999996	0.97440950	5.60408400
0.37999996	0.97440950	6.03469500
0.38999996	0.97440950	6.46530500
0.39999996	1.06330000	6.89745300
0.40999996	1.06330000	6.89745300
0.41999996	1.06330000	7.32806300
0.42999996	1.15188200	7.75867300
0.43999996	1.15188200	8.19082200
0.44999996	1.15188200	8.62143100
0.45999996	1.24046500	9.05204100
0.46999996	1.24046500	9.05204100
0.47999996	1.24046500	9.05204100
0.48999995	1.24046500	9.48419000
0.49999995	1.32904800	9.48419000
0.50999995	1.32904800	9.91480000
0.51999995	1.32904800	9.91480000
0.52999995	1.32904800	9.91480000
0.53999995	1.41763000	9.91480000
0.54999995	1.41763000	10.34541000
0.55999995	1.50621300	10.34541000
0.56999995	1.50621300	10.34541000
0.57999995	1.50621300	9.91480000
0.58999995	1.50621300	9.91480000
0.59999995	1.59479600	9.91480000
0.60999995	1.59479600	9.91480000
0.61999995	1.59479600	9.48419000
0.62999995	1.59479600	9.91480000
0.63999995	1.68337800	9.48419000
0.64999995	1.68337800	9.05204100
0.65999995	1.68337800	9.05204100
0.66999995	1.77196100	8.62143100
0.67999995	1.77196100	8.62143100
0.68999995	1.77196100	7.75867300
0.69999995	1.86054400	7.75867300
0.70999995	1.86054400	7.32806300
0.71999995	1.86054400	7.32806300
0.72999995	1.94912600	6.46530500
0.73999995	1.94912600	6.03469500
0.74999995	1.94912600	5.60408400
0.75999995	1.94912600	5.60408400
0.76999995	2.03770900	4.74132600
0.77999995	2.03770900	4.31071600
0.78999995	2.03770900	3.87856800
0.79999995	2.12659900	3.44795700
0.80999995	2.12659900	3.01734700
0.81999995	2.12659900	2.15458900
0.82999995	2.21518200	1.72397900
0.83999995	2.21518200	1.29183100
0.84999995	2.21518200	0.43061020
0.85999995	2.21518200	0.00000000
0.86999995	2.30376500	-0.43061020
0.87999995	2.30376500	-0.86122040
0.88999994	2.39234700	-1.29183100
0.89999994	2.30376500	-1.72397900
0.90999994	2.39234700	-1.72397900
0.91999994	2.39234700	-2.15458900
0.92999994	2.48093000	-2.15458900
0.93999994	2.48093000	-2.58519900
0.94999994	2.48093000	-3.44795700
0.95999994	2.48093000	-3.44795700
0.96999994	2.56951300	-3.44795700
0.97999994	2.56951300	-3.44795700
0.98999994	2.56951300	-3.44795700
0.99999994	2.65809500	-3.87856800
1.00999994	2.65809500	-3.44795700
1.01999994	2.65809500	-3.44795700
1.02999994	2.74667800	-3.44795700
1.03999994	2.74667800	-3.44795700
1.04999994	2.74667800	-3.01734700
1.05999994	2.83526100	-3.01734700
1.06999994	2.83526100	-2.15458900
1.07999994	2.83526100	-2.15458900
1.08999994	2.83526100	-1.72397900
1.09999994	2.92384300	-1.29183100
1.10999994	2.92384300	-0.86122040
1.11999994	2.92384300	0.00000000
1.12999994	3.01242600	0.00000000
1.13999994	3.01242600	0.43061020
1.14999994	3.01242600	1.29183100
1.15999994	3.10131600	1.72397900
1.16999994	3.10131600	2.15458900
1.17999994	3.10131600	3.01734700
1.18999994	3.18989900	3.44795700
1.19999994	3.18989900	3.87856800
1.20999994	3.18989900	4.31071600
1.21999994	3.18989900	4.74132600
1.22999994	3.27848200	5.60408400
1.23999994	3.27848200	6.03469500
1.24999994	3.27848200	6.46530500
1.25999994	3.36706400	6.46530500
1.26999994	3.36706400	7.32806300
1.27999993	3.36706400	7.75867300
1.28999993	3.36706400	8.19082200
1.29999993	3.45564700	8.62143100
1.30999993	3.45564700	9.05204100
1.31999993	3.45564700	9.48419000
1.32999993	3.54423000	9.91480000
1.33999993	3.54423000	9.91480000
1.34999993	3.54423000	10.34541000
1.35999993	3.63281300	10.77756000
1.36999993	3.63281300	10.77756000
1.37999993	3.63281300	11.20817000
1.38999993	3.63281300	11.20817000
1.39999993	3.72139500	11.20817000
1.40999993	3.72139500	11.20817000
1.41999993	3.72139500	11.20817000
1.42999993	3.80997800	11.63878000
1.43999993	3.80997800	11.63878000
1.44999993	3.80997800	11.63878000
1.45999993	3.80997800	11.63878000
1.46999993	3.89856100	11.20817000
1.47999993	3.89856100	11.20817000
1.48999993	3.89856100	11.20817000
1.49999993	3.98714300	10.77756000
1.50999993	3.98714300	10.77756000
1.51999993	3.98714300	10.77756000
1.52999993	4.07572600	10.34541000
1.53999993	4.07572600	10.34541000
1.54999993	4.07572600	9.91480000
1.55999993	4.16461600	9.05204100
1.56999993	4.07572600	9.05204100
1.57999993	4.16461600	8.19082200
1.58999993	4.16461600	7.75867300
1.59999993	4.25319900	7.32806300
1.60999993	4.25319900	6.89745300
1.61999993	4.25319900	6.46530500
1.62999993	4.34178200	5.60408400
1.63999993	4.34178200	5.17193600
1.64999993	4.34178200	4.74132600
1.65999993	4.43036400	3.87856800
1.66999993	4.43036400	3.44795700
1.67999992	4.43036400	3.01734700
1.68999992	4.51894700	1.72397900
1.69999992	4.51894700	1.29183100
1.70999992	4.51894700	0.86122040
1.71999992	4.51894700	0.00000000
1.72999992	4.60753000	0.00000000
1.73999992	4.60753000	-0.86122040
1.74999992	4.60753000	-1.29183100
1.75999992	4.69611200	-2.15458900
1.76999992	4.69611200	-2.15458900
1.77999992	4.69611200	-2.58519900
1.78999992	4.78469500	-3.01734700
1.79999992	4.78469500	-3.01734700
1.80999992	4.78469500	-3.44795700
1.81999992	4.78469500	-3.87856800
1.82999992	4.87327800	-3.44795700
1.83999992	4.87327800	-3.87856800
1.84999992	4.96186000	-3.87856800
1.85999992	4.87327800	-3.87856800
1.86999992	4.96186000	-3.44795700
1.87999992	4.96186000	-3.87856800
1.88999992	5.05044300	-3.44795700
1.89999992	5.05044300	-3.01734700
1.90999992	5.05044300	-2.58519900
1.91999992	5.13902600	-2.15458900
1.92999992	5.13902600	-2.15458900
1.93999992	5.13902600	-1.72397900
1.94999992	5.13902600	-0.86122040
1.95999992	5.13902600	-0.43061020
1.96999992	5.22791600	0.00000000
1.97999992	5.22791600	0.43061020
1.98999992	5.22791600	0.86122040
1.99999992	5.31649800	1.72397900
2.00999992	5.31649800	2.15458900
2.01999992	5.31649800	2.58519900
2.02999992	5.31649800	3.44795700
2.03999992	5.40508100	3.87856800
2.04999992	5.40508100	4.31071600
2.05999992	5.40508100	5.17193600
2.06999991	5.49366400	5.60408400
2.07999991	5.49366400	6.46530500
2.08999991	5.49366400	6.46530500
2.09999991	5.58224600	7.32806300
2.10999991	5.58224600	7.32806300
2.11999991	5.58224600	8.19082200
2.12999991	5.67082900	8.62143100
2.13999991	5.67082900	9.05204100
2.14999991	5.67082900	9.48419000
2.15999991	5.67082900	9.48419000
2.16999991	5.75941200	10.34541000
2.17999991	5.75941200	10.34541000
2.18999991	5.84799400	10.77756000
2.19999991	5.84799400	11.20817000
2.20999991	5.84799400	11.20817000
2.21999991	5.84799400	11.63878000
2.22999991	5.84799400	11.63878000
2.23999991	5.93657700	12.06939000
2.24999991	5.93657700	12.06939000
2.25999991	5.93657700	12.06939000
2.26999991	6.02516000	12.06939000
2.27999991	6.02516000	12.50154000
2.28999991	6.11374300	12.50154000
2.29999991	6.11374300	12.06939000
2.30999991	6.11374300	12.06939000
2.31999991	6.20263300	12.06939000
2.32999991	6.11374300	12.06939000
2.33999991	6.20263300	12.06939000
2.34999991	6.20263300	11.63878000
2.35999991	6.29121500	11.20817000
2.36999991	6.29121500	11.20817000
2.37999991	6.29121500	10.77756000
2.38999991	6.29121500	10.77756000
2.39999991	6.29121500	9.91480000
2.40999991	6.37979800	9.48419000
2.41999991	6.46838100	9.48419000
2.42999991	6.37979800	9.05204100
2.43999991	6.46838100	8.62143100
2.44999991	6.46838100	8.19082200
2.45999991	6.46838100	7.75867300
2.46999990	6.55696300	6.89745300
2.47999990	6.55696300	6.46530500
2.48999990	6.55696300	6.03469500
2.49999990	6.64554600	5.60408400
2.50999990	6.64554600	4.74132600
2.51999990	6.64554600	4.31071600
2.52999990	6.64554600	3.87856800
2.53999990	6.55696300	3.01734700
2.54999990	6.55696300	2.58519900
2.55999990	6.55696300	2.15458900
2.56999990	6.46838100	1.29183100
2.57999990	6.46838100	0.86122040
2.58999990	6.46838100	0.00000000
2.59999990	6.37979800	-0.43061020
2.60999990	6.37979800	-1.29183100
2.61999990	6.37979800	-1.29183100
2.62999990	6.37979800	-2.15458900
2.63999990	6.29121500	-2.58519900
2.64999990	6.29121500	-3.01734700
2.65999990	6.29121500	-3.44795700
2.66999990	6.29121500	-3.87856800
2.67999990	6.20263300	-4.31071600
2.68999990	6.20263300	-4.74132600
2.69999990	6.20263300	-5.17193600
2.70999990	6.11374300	-5.17193600
2.71999990	6.11374300	-5.60408400
2.72999990	6.11374300	-6.03469500
2.73999990	6.02516000	-6.03469500
2.74999990	6.02516000	-6.46530500
2.75999990	6.02516000	-6.46530500
2.76999990	5.93657700	-6.46530500
2.77999990	5.93657700	-6.89745300
2.78999990	5.93657700	-6.89745300
2.79999990	5.84799400	-6.89745300
2.80999990	5.84799400	-6.46530500
2.81999990	5.84799400	-6.46530500
2.82999990	5.75941200	-6.46530500
2.83999990	5.75941200	-6.46530500
2.84999990	5.75941200	-6.03469500
2.85999990	5.75941200	-6.03469500
2.86999989	5.67082900	-5.60408400
2.87999989	5.67082900	-5.60408400
2.88999989	5.58224600	-5.17193600
2.89999989	5.58224600	-4.74132600
2.90999989	5.58224600	-4.31071600
2.91999989	5.49366400	-4.31071600
2.92999989	5.49366400	-3.44795700
2.93999989	5.49366400	-3.44795700
2.94999989	5.49366400	-2.58519900
2.95999989	5.49366400	-2.15458900
2.96999989	5.40508100	-1.72397900
2.97999989	5.40508100	-1.72397900
2.98999989	5.40508100	-0.86122040
2.99999989	5.31649800	-0.43061020
3.00999989	5.31649800	0.00000000
3.01999989	5.31649800	0.86122040
3.02999989	5.31649800	1.29183100
3.03999989	5.22791600	1.72397900
3.04999989	5.13902600	2.58519900
3.05999989	5.13902600	2.58519900
3.06999989	5.13902600	3.44795700
3.07999989	5.13902600	3.87856800
3.08999989	5.13902600	4.31071600
3.09999989	5.05044300	5.17193600
3.10999989	5.05044300	5.60408400
3.11999989	5.05044300	6.03469500
3.12999989	4.96186000	6.89745300
3.13999989	4.96186000	6.89745300
3.14999989	4.96186000	7.75867300
3.15999989	4.96186000	8.19082200
3.16999989	4.87327800	8.62143100
3.17999989	4.87327800	9.05204100
3.18999989	4.78469500	9.48419000
3.19999989	4.78469500	9.91480000
3.20999989	4.78469500	10.34541000
3.21999989	4.78469500	10.77756000
3.22999989	4.69611200	11.20817000
3.23999989	4.69611200	11.63878000
3.24999989	4.69611200	12.06939000
3.25999988	4.60753000	12.50154000
3.26999988	4.60753000	12.50154000
3.27999988	4.60753000	12.93215000
3.28999988	4.51894700	12.93215000
3.29999988	4.51894700	13.36276000
3.30999988	4.51894700	13.79491000
3.31999988	4.51894700	13.79491000
3.32999988	4.43036400	14.22552000
3.33999988	4.43036400	14.22552000
3.34999988	4.43036400	13.79491000
3.35999988	4.43036400	14.22552000
3.36999988	4.34178200	14.65613000
3.37999988	4.34178200	14.65613000
3.38999988	4.25319900	14.65613000
3.39999988	4.25319900	14.65613000
3.40999988	4.25319900	14.22552000
3.41999988	4.25319900	14.22552000
3.42999988	4.16461600	14.22552000
3.43999988	4.16461600	13.79491000
3.44999988	4.16461600	13.79491000
3.45999988	4.07572600	13.79491000
3.46999988	4.07572600	13.36276000
3.47999988	3.98714300	12.93215000
3.48999988	4.07572600	12.50154000
3.49999988	3.98714300	12.06939000
3.50999988	3.98714300	12.06939000
3.51999988	3.89856100	11.20817000
3.52999988	3.89856100	11.20817000
3.53999988	3.89856100	10.34541000
3.54999988	3.89856100	9.91480000
3.55999988	3.80997800	9.48419000
3.56999988	3.80997800	9.05204100
3.57999988	3.80997800	8.19082200
3.58999988	3.72139500	7.75867300
3.59999988	3.72139500	6.89745300
3.60999988	3.72139500	6.46530500
3.61999988	3.63281300	5.60408400
3.62999988	3.63281300	5.17193600
3.63999988	3.54423000	4.74132600
3.64999988	3.54423000	3.87856800
3.65999987	3.54423000	3.44795700
3.66999987	3.54423000	2.58519900
3.67999987	3.45564700	2.15458900
3.68999987	3.45564700	1.29183100
3.69999987	3.45564700	0.86122040
3.70999987	3.45564700	0.00000000
3.71999987	3.36706400	-0.43061020
3.72999987	3.36706400	-0.43061020
3.73999987	3.36706400	-1.72397900
3.74999987	3.36706400	-1.72397900
3.75999987	3.27848200	-2.58519900
3.76999987	3.27848200	-3.01734700
3.77999987	3.18989900	-3.44795700
3.78999987	3.18989900	-3.44795700
3.79999987	3.18989900	-3.87856800
3.80999987	3.10131600	-3.87856800
3.81999987	3.10131600	-3.87856800
3.82999987	3.10131600	-4.31071600
3.83999987	3.10131600	-4.31071600
3.84999987	3.01242600	-4.31071600
3.85999987	3.01242600	-4.31071600
3.86999987	3.01242600	-4.31071600
3.87999987	3.01242600	-3.87856800
3.88999987	2.92384300	-3.87856800
3.89999987	2.92384300	-3.44795700
3.90999987	2.92384300	-3.01734700
3.91999987	2.83526100	-3.01734700
3.92999987	2.83526100	-2.58519900
3.93999987	2.83526100	-2.58519900
3.94999987	2.74667800	-1.72397900
3.95999987	2.74667800	-0.86122040
3.96999987	2.74667800	-0.86122040
3.97999987	2.74667800	-0.43061020
3.98999987	2.65809500	0.00000000
3.99999987	2.65809500	0.86122040
4.00999987	2.65809500	1.29183100
4.01999987	2.56951300	1.72397900
4.02999987	2.56951300	2.15458900
4.03999987	2.56951300	3.44795700
4.04999986	2.48093000	3.44795700
4.05999986	2.48093000	4.31071600
4.06999986	2.48093000	4.74132600
4.07999986	2.39234700	5.17193600
4.08999986	2.39234700	6.03469500
4.09999986	2.39234700	6.46530500
4.10999986	2.30376500	6.89745300
4.11999986	2.30376500	7.32806300
4.12999986	2.30376500	8.19082200
4.13999986	2.30376500	8.62143100
4.14999986	2.21518200	8.62143100
4.15999986	2.21518200	9.48419000
4.16999986	2.21518200	9.91480000
4.17999986	2.21518200	9.91480000
4.18999986	2.12659900	10.34541000
4.19999986	2.12659900	10.34541000
4.20999986	2.12659900	10.77756000
4.21999986	2.03770900	10.77756000
4.22999986	2.03770900	11.20817000
4.23999986	2.03770900	11.20817000
4.24999986	1.94912600	11.20817000
4.25999986	1.94912600	11.63878000
4.26999986	1.94912600	11.63878000
4.27999986	1.86054400	11.63878000
4.28999986	1.86054400	11.63878000
4.29999986	1.86054400	11.20817000
4.30999986	1.77196100	11.20817000
4.31999986	1.77196100	11.20817000
4.32999986	1.77196100	10.77756000
4.33999986	1.77196100	10.77756000
4.34999986	1.68337800	10.77756000
4.35999986	1.68337800	9.91480000
4.36999986	1.68337800	9.48419000
4.37999986	1.59479600	9.48419000
4.38999986	1.59479600	9.05204100
4.39999986	1.59479600	8.19082200
4.40999986	1.50621300	8.19082200
4.41999986	1.50621300	7.32806300
4.42999986	1.50621300	6.89745300
4.43999986	1.41763000	6.46530500
4.44999985	1.41763000	5.60408400
4.45999985	1.41763000	5.17193600
4.46999985	1.41763000	4.74132600
4.47999985	1.32904800	4.31071600
4.48999985	1.32904800	3.44795700
4.49999985	1.32904800	3.01734700
4.50999985	1.24046500	2.15458900
4.51999985	1.24046500	2.15458900
4.52999985	1.24046500	1.29183100
4.53999985	1.15188200	0.43061020
4.54999985	1.15188200	0.00000000
4.55999985	1.15188200	-0.43061020
4.56999985	1.15188200	-0.86122040
4.57999985	1.06330000	-0.86122040
4.58999985	1.06330000	-1.29183100
4.59999985	1.06330000	-1.72397900
4.60999985	0.97440950	-1.72397900
4.61999985	0.97440950	-2.15458900
4.62999985	0.88582680	-2.15458900
4.63999985	0.88582680	-2.58519900
4.64999985	0.88582680	-2.58519900
4.65999985	0.88582680	-2.58519900
4.66999985	0.88582680	-2.58519900
4.67999985	0.79724410	-2.58519900
4.68999985	0.79724410	-2.15458900
4.69999985	0.79724410	-2.15458900
4.70999985	0.70866140	-2.15458900
4.71999985	0.70866140	-1.72397900
4.72999985	0.70866140	-1.29183100
4.73999985	0.62007870	-1.29183100
4.74999985	0.62007870	-0.86122040
4.75999985	0.62007870	-0.43061020
4.76999985	0.53149600	0.43061020
4.77999985	0.53149600	0.86122040
4.78999985	0.53149600	1.29183100
4.79999985	0.53149600	1.72397900
4.80999985	0.44291340	1.72397900
4.81999985	0.44291340	2.58519900
4.82999985	0.35433070	3.01734700
4.83999984	0.44291340	3.87856800
4.84999984	0.35433070	4.31071600
4.85999984	0.35433070	4.74132600
4.86999984	0.26574800	5.17193600
4.87999984	0.26574800	5.60408400
4.88999984	0.26574800	6.03469500
4.89999984	0.17716540	6.89745300
4.90999984	0.17716540	6.89745300
4.91999984	0.17716540	7.32806300
4.92999984	0.08858268	8.19082200
4.93999984	0.08858268	8.19082200
4.94999984	0.08858268	8.62143100
4.95999984	0.08858268	9.05204100
4.96999984	0.00000000	9.48419000
4.97999984	0.00000000	9.48419000
4.98999984	0.00000000	10.34541000
4.99999984	-0.08858268	9.91480000
5.00999984	-0.08858268	10.34541000
5.01999984	-0.08858268	10.77756000
5.02999984	-0.17716540	10.77756000
5.03999984	-0.17716540	10.77756000
5.04999984	-0.17716540	10.34541000
5.05999984	-0.17716540	10.77756000
5.06999984	-0.26574800	10.77756000
5.07999984	-0.26574800	10.34541000
5.08999984	-0.26574800	10.34541000
5.09999984	-0.26574800	10.34541000
5.10999984	-0.35433070	10.34541000
5.11999984	-0.35433070	9.91480000
5.12999984	-0.35433070	9.91480000
5.13999984	-0.35433070	9.91480000
5.14999984	-0.44291340	9.91480000
5.15999984	-0.44291340	9.91480000
5.16999984	-0.44291340	9.48419000
5.17999984	-0.53149600	9.48419000
5.18999984	-0.53149600	9.05204100
5.19999984	-0.53149600	9.05204100
5.20999984	-0.62007870	9.05204100
5.21999984	-0.62007870	8.62143100
5.22999984	-0.62007870	8.62143100
5.23999983	-0.62007870	8.62143100
5.24999983	-0.62007870	8.19082200
5.25999983	-0.62007870	8.19082200
5.26999983	-0.70866140	7.75867300
5.27999983	-0.70866140	7.75867300
5.28999983	-0.70866140	7.75867300
5.29999983	-0.79724410	7.32806300
5.30999983	-0.79724410	7.32806300
5.31999983	-0.79724410	7.32806300
5.32999983	-0.79724410	6.89745300
5.33999983	-0.79724410	6.89745300
5.34999983	-0.88582680	6.46530500
5.35999983	-0.88582680	6.46530500
5.36999983	-0.88582680	6.46530500
5.37999983	-0.88582680	6.03469500
5.38999983	-0.97440950	5.60408400
5.39999983	-0.97440950	5.60408400
5.40999983	-0.97440950	5.60408400
5.41999983	-1.06330000	5.17193600
5.42999983	-1.06330000	5.17193600
5.43999983	-1.06330000	4.74132600
5.44999983	-1.06330000	4.74132600
5.45999983	-1.15188200	4.74132600
5.46999983	-1.15188200	4.74132600
5.47999983	-1.15188200	4.31071600
5.48999983	-1.15188200	3.87856800
5.49999983	-1.24046500	3.87856800
5.50999983	-1.24046500	3.44795700
5.51999983	-1.24046500	3.44795700
5.52999983	-1.32904800	3.44795700
5.53999983	-1.32904800	3.44795700
5.54999983	-1.32904800	2.58519900
5.55999983	-1.32904800	2.58519900
5.56999983	-1.32904800	2.58519900
5.57999983	-1.41763000	2.15458900
5.58999983	-1.41763000	1.72397900
5.59999983	-1.41763000	1.72397900
5.60999983	-1.41763000	1.72397900
5.61999983	-1.50621300	1.29183100
5.62999983	-1.50621300	1.29183100
5.63999982	-1.50621300	0.86122040
5.64999982	-1.50621300	0.86122040
5.65999982	-1.50621300	0.43061020
5.66999982	-1.59479600	0.00000000
5.67999982	-1.59479600	0.00000000
5.68999982	-1.68337800	-0.43061020
5.69999982	-1.68337800	-0.43061020
5.70999982	-1.68337800	-0.43061020
5.71999982	-1.68337800	-0.43061020
5.72999982	-1.77196100	-0.86122040
5.73999982	-1.77196100	-1.29183100
5.74999982	-1.77196100	-1.29183100
5.75999982	-1.77196100	-1.72397900
5.76999982	-1.77196100	-1.72397900
5.77999982	-1.86054400	-2.15458900
5.78999982	-1.86054400	-2.15458900
5.79999982	-1.86054400	-2.58519900
5.80999982	-1.94912600	-2.58519900
5.81999982	-1.94912600	-3.01734700
5.82999982	-1.94912600	-3.01734700
5.83999982	-1.94912600	-3.01734700
5.84999982	-2.03770900	-3.44795700
5.85999982	-2.03770900	-3.44795700
5.86999982	-2.03770900	-3.87856800
5.87999982	-2.03770900	-4.31071600
5.88999982	-2.12659900	-3.87856800
5.89999982	-2.12659900	-4.74132600
5.90999982	-2.12659900	-4.74132600
5.91999982	-2.12659900	-4.74132600
5.92999982	-2.12659900	-5.17193600
5.93999982	-2.21518200	-5.17193600
5.94999982	-2.21518200	-5.17193600
5.95999982	-2.21518200	-5.60408400
5.96999982	-2.30376500	-5.60408400
5.97999982	-2.30376500	-6.03469500
5.98999982	-2.30376500	-6.03469500
5.99999982	-2.30376500	-6.03469500
6.00999982	-2.39234700	-6.03469500
6.01999982	-2.39234700	-6.46530500
6.02999981	-2.39234700	-6.46530500
6.03999981	-2.39234700	-6.46530500
6.04999981	-2.48093000	-6.89745300
6.05999981	-2.48093000	-6.89745300
6.06999981	-2.48093000	-6.89745300
6.07999981	-2.48093000	-7.32806300
6.08999981	-2.56951300	-7.32806300
6.09999981	-2.56951300	-7.32806300
6.10999981	-2.56951300	-7.32806300
6.11999981	-2.56951300	-7.32806300
6.12999981	-2.56951300	-7.32806300
6.13999981	-2.65809500	-7.75867300
6.14999981	-2.65809500	-7.75867300
6.15999981	-2.74667800	-7.75867300
6.16999981	-2.74667800	-8.19082200
6.17999981	-2.74667800	-7.75867300
6.18999981	-2.74667800	-8.19082200
6.19999981	-2.83526100	-8.19082200
6.20999981	-2.74667800	-8.19082200
6.21999981	-2.83526100	-8.62143100
6.22999981	-2.83526100	-8.19082200
6.23999981	-2.83526100	-8.62143100
6.24999981	-2.92384300	-8.62143100
6.25999981	-2.92384300	-8.62143100
6.26999981	-2.92384300	-8.62143100
6.27999981	-3.01242600	-8.62143100
6.28999981	-3.01242600	-9.05204100
6.29999981	-3.01242600	-9.05204100
6.30999981	-3.01242600	-8.62143100
6.31999981	-3.01242600	-9.05204100
6.32999981	-3.10131600	-9.05204100
6.33999981	-3.10131600	-9.05204100
6.34999981	-3.10131600	-9.05204100
6.35999981	-3.18989900	-9.05204100
6.36999981	-3.18989900	-9.05204100
6.37999981	-3.18989900	-9.05204100
6.38999981	-3.18989900	-9.05204100
6.39999981	-3.27848200	-9.48419000
6.40999981	-3.27848200	-9.05204100
6.41999981	-3.27848200	-9.05204100
6.42999980	-3.27848200	-9.05204100
6.43999980	-3.36706400	-9.05204100
6.44999980	-3.36706400	-9.05204100
6.45999980	-3.36706400	-9.05204100
6.46999980	-3.36706400	-9.05204100
6.47999980	-3.36706400	-9.05204100
6.48999980	-3.45564700	-9.05204100
6.49999980	-3.45564700	-9.05204100
6.50999980	-3.45564700	-8.62143100
6.51999980	-3.45564700	-9.05204100
6.52999980	-3.54423000	-8.62143100
6.53999980	-3.54423000	-8.62143100
6.54999980	-3.63281300	-8.62143100
6.55999980	-3.63281300	-8.19082200
6.56999980	-3.63281300	-8.62143100
6.57999980	-3.63281300	-8.19082200
6.58999980	-3.63281300	-8.19082200
6.59999980	-3.72139500	-7.75867300
6.60999980	-3.72139500	-7.75867300
6.61999980	-3.72139500	-8.19082200
6.62999980	-3.72139500	-8.19082200
6.63999980	-3.72139500	-8.19082200
6.64999980	-3.80997800	-7.75867300
6.65999980	-3.80997800	-7.75867300
6.66999980	-3.89856100	-7.75867300
6.67999980	-3.89856100	-7.75867300
6.68999980	-3.89856100	-7.75867300
6.69999980	-3.89856100	-7.32806300
6.70999980	-3.89856100	-7.32806300
6.71999980	-3.98714300	-7.32806300
6.72999980	-3.98714300	-7.32806300
6.73999980	-3.98714300	-7.32806300
6.74999980	-3.98714300	-7.32806300
6.75999980	-4.07572600	-6.89745300
6.76999980	-4.07572600	-6.89745300
6.77999980	-4.07572600	-6.46530500
6.78999980	-4.16461600	-6.46530500
6.79999980	-4.16461600	-6.89745300
6.80999980	-4.16461600	-6.46530500
6.81999979	-4.16461600	-6.46530500
6.82999979	-4.25319900	-6.46530500
6.83999979	-4.25319900	-6.46530500
6.84999979	-4.25319900	-6.03469500
6.85999979	-4.25319900	-6.46530500
6.86999979	-4.34178200	-6.46530500
6.87999979	-4.34178200	-6.46530500
6.88999979	-4.34178200	-6.03469500
6.89999979	-4.34178200	-6.03469500
6.90999979	-4.43036400	-6.03469500
6.91999979	-4.43036400	-6.03469500
6.92999979	-4.43036400	-5.60408400
6.93999979	-4.43036400	-6.03469500
6.94999979	-4.43036400	-5.60408400
6.95999979	-4.51894700	-6.03469500
6.96999979	-4.51894700	-5.60408400
6.97999979	-4.51894700	-5.60408400
6.98999979	-4.51894700	-5.17193600
6.99999979	-4.60753000	-5.17193600
7.00999979	-4.60753000	-5.60408400
7.01999979	-4.60753000	-5.60408400
7.02999979	-4.69611200	-5.60408400
7.03999979	-4.60753000	-5.60408400
7.04999979	-4.69611200	-5.17193600
7.05999979	-4.69611200	-5.17193600
7.06999979	-4.78469500	-5.17193600
7.07999979	-4.78469500	-5.17193600
7.08999979	-4.78469500	-5.17193600
7.09999979	-4.78469500	-5.17193600
7.10999979	-4.78469500	-5.17193600
7.11999979	-4.87327800	-5.17193600
7.12999979	-4.87327800	-5.17193600
7.13999979	-4.87327800	-5.17193600
7.14999979	-4.87327800	-5.17193600
7.15999979	-4.96186000	-5.17193600
7.16999979	-4.96186000	-4.74132600
7.17999979	-4.96186000	-5.17193600
7.18999979	-4.96186000	-5.17193600
7.19999979	-5.05044300	-5.17193600
7.20999979	-5.05044300	-4.74132600
7.21999978	-5.05044300	-5.17193600
7.22999978	-5.13902600	-5.17193600
7.23999978	-5.13902600	-5.17193600
7.24999978	-5.13902600	-5.17193600
7.25999978	-5.13902600	-5.17193600
7.26999978	-5.13902600	-5.17193600
7.27999978	-5.22791600	-5.17193600
7.28999978	-5.22791600	-5.17193600
7.29999978	-5.22791600	-5.60408400
7.30999978	-5.31649800	-5.17193600
7.31999978	-5.22791600	-5.60408400
7.32999978	-5.31649800	-5.17193600
7.33999978	-5.31649800	-5.60408400
7.34999978	-5.31649800	-5.60408400
7.35999978	-5.40508100	-5.60408400
7.36999978	-5.40508100	-5.60408400
7.37999978	-5.40508100	-5.60408400
7.38999978	-5.49366400	-5.60408400
7.39999978	-5.40508100	-6.03469500
7.40999978	-5.49366400	-5.60408400
7.41999978	-5.49366400	-6.03469500
7.42999978	-5.58224600	-6.03469500
7.43999978	-5.58224600	-6.03469500
7.44999978	-5.58224600	-6.46530500
7.45999978	-5.58224600	-6.03469500
7.46999978	-5.58224600	-6.46530500
7.47999978	-5.58224600	-6.46530500
7.48999978	-5.58224600	-6.46530500
7.49999978	-5.58224600	-6.89745300
7.50999978	-5.58224600	-6.46530500
7.51999978	-5.49366400	-6.89745300
7.52999978	-5.49366400	-6.89745300
7.53999978	-5.49366400	-7.32806300
7.54999978	-5.40508100	-6.89745300
7.55999978	-5.40508100	-7.32806300
7.56999978	-5.40508100	-7.32806300
7.57999978	-5.40508100	-7.32806300
7.58999978	-5.31649800	-7.32806300
7.59999978	-5.31649800	-7.75867300
7.60999978	-5.31649800	-7.32806300
7.61999977	-5.31649800	-7.75867300
7.62999977	-5.22791600	-7.75867300
7.63999977	-5.22791600	-7.75867300
7.64999977	-5.22791600	-8.19082200
7.65999977	-5.22791600	-7.75867300
7.66999977	-5.13902600	-8.19082200
7.67999977	-5.13902600	-8.19082200
7.68999977	-5.13902600	-8.19082200
7.69999977	-5.13902600	-8.62143100
7.70999977	-5.05044300	-8.62143100
7.71999977	-5.05044300	-8.19082200
7.72999977	-5.05044300	-8.62143100
7.73999977	-5.05044300	-8.62143100
7.74999977	-5.05044300	-8.62143100
7.75999977	-4.96186000	-8.62143100
7.76999977	-4.96186000	-8.62143100
7.77999977	-4.96186000	-8.62143100
7.78999977	-4.87327800	-9.05204100
7.79999977	-4.87327800	-9.05204100
7.80999977	-4.87327800	-9.05204100
7.81999977	-4.87327800	-9.05204100
7.82999977	-4.78469500	-9.48419000
7.83999977	-4.78469500	-9.48419000
7.84999977	-4.78469500	-9.05204100
7.85999977	-4.78469500	-9.48419000
7.86999977	-4.69611200	-9.48419000
7.87999977	-4.69611200	-9.91480000
7.88999977	-4.69611200	-9.91480000
7.89999977	-4.60753000	-9.91480000
7.90999977	-4.60753000	-9.91480000
7.91999977	-4.60753000	-9.91480000
7.92999977	-4.60753000	-10.34541000
7.93999977	-4.60753000	-9.91480000
7.94999977	-4.51894700	-9.91480000
7.95999977	-4.51894700	-9.91480000
7.96999977	-4.51894700	-10.34541000
7.97999977	-4.43036400	-10.34541000
7.98999977	-4.43036400	-10.34541000
7.99999977	-4.43036400	-10.34541000
8.00999976	-4.43036400	-10.34541000
8.01999976	-4.43036400	-10.77756000
8.02999976	-4.34178200	-10.77756000
8.03999976	-4.34178200	-10.77756000
8.04999976	-4.34178200	-10.77756000
8.05999976	-4.25319900	-10.77756000
8.06999976	-4.25319900	-10.77756000
8.07999976	-4.25319900	-10.77756000
8.08999976	-4.25319900	-10.77756000
8.09999976	-4.25319900	-11.20817000
8.10999976	-4.16461600	-11.20817000
8.11999976	-4.16461600	-11.20817000
8.12999976	-4.16461600	-11.20817000
8.13999976	-4.16461600	-11.20817000
8.14999976	-4.16461600	-11.20817000
8.15999976	-4.07572600	-11.20817000
8.16999976	-4.07572600	-11.20817000
8.17999976	-3.98714300	-11.20817000
8.18999976	-3.98714300	-11.20817000
8.19999976	-3.98714300	-11.20817000
8.20999976	-3.98714300	-11.63878000
8.21999976	-3.89856100	-11.20817000
8.22999976	-3.89856100	-11.20817000
8.23999976	-3.89856100	-11.20817000
8.24999976	-3.89856100	-11.20817000
8.25999976	-3.89856100	-11.20817000
8.26999976	-3.80997800	-11.20817000
8.27999976	-3.80997800	-11.63878000
8.28999976	-3.80997800	-11.20817000
8.29999976	-3.80997800	-11.20817000
8.30999976	-3.72139500	-11.20817000
8.31999976	-3.72139500	-10.77756000
8.32999976	-3.72139500	-10.77756000
8.33999976	-3.72139500	-11.20817000
8.34999976	-3.63281300	-11.20817000
8.35999976	-3.63281300	-11.20817000
8.36999976	-3.54423000	-11.20817000
8.37999976	-3.63281300	-10.77756000
8.38999976	-3.54423000	-10.77756000
8.39999976	-3.54423000	-11.20817000
8.40999975	-3.54423000	-11.20817000
8.41999975	-3.54423000	-10.77756000
8.42999975	-3.45564700	-10.77756000
8.43999975	-3.45564700	-10.77756000
8.44999975	-3.45564700	-10.34541000
8.45999975	-3.36706400	-10.77756000
8.46999975	-3.36706400	-10.77756000
8.47999975	-3.36706400	-10.77756000
8.48999975	-3.36706400	-10.77756000
8.49999975	-3.27848200	-10.77756000
8.50999975	-3.27848200	-10.77756000
8.51999975	-3.27848200	-10.34541000
8.52999975	-3.27848200	-10.77756000
8.53999975	-3.18989900	-10.34541000
8.54999975	-3.18989900	-10.34541000
8.55999975	-3.18989900	-10.34541000
8.56999975	-3.18989900	-10.34541000
8.57999975	-3.10131600	-10.34541000
8.58999975	-3.10131600	-10.34541000
8.59999975	-3.10131600	-10.77756000
8.60999975	-3.10131600	-10.34541000
8.61999975	-3.01242600	-10.34541000
8.62999975	-3.01242600	-10.34541000
8.63999975	-3.01242600	-10.34541000
8.64999975	-3.01242600	-10.34541000
8.65999975	-2.92384300	-10.34541000
8.66999975	-2.92384300	-10.34541000
8.67999975	-2.92384300	-10.34541000
8.68999975	-2.92384300	-10.34541000
8.69999975	-2.83526100	-10.34541000
8.70999975	-2.83526100	-10.34541000
8.71999975	-2.83526100	-9.91480000
8.72999975	-2.83526100	-9.91480000
8.73999975	-2.74667800	-10.34541000
8.74999975	-2.74667800	-9.91480000
8.75999975	-2.74667800	-10.34541000
8.76999975	-2.74667800	-9.91480000
8.77999975	-2.65809500	-10.34541000
8.78999975	-2.65809500	-9.91480000
8.79999974	-2.65809500	-9.91480000
8.80999974	-2.65809500	-9.91480000
8.81999974	-2.56951300	-9.91480000
8.82999974	-2.56951300	-9.91480000
8.83999974	-2.56951300	-9.91480000
8.84999974	-2.48093000	-9.91480000
8.85999974	-2.48093000	-9.91480000
8.86999974	-2.48093000	-9.48419000
8.87999974	-2.48093000	-9.91480000
8.88999974	-2.48093000	-9.91480000
8.89999974	-2.39234700	-9.48419000
8.90999974	-2.39234700	-9.91480000
8.91999974	-2.39234700	-9.48419000
8.92999974	-2.39234700	-9.91480000
8.93999974	-2.30376500	-9.48419000
8.94999974	-2.30376500	-9.91480000
8.95999974	-2.30376500	-9.91480000
8.96999974	-2.21518200	-9.48419000
8.97999974	-2.21518200	-9.48419000
8.98999974	-2.21518200	-9.48419000
8.99999974	-2.21518200	-9.91480000
9.00999974	-2.12659900	-9.91480000
9.01999974	-2.12659900	-9.48419000
