Frequency	Channel A	Channel B
(ms)	(V)	(mV)

-1.01000001	-2.03770900	3.79367600
-1.00000001	-2.03770900	3.79367600
-0.99000001	-2.03770900	3.62081700
-0.98000001	-1.94912600	3.44857300
-0.97000001	-1.94912600	3.62081700
-0.96000001	-1.94912600	3.79367600
-0.95000001	-1.86054400	3.96592000
-0.94000001	-1.86054400	3.44857300
-0.93000001	-1.86054400	3.79367600
-0.92000001	-1.86054400	3.96592000
-0.91000001	-1.86054400	3.62081700
-0.90000001	-1.86054400	3.44857300
-0.89000001	-1.77196100	3.62081700
-0.88000001	-1.77196100	3.62081700
-0.87000001	-1.77196100	3.44857300
-0.86000001	-1.77196100	3.44857300
-0.85000001	-1.68337800	3.44857300
-0.84000001	-1.68337800	3.62081700
-0.83000001	-1.68337800	3.44857300
-0.82000001	-1.59479600	3.44857300
-0.81000001	-1.59479600	3.44857300
-0.80000001	-1.59479600	3.62081700
-0.79000001	-1.59479600	3.44857300
-0.78000001	-1.59479600	3.62081700
-0.77000001	-1.59479600	3.62081700
-0.76000001	-1.50621300	3.62081700
-0.75000001	-1.50621300	3.44857300
-0.74000001	-1.50621300	3.79367600
-0.73000001	-1.50621300	3.62081700
-0.72000001	-1.50621300	3.96592000
-0.71000001	-1.41763000	3.44857300
-0.70000002	-1.41763000	3.79367600
-0.69000002	-1.41763000	3.96592000
-0.68000002	-1.41763000	3.62081700
-0.67000002	-1.32904800	3.79367600
-0.66000002	-1.32904800	3.79367600
-0.65000002	-1.32904800	3.96592000
-0.64000002	-1.32904800	4.13816400
-0.63000002	-1.32904800	3.96592000
-0.62000002	-1.24046500	3.96592000
-0.61000002	-1.24046500	3.96592000
-0.60000002	-1.24046500	4.31102400
-0.59000002	-1.24046500	3.96592000
-0.58000002	-1.15188200	3.96592000
-0.57000002	-1.15188200	4.13816400
-0.56000002	-1.15188200	4.13816400
-0.55000002	-1.15188200	4.13816400
-0.54000002	-1.15188200	4.13816400
-0.53000002	-1.06330000	4.31102400
-0.52000002	-1.06330000	4.13816400
-0.51000002	-1.06330000	4.31102400
-0.50000002	-1.06330000	4.31102400
-0.49000002	-0.97440950	4.31102400
-0.48000002	-0.97440950	4.48326700
-0.47000002	-0.97440950	4.31102400
-0.46000002	-0.97440950	4.48326700
-0.45000002	-0.97440950	4.48326700
-0.44000002	-0.88582680	4.31102400
-0.43000002	-0.88582680	4.65551200
-0.42000002	-0.88582680	4.65551200
-0.41000002	-0.88582680	4.31102400
-0.40000002	-0.79724410	4.65551200
-0.39000002	-0.88582680	4.82775500
-0.38000002	-0.79724410	4.82775500
-0.37000002	-0.79724410	4.48326700
-0.36000002	-0.79724410	4.82775500
-0.35000002	-0.79724410	4.65551200
-0.34000002	-0.70866140	4.48326700
-0.33000002	-0.70866140	4.65551200
-0.32000002	-0.70866140	4.82775500
-0.31000002	-0.70866140	4.82775500
-0.30000003	-0.70866140	4.82775500
-0.29000003	-0.62007870	4.82775500
-0.28000003	-0.62007870	5.00061500
-0.27000003	-0.62007870	5.17285900
-0.26000003	-0.62007870	5.00061500
-0.25000003	-0.53149600	4.65551200
-0.24000003	-0.53149600	5.17285900
-0.23000003	-0.53149600	5.17285900
-0.22000003	-0.53149600	5.17285900
-0.21000003	-0.44291340	5.17285900
-0.20000003	-0.44291340	5.17285900
-0.19000003	-0.44291340	5.17285900
-0.18000003	-0.44291340	5.17285900
-0.17000003	-0.44291340	5.17285900
-0.16000003	-0.35433070	5.17285900
-0.15000003	-0.35433070	5.34510300
-0.14000003	-0.35433070	5.17285900
-0.13000003	-0.35433070	5.34510300
-0.12000003	-0.26574800	5.34510300
-0.11000003	-0.26574800	5.34510300
-0.10000003	-0.26574800	5.17285900
-0.09000003	-0.26574800	5.34510300
-0.08000003	-0.26574800	5.17285900
-0.07000003	-0.17716540	5.34510300
-0.06000003	-0.17716540	5.17285900
-0.05000003	-0.17716540	5.34510300
-0.04000003	-0.17716540	5.34510300
-0.03000003	-0.17716540	5.34510300
-0.02000003	-0.08858268	5.34510300
-0.01000003	-0.08858268	5.34510300
-0.00000003	0.00000000	5.34510300
0.00999997	-0.08858268	5.34510300
0.01999997	0.00000000	5.17285900
0.02999997	0.00000000	5.34510300
0.03999997	0.08858268	5.34510300
0.04999997	0.08858268	5.34510300
0.05999997	0.08858268	5.17285900
0.06999997	0.08858268	5.17285900
0.07999997	0.17716540	5.17285900
0.08999996	0.17716540	5.00061500
0.09999996	0.17716540	5.00061500
0.10999996	0.17716540	4.48326700
0.11999996	0.17716540	4.48326700
0.12999996	0.26574800	4.31102400
0.13999996	0.26574800	4.31102400
0.14999996	0.26574800	3.79367600
0.15999996	0.26574800	3.79367600
0.16999996	0.26574800	3.79367600
0.17999996	0.35433070	3.44857300
0.18999996	0.35433070	3.27632900
0.19999996	0.35433070	3.10346900
0.20999996	0.44291340	2.75898100
0.21999996	0.44291340	2.58612200
0.22999996	0.44291340	2.41387800
0.23999996	0.44291340	2.06877400
0.24999996	0.53149600	1.55142700
0.25999996	0.53149600	1.55142700
0.26999996	0.53149600	1.03408000
0.27999996	0.53149600	0.68959150
0.28999996	0.62007870	0.86183560
0.29999996	0.62007870	0.17224410
0.30999996	0.62007870	-0.34448820
0.31999996	0.62007870	-0.51673230
0.32999996	0.70866140	-0.86183560
0.33999996	0.70866140	-1.37918300
0.34999996	0.79724410	-1.72428600
0.35999996	0.79724410	-2.06877400
0.36999996	0.79724410	-2.24163400
0.37999996	0.79724410	-2.41387800
0.38999996	0.88582680	-2.75898100
0.39999996	0.88582680	-3.27632900
0.40999996	0.88582680	-3.62081700
0.41999996	0.88582680	-3.96592000
0.42999996	0.88582680	-3.96592000
0.43999996	0.97440950	-4.65551200
0.44999996	0.97440950	-4.65551200
0.45999996	0.97440950	-5.17285900
0.46999996	0.97440950	-5.34510300
0.47999996	0.97440950	-5.51796200
0.48999995	1.06330000	-6.03531000
0.49999995	1.06330000	-6.03531000
0.50999995	1.15188200	-6.37979800
0.51999995	1.15188200	-6.89714500
0.52999995	1.15188200	-6.72490100
0.53999995	1.15188200	-7.07000400
0.54999995	1.24046500	-7.07000400
0.55999995	1.24046500	-7.24224900
0.56999995	1.24046500	-7.58735200
0.57999995	1.24046500	-7.75959600
0.58999995	1.24046500	-8.10469900
0.59999995	1.32904800	-7.58735200
0.60999995	1.32904800	-7.75959600
0.61999995	1.32904800	-7.93184000
0.62999995	1.32904800	-7.75959600
0.63999995	1.41763000	-7.41449300
0.64999995	1.41763000	-7.58735200
0.65999995	1.41763000	-7.58735200
0.66999995	1.50621300	-7.58735200
0.67999995	1.50621300	-7.07000400
0.68999995	1.50621300	-6.89714500
0.69999995	1.50621300	-6.89714500
0.70999995	1.59479600	-6.72490100
0.71999995	1.59479600	-6.55265700
0.72999995	1.59479600	-6.37979800
0.73999995	1.59479600	-6.03531000
0.74999995	1.68337800	-5.86245000
0.75999995	1.68337800	-5.51796200
0.76999995	1.68337800	-5.00061500
0.77999995	1.68337800	-4.65551200
0.78999995	1.77196100	-4.13816400
0.79999995	1.77196100	-3.96592000
0.80999995	1.77196100	-3.96592000
0.81999995	1.86054400	-3.27632900
0.82999995	1.86054400	-2.93122500
0.83999995	1.86054400	-2.58612200
0.84999995	1.86054400	-2.06877400
0.85999995	1.86054400	-1.55142700
0.86999995	1.94912600	-1.03408000
0.87999995	1.94912600	-0.86183560
0.88999994	1.94912600	-0.34448820
0.89999994	2.03770900	0.00000000
0.90999994	2.03770900	0.51673230
0.91999994	2.03770900	0.86183560
0.92999994	2.03770900	1.55142700
0.93999994	2.03770900	1.72428600
0.94999994	2.12659900	2.41387800
0.95999994	2.12659900	2.24163400
0.96999994	2.12659900	2.75898100
0.97999994	2.12659900	3.27632900
0.98999994	2.21518200	3.62081700
0.99999994	2.21518200	3.96592000
1.00999994	2.21518200	4.13816400
1.01999994	2.21518200	4.48326700
1.02999994	2.30376500	4.82775500
1.03999994	2.30376500	5.00061500
1.04999994	2.30376500	5.17285900
1.05999994	2.39234700	5.51796200
1.06999994	2.39234700	5.51796200
1.07999994	2.39234700	5.51796200
1.08999994	2.39234700	5.86245000
1.09999994	2.48093000	6.03531000
1.10999994	2.48093000	6.20755400
1.11999994	2.48093000	6.55265700
1.12999994	2.48093000	6.20755400
1.13999994	2.56951300	6.20755400
1.14999994	2.56951300	5.86245000
1.15999994	2.56951300	6.20755400
1.16999994	2.56951300	6.20755400
1.17999994	2.65809500	6.03531000
1.18999994	2.65809500	6.20755400
1.19999994	2.65809500	6.03531000
1.20999994	2.65809500	5.69020700
1.21999994	2.74667800	5.51796200
1.22999994	2.74667800	5.34510300
1.23999994	2.74667800	5.34510300
1.24999994	2.74667800	5.17285900
1.25999994	2.83526100	4.65551200
1.26999994	2.83526100	4.31102400
1.27999993	2.83526100	4.31102400
1.28999993	2.83526100	4.13816400
1.29999993	2.92384300	3.62081700
1.30999993	2.92384300	3.44857300
1.31999993	2.92384300	2.75898100
1.32999993	2.92384300	2.75898100
1.33999993	3.01242600	2.06877400
1.34999993	3.01242600	1.89653000
1.35999993	3.01242600	1.37918300
1.36999993	3.01242600	0.86183560
1.37999993	3.01242600	1.03408000
1.38999993	3.10131600	0.17224410
1.39999993	3.10131600	0.00000000
1.40999993	3.18989900	-0.86183560
1.41999993	3.18989900	-1.03408000
1.42999993	3.18989900	-1.55142700
1.43999993	3.18989900	-1.89653000
1.44999993	3.18989900	-2.24163400
1.45999993	3.27848200	-2.58612200
1.46999993	3.27848200	-2.93122500
1.47999993	3.27848200	-3.44857300
1.48999993	3.36706400	-3.96592000
1.49999993	3.36706400	-4.13816400
1.50999993	3.36706400	-4.65551200
1.51999993	3.45564700	-5.00061500
1.52999993	3.36706400	-5.17285900
1.53999993	3.45564700	-5.51796200
1.54999993	3.45564700	-5.86245000
1.55999993	3.45564700	-6.03531000
1.56999993	3.45564700	-6.03531000
1.57999993	3.54423000	-6.37979800
1.58999993	3.54423000	-6.55265700
1.59999993	3.54423000	-6.72490100
1.60999993	3.54423000	-6.72490100
1.61999993	3.63281300	-6.72490100
1.62999993	3.63281300	-6.89714500
1.63999993	3.63281300	-6.72490100
1.64999993	3.72139500	-6.72490100
1.65999993	3.72139500	-6.55265700
1.66999993	3.72139500	-6.20755400
1.67999992	3.80997800	-6.20755400
1.68999992	3.80997800	-6.03531000
1.69999992	3.80997800	-6.03531000
1.70999992	3.80997800	-5.51796200
1.71999992	3.80997800	-5.51796200
1.72999992	3.89856100	-5.00061500
1.73999992	3.89856100	-5.00061500
1.74999992	3.89856100	-4.48326700
1.75999992	3.89856100	-4.13816400
1.76999992	3.98714300	-3.62081700
1.77999992	3.98714300	-3.27632900
1.78999992	3.98714300	-2.75898100
1.79999992	3.98714300	-2.41387800
1.80999992	3.98714300	-1.89653000
1.81999992	4.07572600	-1.72428600
1.82999992	4.07572600	-0.86183560
1.83999992	4.16461600	-0.68959150
1.84999992	4.16461600	-0.17224410
1.85999992	4.16461600	0.00000000
1.86999992	4.16461600	0.86183560
1.87999992	4.16461600	1.37918300
1.88999992	4.25319900	1.72428600
1.89999992	4.25319900	2.06877400
1.90999992	4.25319900	2.58612200
1.91999992	4.25319900	2.58612200
1.92999992	4.34178200	3.27632900
1.93999992	4.34178200	3.62081700
1.94999992	4.43036400	3.96592000
1.95999992	4.34178200	4.82775500
1.96999992	4.43036400	4.82775500
1.97999992	4.43036400	5.17285900
1.98999992	4.43036400	5.34510300
1.99999992	4.43036400	5.86245000
2.00999992	4.51894700	6.03531000
2.01999992	4.51894700	6.37979800
2.02999992	4.51894700	6.20755400
2.03999992	4.51894700	7.07000400
2.04999992	4.60753000	7.07000400
2.05999992	4.60753000	7.07000400
2.06999991	4.60753000	7.41449300
2.07999991	4.60753000	7.41449300
2.08999991	4.69611200	7.41449300
2.09999991	4.69611200	7.41449300
2.10999991	4.69611200	7.58735200
2.11999991	4.69611200	7.41449300
2.12999991	4.78469500	7.41449300
2.13999991	4.78469500	7.58735200
2.14999991	4.78469500	7.41449300
2.15999991	4.87327800	7.41449300
2.16999991	4.87327800	7.41449300
2.17999991	4.87327800	6.89714500
2.18999991	4.87327800	6.72490100
2.19999991	4.96186000	6.89714500
2.20999991	4.96186000	6.55265700
2.21999991	4.96186000	6.55265700
2.22999991	4.96186000	6.20755400
2.23999991	5.05044300	6.03531000
2.24999991	5.05044300	5.69020700
2.25999991	5.05044300	5.17285900
2.26999991	5.13902600	4.82775500
2.27999991	5.05044300	4.65551200
2.28999991	5.13902600	4.31102400
2.29999991	5.13902600	3.62081700
2.30999991	5.13902600	3.44857300
2.31999991	5.13902600	2.75898100
2.32999991	5.13902600	2.58612200
2.33999991	5.22791600	1.89653000
2.34999991	5.22791600	1.72428600
2.35999991	5.31649800	1.37918300
2.36999991	5.31649800	0.68959150
2.37999991	5.31649800	0.51673230
2.38999991	5.31649800	0.17224410
2.39999991	5.40508100	-0.51673230
2.40999991	5.40508100	-0.68959150
2.41999991	5.40508100	-1.20693900
2.42999991	5.40508100	-1.72428600
2.43999991	5.40508100	-2.41387800
2.44999991	5.49366400	-2.58612200
2.45999991	5.49366400	-3.44857300
2.46999990	5.49366400	-3.44857300
2.47999990	5.58224600	-3.96592000
2.48999990	5.58224600	-4.31102400
2.49999990	5.58224600	-4.82775500
2.50999990	5.58224600	-5.00061500
2.51999990	5.67082900	-5.51796200
2.52999990	5.67082900	-5.86245000
2.53999990	5.67082900	-6.37979800
2.54999990	5.58224600	-6.55265700
2.55999990	5.58224600	-6.89714500
2.56999990	5.58224600	-6.89714500
2.57999990	5.58224600	-7.58735200
2.58999990	5.49366400	-7.41449300
2.59999990	5.49366400	-8.10469900
2.60999990	5.49366400	-8.44918800
2.61999990	5.49366400	-8.44918800
2.62999990	5.40508100	-9.13877900
2.63999990	5.40508100	-9.48388300
2.64999990	5.40508100	-9.48388300
2.65999990	5.31649800	-9.82898600
2.66999990	5.31649800	-10.34633000
2.67999990	5.31649800	-10.86368000
2.68999990	5.31649800	-11.03592000
2.69999990	5.22791600	-11.20817000
2.70999990	5.22791600	-11.89838000
2.71999990	5.22791600	-12.07062000
2.72999990	5.13902600	-12.41572000
2.73999990	5.13902600	-12.58797000
2.74999990	5.13902600	-12.93307000
2.75999990	5.13902600	-13.44980000
2.76999990	5.13902600	-13.79491000
2.77999990	5.05044300	-13.96715000
2.78999990	5.05044300	-14.48450000
2.79999990	5.05044300	-14.82960000
2.80999990	5.05044300	-15.17470000
2.81999990	4.96186000	-15.34695000
2.82999990	4.96186000	-15.51919000
2.83999990	4.96186000	-15.86430000
2.84999990	4.96186000	-16.20940000
2.85999990	4.87327800	-16.55389000
2.86999989	4.87327800	-16.72675000
2.87999989	4.87327800	-16.89899000
2.88999989	4.78469500	-17.24409000
2.89999989	4.78469500	-17.41634000
2.90999989	4.78469500	-17.76083000
2.91999989	4.78469500	-17.76083000
2.92999989	4.69611200	-17.76083000
2.93999989	4.69611200	-18.10593000
2.94999989	4.69611200	-17.93369000
2.95999989	4.69611200	-18.10593000
2.96999989	4.60753000	-18.10593000
2.97999989	4.60753000	-18.27817000
2.98999989	4.60753000	-18.27817000
2.99999989	4.60753000	-18.10593000
3.00999989	4.51894700	-18.10593000
3.01999989	4.51894700	-17.93369000
3.02999989	4.51894700	-18.10593000
3.03999989	4.43036400	-17.58858000
3.04999989	4.43036400	-17.58858000
3.05999989	4.43036400	-17.24409000
3.06999989	4.34178200	-17.24409000
3.07999989	4.43036400	-16.72675000
3.08999989	4.34178200	-16.55389000
3.09999989	4.34178200	-16.38164000
3.10999989	4.34178200	-15.86430000
3.11999989	4.25319900	-15.69205000
3.12999989	4.25319900	-15.34695000
3.13999989	4.25319900	-14.65736000
3.14999989	4.25319900	-14.48450000
3.15999989	4.16461600	-13.62266000
3.16999989	4.16461600	-13.62266000
3.17999989	4.16461600	-13.10531000
3.18999989	4.16461600	-12.41572000
3.19999989	4.07572600	-12.07062000
3.20999989	4.07572600	-11.38103000
3.21999989	4.07572600	-10.86368000
3.22999989	4.07572600	-10.51858000
3.23999989	3.98714300	-9.82898600
3.24999989	3.98714300	-9.13877900
3.25999988	3.98714300	-8.62204700
3.26999988	3.89856100	-7.75959600
3.27999988	3.89856100	-7.41449300
3.28999988	3.89856100	-6.72490100
3.29999988	3.89856100	-6.55265700
3.30999988	3.89856100	-5.51796200
3.31999988	3.80997800	-5.00061500
3.32999988	3.80997800	-4.48326700
3.33999988	3.80997800	-3.96592000
3.34999988	3.80997800	-3.62081700
3.35999988	3.72139500	-2.75898100
3.36999988	3.72139500	-2.06877400
3.37999988	3.72139500	-1.72428600
3.38999988	3.63281300	-1.37918300
3.39999988	3.63281300	-0.34448820
3.40999988	3.63281300	0.00000000
3.41999988	3.63281300	0.17224410
3.42999988	3.54423000	0.86183560
3.43999988	3.54423000	1.55142700
3.44999988	3.54423000	1.72428600
3.45999988	3.54423000	2.24163400
3.46999988	3.45564700	2.93122500
3.47999988	3.45564700	3.44857300
3.48999988	3.45564700	3.79367600
3.49999988	3.45564700	3.96592000
3.50999988	3.36706400	4.48326700
3.51999988	3.36706400	4.48326700
3.52999988	3.36706400	5.17285900
3.53999988	3.36706400	5.51796200
3.54999988	3.27848200	5.51796200
3.55999988	3.27848200	6.03531000
3.56999988	3.27848200	6.20755400
3.57999988	3.18989900	6.20755400
3.58999988	3.18989900	6.37979800
3.59999988	3.18989900	6.72490100
3.60999988	3.18989900	6.72490100
3.61999988	3.18989900	6.89714500
3.62999988	3.10131600	6.89714500
3.63999988	3.10131600	6.89714500
3.64999988	3.10131600	6.72490100
3.65999987	3.10131600	6.89714500
3.66999987	3.01242600	7.07000400
3.67999987	3.01242600	6.89714500
3.68999987	3.01242600	6.89714500
3.69999987	2.92384300	6.55265700
3.70999987	2.92384300	6.55265700
3.71999987	2.92384300	6.72490100
3.72999987	2.83526100	6.37979800
3.73999987	2.92384300	6.03531000
3.74999987	2.83526100	5.86245000
3.75999987	2.83526100	5.69020700
3.76999987	2.74667800	5.51796200
3.77999987	2.83526100	5.17285900
3.78999987	2.74667800	5.00061500
3.79999987	2.74667800	4.65551200
3.80999987	2.74667800	4.31102400
3.81999987	2.65809500	3.96592000
3.82999987	2.65809500	3.79367600
3.83999987	2.65809500	3.27632900
3.84999987	2.65809500	3.10346900
3.85999987	2.56951300	2.41387800
3.86999987	2.56951300	2.24163400
3.87999987	2.56951300	1.89653000
3.88999987	2.48093000	1.37918300
3.89999987	2.48093000	1.03408000
3.90999987	2.48093000	0.51673230
3.91999987	2.48093000	0.00000000
3.92999987	2.48093000	-0.34448820
3.93999987	2.39234700	-0.68959150
3.94999987	2.39234700	-1.20693900
3.95999987	2.39234700	-1.72428600
3.96999987	2.39234700	-2.06877400
3.97999987	2.30376500	-2.41387800
3.98999987	2.30376500	-2.75898100
3.99999987	2.30376500	-3.62081700
4.00999987	2.21518200	-3.79367600
4.01999987	2.21518200	-4.13816400
4.02999987	2.21518200	-4.31102400
4.03999987	2.21518200	-4.65551200
4.04999986	2.12659900	-5.34510300
4.05999986	2.12659900	-5.34510300
4.06999986	2.12659900	-5.86245000
4.07999986	2.12659900	-6.03531000
4.08999986	2.03770900	-6.03531000
4.09999986	2.03770900	-6.20755400
4.10999986	2.03770900	-6.55265700
4.11999986	2.03770900	-6.72490100
4.12999986	1.94912600	-6.72490100
4.13999986	1.94912600	-6.89714500
4.14999986	1.94912600	-6.72490100
4.15999986	1.94912600	-7.24224900
4.16999986	1.86054400	-6.72490100
4.17999986	1.86054400	-6.72490100
4.18999986	1.86054400	-6.72490100
4.19999986	1.77196100	-6.72490100
4.20999986	1.86054400	-6.20755400
4.21999986	1.77196100	-6.03531000
4.22999986	1.77196100	-5.86245000
4.23999986	1.77196100	-5.69020700
4.24999986	1.68337800	-5.51796200
4.25999986	1.68337800	-5.34510300
4.26999986	1.59479600	-4.65551200
4.27999986	1.68337800	-4.31102400
4.28999986	1.68337800	-4.31102400
4.29999986	1.59479600	-3.79367600
4.30999986	1.59479600	-3.27632900
4.31999986	1.59479600	-2.93122500
4.32999986	1.50621300	-2.75898100
4.33999986	1.50621300	-2.06877400
4.34999986	1.50621300	-1.72428600
4.35999986	1.50621300	-1.37918300
4.36999986	1.41763000	-0.86183560
4.37999986	1.41763000	-0.51673230
4.38999986	1.41763000	0.34448820
4.39999986	1.41763000	0.51673230
4.40999986	1.32904800	1.03408000
4.41999986	1.32904800	1.37918300
4.42999986	1.32904800	2.24163400
4.43999986	1.24046500	2.41387800
4.44999985	1.24046500	2.58612200
4.45999985	1.24046500	3.44857300
4.46999985	1.15188200	3.62081700
4.47999985	1.15188200	3.79367600
4.48999985	1.15188200	4.48326700
4.49999985	1.15188200	4.48326700
4.50999985	1.15188200	5.00061500
4.51999985	1.06330000	5.34510300
4.52999985	1.06330000	5.51796200
4.53999985	1.06330000	5.86245000
4.54999985	0.97440950	6.20755400
4.55999985	0.97440950	6.37979800
4.56999985	0.97440950	6.37979800
4.57999985	0.97440950	6.72490100
4.58999985	0.97440950	6.72490100
4.59999985	0.88582680	7.07000400
4.60999985	0.88582680	7.07000400
4.61999985	0.88582680	6.89714500
4.62999985	0.88582680	7.07000400
4.63999985	0.79724410	7.07000400
4.64999985	0.79724410	7.07000400
4.65999985	0.79724410	7.07000400
4.66999985	0.70866140	6.89714500
4.67999985	0.70866140	6.89714500
4.68999985	0.70866140	6.72490100
4.69999985	0.70866140	6.55265700
4.70999985	0.70866140	6.20755400
4.71999985	0.62007870	6.20755400
4.72999985	0.62007870	5.86245000
4.73999985	0.53149600	5.86245000
4.74999985	0.53149600	5.34510300
4.75999985	0.53149600	5.34510300
4.76999985	0.53149600	5.34510300
4.77999985	0.53149600	4.82775500
4.78999985	0.44291340	4.48326700
4.79999985	0.44291340	4.13816400
4.80999985	0.44291340	3.79367600
4.81999985	0.35433070	3.27632900
4.82999985	0.35433070	3.10346900
4.83999984	0.35433070	2.75898100
4.84999984	0.35433070	2.24163400
4.85999984	0.35433070	1.72428600
4.86999984	0.26574800	1.37918300
4.87999984	0.26574800	1.03408000
4.88999984	0.26574800	0.34448820
4.89999984	0.17716540	0.17224410
4.90999984	0.17716540	-0.34448820
4.91999984	0.17716540	-0.34448820
4.92999984	0.17716540	-0.68959150
4.93999984	0.17716540	-1.20693900
4.94999984	0.08858268	-1.55142700
4.95999984	0.08858268	-2.06877400
4.96999984	0.08858268	-2.06877400
4.97999984	0.08858268	-2.58612200
4.98999984	0.00000000	-2.41387800
4.99999984	0.00000000	-3.10346900
5.00999984	0.00000000	-3.27632900
5.01999984	-0.08858268	-3.44857300
5.02999984	-0.08858268	-3.79367600
5.03999984	-0.08858268	-3.96592000
5.04999984	-0.17716540	-4.13816400
5.05999984	-0.08858268	-4.31102400
5.06999984	-0.17716540	-4.48326700
5.07999984	-0.26574800	-4.48326700
5.08999984	-0.17716540	-5.00061500
5.09999984	-0.26574800	-4.65551200
5.10999984	-0.26574800	-4.48326700
5.11999984	-0.26574800	-4.65551200
5.12999984	-0.26574800	-4.65551200
5.13999984	-0.35433070	-4.48326700
5.14999984	-0.35433070	-4.82775500
5.15999984	-0.35433070	-4.65551200
5.16999984	-0.35433070	-5.00061500
5.17999984	-0.35433070	-4.65551200
5.18999984	-0.35433070	-4.48326700
5.19999984	-0.44291340	-4.65551200
5.20999984	-0.44291340	-4.65551200
5.21999984	-0.44291340	-4.48326700
5.22999984	-0.53149600	-4.31102400
5.23999983	-0.44291340	-4.31102400
5.24999983	-0.53149600	-4.48326700
5.25999983	-0.53149600	-4.65551200
5.26999983	-0.62007870	-4.13816400
5.27999983	-0.62007870	-4.31102400
5.28999983	-0.62007870	-4.31102400
5.29999983	-0.62007870	-4.31102400
5.30999983	-0.62007870	-3.96592000
5.31999983	-0.62007870	-4.31102400
5.32999983	-0.70866140	-4.13816400
5.33999983	-0.70866140	-4.13816400
5.34999983	-0.70866140	-4.13816400
5.35999983	-0.79724410	-3.96592000
5.36999983	-0.79724410	-4.13816400
5.37999983	-0.79724410	-3.79367600
5.38999983	-0.79724410	-3.79367600
5.39999983	-0.79724410	-3.96592000
5.40999983	-0.88582680	-3.79367600
5.41999983	-0.88582680	-3.44857300
5.42999983	-0.88582680	-3.62081700
5.43999983	-0.88582680	-3.79367600
5.44999983	-0.97440950	-3.44857300
5.45999983	-0.97440950	-3.27632900
5.46999983	-0.97440950	-3.44857300
5.47999983	-0.97440950	-3.44857300
5.48999983	-0.97440950	-3.27632900
5.49999983	-0.97440950	-3.10346900
5.50999983	-1.06330000	-3.10346900
5.51999983	-1.06330000	-2.93122500
5.52999983	-1.06330000	-3.10346900
5.53999983	-1.06330000	-3.27632900
5.54999983	-1.15188200	-2.75898100
5.55999983	-1.15188200	-2.93122500
5.56999983	-1.15188200	-2.93122500
5.57999983	-1.15188200	-2.58612200
5.58999983	-1.15188200	-2.58612200
5.59999983	-1.24046500	-2.58612200
5.60999983	-1.24046500	-2.75898100
5.61999983	-1.24046500	-2.41387800
5.62999983	-1.24046500	-2.41387800
5.63999982	-1.24046500	-2.58612200
5.64999982	-1.32904800	-2.41387800
5.65999982	-1.32904800	-2.24163400
5.66999982	-1.32904800	-2.06877400
5.67999982	-1.32904800	-2.06877400
5.68999982	-1.32904800	-1.72428600
5.69999982	-1.41763000	-2.06877400
5.70999982	-1.41763000	-1.72428600
5.71999982	-1.41763000	-1.72428600
5.72999982	-1.50621300	-1.72428600
5.73999982	-1.50621300	-1.72428600
5.74999982	-1.50621300	-1.37918300
5.75999982	-1.50621300	-1.55142700
5.76999982	-1.50621300	-1.20693900
5.77999982	-1.50621300	-1.20693900
5.78999982	-1.59479600	-1.37918300
5.79999982	-1.59479600	-1.20693900
5.80999982	-1.59479600	-1.03408000
5.81999982	-1.59479600	-0.86183560
5.82999982	-1.68337800	-1.03408000
5.83999982	-1.68337800	-0.86183560
5.84999982	-1.68337800	-0.86183560
5.85999982	-1.68337800	-0.86183560
5.86999982	-1.68337800	-0.68959150
5.87999982	-1.77196100	-0.68959150
5.88999982	-1.77196100	-0.68959150
5.89999982	-1.77196100	-0.34448820
5.90999982	-1.77196100	-0.17224410
5.91999982	-1.77196100	-0.51673230
5.92999982	-1.86054400	-0.17224410
5.93999982	-1.86054400	0.00000000
5.94999982	-1.86054400	-0.17224410
5.95999982	-1.86054400	0.00000000
5.96999982	-1.86054400	0.00000000
5.97999982	-1.94912600	0.00000000
5.98999982	-1.94912600	-0.17224410
5.99999982	-1.94912600	0.17224410
6.00999982	-1.94912600	0.00000000
6.01999982	-2.03770900	0.00000000
6.02999981	-2.03770900	0.17224410
6.03999981	-2.03770900	0.17224410
6.04999981	-2.03770900	0.17224410
6.05999981	-2.12659900	0.17224410
6.06999981	-2.12659900	0.34448820
6.07999981	-2.12659900	0.51673230
6.08999981	-2.12659900	0.51673230
6.09999981	-2.12659900	0.51673230
6.10999981	-2.21518200	0.34448820
6.11999981	-2.21518200	0.51673230
6.12999981	-2.21518200	0.51673230
6.13999981	-2.21518200	0.34448820
6.14999981	-2.30376500	0.34448820
6.15999981	-2.30376500	0.51673230
6.16999981	-2.30376500	0.51673230
6.17999981	-2.30376500	0.68959150
6.18999981	-2.30376500	0.51673230
6.19999981	-2.39234700	0.51673230
6.20999981	-2.39234700	0.68959150
6.21999981	-2.39234700	0.17224410
6.22999981	-2.39234700	0.34448820
6.23999981	-2.39234700	0.51673230
6.24999981	-2.48093000	0.86183560
6.25999981	-2.48093000	0.51673230
6.26999981	-2.48093000	0.68959150
6.27999981	-2.48093000	0.68959150
6.28999981	-2.48093000	0.86183560
6.29999981	-2.56951300	0.86183560
6.30999981	-2.56951300	0.86183560
6.31999981	-2.56951300	0.86183560
6.32999981	-2.56951300	0.51673230
6.33999981	-2.65809500	0.86183560
6.34999981	-2.65809500	0.86183560
6.35999981	-2.65809500	0.51673230
6.36999981	-2.65809500	0.86183560
6.37999981	-2.65809500	0.51673230
6.38999981	-2.74667800	0.86183560
6.39999981	-2.74667800	0.51673230
6.40999981	-2.74667800	0.86183560
6.41999981	-2.83526100	0.86183560
6.42999980	-2.83526100	0.86183560
6.43999980	-2.83526100	0.86183560
6.44999980	-2.83526100	0.86183560
6.45999980	-2.83526100	0.68959150
6.46999980	-2.92384300	0.86183560
6.47999980	-2.92384300	0.86183560
6.48999980	-2.92384300	0.86183560
6.49999980	-2.92384300	0.86183560
6.50999980	-2.92384300	0.68959150
6.51999980	-3.01242600	0.86183560
6.52999980	-3.01242600	0.51673230
6.53999980	-3.01242600	0.68959150
6.54999980	-3.01242600	0.51673230
6.55999980	-3.01242600	0.51673230
6.56999980	-3.01242600	0.86183560
6.57999980	-3.10131600	0.51673230
6.58999980	-3.10131600	0.51673230
6.59999980	-3.10131600	0.68959150
6.60999980	-3.10131600	0.34448820
6.61999980	-3.18989900	0.51673230
6.62999980	-3.18989900	0.51673230
6.63999980	-3.18989900	0.51673230
6.64999980	-3.18989900	0.51673230
6.65999980	-3.27848200	0.17224410
6.66999980	-3.27848200	0.34448820
6.67999980	-3.27848200	0.51673230
6.68999980	-3.27848200	0.34448820
6.69999980	-3.27848200	0.51673230
6.70999980	-3.36706400	0.00000000
6.71999980	-3.36706400	0.34448820
6.72999980	-3.36706400	0.17224410
6.73999980	-3.36706400	0.17224410
6.74999980	-3.36706400	0.17224410
6.75999980	-3.45564700	0.51673230
6.76999980	-3.45564700	0.17224410
6.77999980	-3.45564700	-0.17224410
6.78999980	-3.45564700	0.17224410
6.79999980	-3.45564700	0.17224410
6.80999980	-3.54423000	0.00000000
6.81999979	-3.54423000	0.00000000
6.82999979	-3.54423000	-0.17224410
6.83999979	-3.54423000	0.17224410
6.84999979	-3.63281300	0.00000000
6.85999979	-3.63281300	0.00000000
6.86999979	-3.63281300	0.00000000
6.87999979	-3.63281300	0.00000000
6.88999979	-3.63281300	0.00000000
6.89999979	-3.72139500	0.00000000
6.90999979	-3.72139500	0.00000000
6.91999979	-3.72139500	0.17224410
6.92999979	-3.80997800	-0.17224410
6.93999979	-3.72139500	0.17224410
6.94999979	-3.80997800	-0.17224410
6.95999979	-3.80997800	0.17224410
6.96999979	-3.80997800	-0.17224410
6.97999979	-3.80997800	0.00000000
6.98999979	-3.89856100	-0.34448820
6.99999979	-3.89856100	0.00000000
7.00999979	-3.89856100	0.00000000
7.01999979	-3.98714300	-0.17224410
7.02999979	-3.89856100	0.00000000
7.03999979	-3.98714300	0.17224410
7.04999979	-3.98714300	-0.17224410
7.05999979	-3.98714300	-0.17224410
7.06999979	-3.98714300	0.00000000
7.07999979	-4.07572600	0.00000000
7.08999979	-4.07572600	-0.34448820
7.09999979	-4.07572600	-0.17224410
7.10999979	-4.07572600	0.00000000
7.11999979	-4.07572600	0.17224410
7.12999979	-4.16461600	0.00000000
7.13999979	-4.16461600	0.17224410
7.14999979	-4.16461600	-0.17224410
7.15999979	-4.16461600	0.17224410
7.16999979	-4.16461600	0.17224410
7.17999979	-4.16461600	-0.17224410
7.18999979	-4.25319900	-0.17224410
7.19999979	-4.25319900	-0.34448820
7.20999979	-4.25319900	0.00000000
7.21999978	-4.34178200	0.00000000
7.22999978	-4.34178200	-0.17224410
7.23999978	-4.34178200	0.17224410
7.24999978	-4.34178200	-0.17224410
7.25999978	-4.43036400	0.00000000
7.26999978	-4.43036400	0.00000000
7.27999978	-4.43036400	0.17224410
7.28999978	-4.43036400	0.17224410
7.29999978	-4.43036400	0.51673230
7.30999978	-4.51894700	0.00000000
7.31999978	-4.51894700	0.00000000
7.32999978	-4.51894700	0.17224410
7.33999978	-4.51894700	0.00000000
7.34999978	-4.51894700	0.34448820
7.35999978	-4.51894700	0.17224410
7.36999978	-4.60753000	0.17224410
7.37999978	-4.60753000	0.34448820
7.38999978	-4.60753000	0.34448820
7.39999978	-4.60753000	0.17224410
7.40999978	-4.60753000	0.34448820
7.41999978	-4.60753000	0.68959150
7.42999978	-4.69611200	0.51673230
7.43999978	-4.69611200	0.34448820
7.44999978	-4.69611200	0.51673230
7.45999978	-4.69611200	0.51673230
7.46999978	-4.78469500	0.68959150
7.47999978	-4.78469500	0.51673230
7.48999978	-4.78469500	0.68959150
7.49999978	-4.78469500	0.51673230
7.50999978	-4.78469500	0.86183560
7.51999978	-4.78469500	0.51673230
7.52999978	-4.69611200	0.86183560
7.53999978	-4.69611200	0.86183560
7.54999978	-4.69611200	0.86183560
7.55999978	-4.60753000	0.86183560
7.56999978	-4.60753000	0.86183560
7.57999978	-4.60753000	0.86183560
7.58999978	-4.60753000	1.37918300
7.59999978	-4.60753000	1.37918300
7.60999978	-4.60753000	1.20693900
7.61999977	-4.51894700	1.20693900
7.62999977	-4.51894700	1.37918300
7.63999977	-4.51894700	1.20693900
7.64999977	-4.43036400	1.03408000
7.65999977	-4.43036400	1.37918300
7.66999977	-4.43036400	1.37918300
7.67999977	-4.43036400	1.37918300
7.68999977	-4.43036400	1.37918300
7.69999977	-4.34178200	1.37918300
7.70999977	-4.43036400	1.72428600
7.71999977	-4.34178200	1.72428600
7.72999977	-4.34178200	1.37918300
7.73999977	-4.34178200	1.72428600
7.74999977	-4.25319900	1.55142700
7.75999977	-4.25319900	1.37918300
7.76999977	-4.25319900	1.72428600
7.77999977	-4.25319900	1.55142700
7.78999977	-4.25319900	1.72428600
7.79999977	-4.25319900	1.72428600
7.80999977	-4.16461600	1.72428600
7.81999977	-4.16461600	1.72428600
7.82999977	-4.16461600	1.72428600
7.83999977	-4.16461600	2.06877400
7.84999977	-4.07572600	1.72428600
7.85999977	-4.07572600	1.89653000
7.86999977	-4.07572600	1.89653000
7.87999977	-4.07572600	1.89653000
7.88999977	-4.07572600	2.06877400
7.89999977	-3.98714300	1.89653000
7.90999977	-3.98714300	1.89653000
7.91999977	-3.98714300	1.89653000
7.92999977	-3.98714300	1.89653000
7.93999977	-3.89856100	2.24163400
7.94999977	-3.89856100	2.24163400
7.95999977	-3.89856100	2.24163400
7.96999977	-3.89856100	2.06877400
7.97999977	-3.89856100	2.06877400
7.98999977	-3.80997800	2.24163400
7.99999977	-3.80997800	2.24163400
8.00999976	-3.80997800	1.89653000
8.01999976	-3.80997800	2.41387800
8.02999976	-3.72139500	2.58612200
8.03999976	-3.72139500	2.41387800
8.04999976	-3.72139500	2.06877400
8.05999976	-3.72139500	2.24163400
8.06999976	-3.72139500	2.24163400
8.07999976	-3.63281300	2.06877400
8.08999976	-3.63281300	2.41387800
8.09999976	-3.63281300	2.41387800
8.10999976	-3.63281300	2.24163400
8.11999976	-3.63281300	2.24163400
8.12999976	-3.54423000	2.58612200
8.13999976	-3.54423000	2.41387800
8.14999976	-3.54423000	2.58612200
8.15999976	-3.54423000	2.58612200
8.16999976	-3.45564700	2.24163400
8.17999976	-3.45564700	2.58612200
8.18999976	-3.45564700	2.24163400
8.19999976	-3.45564700	2.24163400
8.20999976	-3.45564700	2.24163400
8.21999976	-3.36706400	2.24163400
8.22999976	-3.36706400	2.41387800
8.23999976	-3.36706400	2.06877400
8.24999976	-3.36706400	2.24163400
8.25999976	-3.27848200	1.89653000
8.26999976	-3.27848200	2.41387800
8.27999976	-3.27848200	2.06877400
8.28999976	-3.27848200	2.24163400
8.29999976	-3.18989900	2.24163400
8.30999976	-3.18989900	1.89653000
8.31999976	-3.18989900	2.24163400
8.32999976	-3.18989900	2.06877400
8.33999976	-3.18989900	1.72428600
8.34999976	-3.18989900	2.06877400
8.35999976	-3.10131600	1.89653000
8.36999976	-3.10131600	1.72428600
8.37999976	-3.10131600	1.89653000
8.38999976	-3.10131600	1.89653000
8.39999976	-3.01242600	1.72428600
8.40999975	-3.01242600	1.72428600
8.41999975	-3.01242600	1.89653000
8.42999975	-3.01242600	1.72428600
8.43999975	-3.01242600	1.72428600
8.44999975	-2.92384300	1.55142700
8.45999975	-2.92384300	1.55142700
8.46999975	-2.92384300	1.72428600
8.47999975	-2.92384300	1.37918300
8.48999975	-2.92384300	1.37918300
8.49999975	-2.83526100	1.37918300
8.50999975	-2.83526100	1.72428600
8.51999975	-2.83526100	1.72428600
8.52999975	-2.83526100	1.55142700
8.53999975	-2.74667800	1.37918300
8.54999975	-2.74667800	1.37918300
8.55999975	-2.74667800	1.37918300
8.56999975	-2.74667800	1.03408000
8.57999975	-2.74667800	1.20693900
8.58999975	-2.74667800	1.37918300
8.59999975	-2.65809500	1.20693900
8.60999975	-2.65809500	1.03408000
8.61999975	-2.65809500	1.37918300
8.62999975	-2.56951300	1.03408000
8.63999975	-2.56951300	1.20693900
8.64999975	-2.56951300	0.86183560
8.65999975	-2.48093000	1.37918300
8.66999975	-2.48093000	0.86183560
8.67999975	-2.48093000	1.03408000
8.68999975	-2.48093000	0.86183560
8.69999975	-2.48093000	0.86183560
8.70999975	-2.48093000	0.86183560
8.71999975	-2.48093000	0.86183560
8.72999975	-2.39234700	0.68959150
8.73999975	-2.39234700	0.68959150
8.74999975	-2.39234700	1.03408000
8.75999975	-2.39234700	0.86183560
8.76999975	-2.30376500	1.03408000
8.77999975	-2.30376500	0.51673230
8.78999975	-2.30376500	0.68959150
8.79999974	-2.30376500	1.03408000
8.80999974	-2.21518200	0.68959150
8.81999974	-2.21518200	0.68959150
8.82999974	-2.21518200	0.68959150
8.83999974	-2.21518200	0.68959150
8.84999974	-2.21518200	0.51673230
8.85999974	-2.12659900	0.51673230
8.86999974	-2.12659900	0.17224410
8.87999974	-2.12659900	0.51673230
8.88999974	-2.12659900	0.34448820
8.89999974	-2.12659900	0.51673230
8.90999974	-2.12659900	0.34448820
8.91999974	-2.03770900	0.51673230
8.92999974	-2.03770900	0.51673230
8.93999974	-1.94912600	0.34448820
8.94999974	-2.03770900	0.51673230
8.95999974	-1.94912600	0.68959150
8.96999974	-1.94912600	0.17224410
8.97999974	-1.94912600	0.17224410
8.98999974	-1.94912600	0.17224410
8.99999974	-1.86054400	0.34448820
9.00999974	-1.86054400	0.34448820
9.01999974	-1.86054400	0.34448820
