Frequency	Channel A	Channel B
(ms)	(V)	(mV)

-1.01000001	-2.92384300	-10.34541000
-1.00000001	-2.92384300	-10.34541000
-0.99000001	-2.92384300	-10.34541000
-0.98000001	-2.83526100	-10.77756000
-0.97000001	-2.83526100	-10.34541000
-0.96000001	-2.83526100	-10.77756000
-0.95000001	-2.74667800	-10.34541000
-0.94000001	-2.74667800	-10.34541000
-0.93000001	-2.74667800	-10.34541000
-0.92000001	-2.65809500	-10.34541000
-0.91000001	-2.65809500	-10.34541000
-0.90000001	-2.65809500	-10.34541000
-0.89000001	-2.56951300	-10.34541000
-0.88000001	-2.56951300	-10.34541000
-0.87000001	-2.56951300	-10.77756000
-0.86000001	-2.48093000	-10.34541000
-0.85000001	-2.48093000	-10.77756000
-0.84000001	-2.48093000	-10.34541000
-0.83000001	-2.39234700	-10.34541000
-0.82000001	-2.39234700	-10.34541000
-0.81000001	-2.39234700	-10.34541000
-0.80000001	-2.30376500	-10.34541000
-0.79000001	-2.30376500	-10.77756000
-0.78000001	-2.30376500	-10.77756000
-0.77000001	-2.30376500	-10.77756000
-0.76000001	-2.21518200	-10.77756000
-0.75000001	-2.21518200	-10.77756000
-0.74000001	-2.12659900	-10.34541000
-0.73000001	-2.12659900	-10.77756000
-0.72000001	-2.12659900	-10.34541000
-0.71000001	-2.12659900	-10.34541000
-0.70000002	-2.03770900	-10.34541000
-0.69000002	-2.03770900	-10.34541000
-0.68000002	-2.03770900	-10.77756000
-0.67000002	-1.94912600	-10.77756000
-0.66000002	-1.94912600	-10.34541000
-0.65000002	-1.94912600	-10.77756000
-0.64000002	-1.86054400	-10.34541000
-0.63000002	-1.86054400	-10.77756000
-0.62000002	-1.86054400	-10.34541000
-0.61000002	-1.86054400	-10.77756000
-0.60000002	-1.77196100	-10.77756000
-0.59000002	-1.77196100	-10.77756000
-0.58000002	-1.68337800	-10.77756000
-0.57000002	-1.68337800	-10.34541000
-0.56000002	-1.68337800	-10.34541000
-0.55000002	-1.59479600	-10.34541000
-0.54000002	-1.59479600	-10.77756000
-0.53000002	-1.59479600	-10.34541000
-0.52000002	-1.59479600	-10.77756000
-0.51000002	-1.50621300	-10.77756000
-0.50000002	-1.50621300	-10.34541000
-0.49000002	-1.41763000	-10.34541000
-0.48000002	-1.41763000	-10.77756000
-0.47000002	-1.41763000	-10.34541000
-0.46000002	-1.32904800	-10.34541000
-0.45000002	-1.32904800	-10.34541000
-0.44000002	-1.32904800	-10.34541000
-0.43000002	-1.32904800	-10.34541000
-0.42000002	-1.24046500	-10.34541000
-0.41000002	-1.24046500	-10.77756000
-0.40000002	-1.15188200	-10.34541000
-0.39000002	-1.15188200	-10.34541000
-0.38000002	-1.15188200	-10.34541000
-0.37000002	-1.06330000	-10.34541000
-0.36000002	-1.06330000	-10.34541000
-0.35000002	-1.06330000	-10.34541000
-0.34000002	-1.06330000	-10.34541000
-0.33000002	-0.97440950	-10.77756000
-0.32000002	-0.97440950	-10.34541000
-0.31000002	-0.97440950	-10.34541000
-0.30000003	-0.88582680	-9.91480000
-0.29000003	-0.88582680	-10.34541000
-0.28000003	-0.88582680	-10.34541000
-0.27000003	-0.79724410	-10.34541000
-0.26000003	-0.79724410	-10.34541000
-0.25000003	-0.70866140	-10.34541000
-0.24000003	-0.70866140	-10.34541000
-0.23000003	-0.70866140	-9.91480000
-0.22000003	-0.70866140	-10.34541000
-0.21000003	-0.62007870	-10.34541000
-0.20000003	-0.62007870	-10.34541000
-0.19000003	-0.62007870	-9.91480000
-0.18000003	-0.53149600	-9.91480000
-0.17000003	-0.53149600	-9.91480000
-0.16000003	-0.53149600	-10.34541000
-0.15000003	-0.44291340	-9.91480000
-0.14000003	-0.44291340	-10.34541000
-0.13000003	-0.44291340	-9.91480000
-0.12000003	-0.35433070	-10.34541000
-0.11000003	-0.35433070	-9.91480000
-0.10000003	-0.35433070	-9.91480000
-0.09000003	-0.35433070	-9.91480000
-0.08000003	-0.26574800	-10.34541000
-0.07000003	-0.26574800	-9.91480000
-0.06000003	-0.17716540	-10.34541000
-0.05000003	-0.17716540	-9.91480000
-0.04000003	-0.17716540	-10.34541000
-0.03000003	-0.08858268	-10.34541000
-0.02000003	-0.08858268	-9.91480000
-0.01000003	-0.08858268	-9.91480000
-0.00000003	0.00000000	-9.91480000
0.00999997	0.00000000	-10.34541000
0.01999997	0.08858268	-10.34541000
0.02999997	0.08858268	-10.34541000
0.03999997	0.08858268	-10.34541000
0.04999997	0.17716540	-9.91480000
0.05999997	0.17716540	-10.34541000
0.06999997	0.26574800	-10.34541000
0.07999997	0.26574800	-10.34541000
0.08999996	0.26574800	-10.34541000
0.09999996	0.35433070	-9.91480000
0.10999996	0.35433070	-9.91480000
0.11999996	0.44291340	-9.48419000
0.12999996	0.44291340	-9.48419000
0.13999996	0.44291340	-9.48419000
0.14999996	0.53149600	-9.48419000
0.15999996	0.53149600	-9.48419000
0.16999996	0.53149600	-8.62143100
0.17999996	0.62007870	-8.62143100
0.18999996	0.62007870	-8.19082200
0.19999996	0.70866140	-8.19082200
0.20999996	0.70866140	-7.75867300
0.21999996	0.70866140	-7.32806300
0.22999996	0.70866140	-6.89745300
0.23999996	0.79724410	-6.46530500
0.24999996	0.88582680	-6.03469500
0.25999996	0.88582680	-5.60408400
0.26999996	0.88582680	-4.74132600
0.27999996	0.97440950	-4.31071600
0.28999996	0.97440950	-3.87856800
0.29999996	1.06330000	-3.44795700
0.30999996	1.06330000	-2.58519900
0.31999996	1.06330000	-1.72397900
0.32999996	1.15188200	-1.72397900
0.33999996	1.15188200	-0.86122040
0.34999996	1.15188200	0.00000000
0.35999996	1.15188200	0.43061020
0.36999996	1.24046500	0.86122040
0.37999996	1.32904800	1.72397900
0.38999996	1.24046500	2.15458900
0.39999996	1.32904800	2.58519900
0.40999996	1.32904800	3.44795700
0.41999996	1.41763000	3.87856800
0.42999996	1.41763000	4.74132600
0.43999996	1.41763000	5.17193600
0.44999996	1.50621300	5.60408400
0.45999996	1.59479600	6.03469500
0.46999996	1.59479600	6.89745300
0.47999996	1.59479600	7.32806300
0.48999995	1.68337800	7.75867300
0.49999995	1.68337800	7.75867300
0.50999995	1.77196100	8.62143100
0.51999995	1.77196100	8.62143100
0.52999995	1.77196100	9.05204100
0.53999995	1.86054400	9.05204100
0.54999995	1.86054400	9.48419000
0.55999995	1.86054400	9.48419000
0.56999995	1.94912600	9.91480000
0.57999995	1.94912600	10.34541000
0.58999995	2.03770900	9.91480000
0.59999995	2.03770900	10.34541000
0.60999995	2.03770900	10.34541000
0.61999995	2.12659900	10.34541000
0.62999995	2.12659900	9.91480000
0.63999995	2.12659900	9.91480000
0.64999995	2.21518200	9.91480000
0.65999995	2.21518200	9.91480000
0.66999995	2.30376500	9.48419000
0.67999995	2.30376500	9.48419000
0.68999995	2.30376500	9.48419000
0.69999995	2.39234700	9.05204100
0.70999995	2.39234700	9.05204100
0.71999995	2.48093000	8.62143100
0.72999995	2.48093000	8.62143100
0.73999995	2.48093000	7.75867300
0.74999995	2.56951300	7.32806300
0.75999995	2.56951300	7.32806300
0.76999995	2.56951300	6.89745300
0.77999995	2.65809500	6.89745300
0.78999995	2.65809500	6.03469500
0.79999995	2.65809500	6.03469500
0.80999995	2.74667800	5.60408400
0.81999995	2.74667800	4.74132600
0.82999995	2.74667800	4.74132600
0.83999995	2.83526100	4.74132600
0.84999995	2.92384300	4.31071600
0.85999995	2.92384300	4.31071600
0.86999995	2.92384300	3.87856800
0.87999995	3.01242600	3.87856800
0.88999994	3.01242600	3.87856800
0.89999994	3.01242600	3.87856800
0.90999994	3.10131600	3.87856800
0.91999994	3.10131600	3.87856800
0.92999994	3.10131600	3.87856800
0.93999994	3.18989900	4.31071600
0.94999994	3.18989900	4.74132600
0.95999994	3.27848200	4.74132600
0.96999994	3.27848200	4.74132600
0.97999994	3.27848200	5.17193600
0.98999994	3.36706400	5.60408400
0.99999994	3.36706400	6.03469500
1.00999994	3.45564700	6.46530500
1.01999994	3.45564700	6.89745300
1.02999994	3.45564700	7.32806300
1.03999994	3.54423000	7.75867300
1.04999994	3.54423000	8.19082200
1.05999994	3.63281300	8.62143100
1.06999994	3.63281300	9.05204100
1.07999994	3.63281300	9.48419000
1.08999994	3.72139500	9.91480000
1.09999994	3.72139500	10.77756000
1.10999994	3.80997800	10.77756000
1.11999994	3.80997800	11.20817000
1.12999994	3.80997800	11.63878000
1.13999994	3.80997800	12.06939000
1.14999994	3.89856100	12.50154000
1.15999994	3.89856100	12.93215000
1.16999994	3.98714300	12.93215000
1.17999994	3.98714300	13.36276000
1.18999994	4.07572600	13.36276000
1.19999994	4.07572600	13.79491000
1.20999994	4.07572600	13.79491000
1.21999994	4.07572600	13.79491000
1.22999994	4.16461600	13.79491000
1.23999994	4.16461600	14.22552000
1.24999994	4.25319900	13.79491000
1.25999994	4.25319900	14.22552000
1.26999994	4.34178200	13.79491000
1.27999993	4.34178200	13.79491000
1.28999993	4.34178200	13.79491000
1.29999993	4.34178200	13.36276000
1.30999993	4.43036400	13.36276000
1.31999993	4.43036400	13.36276000
1.32999993	4.51894700	12.93215000
1.33999993	4.51894700	12.50154000
1.34999993	4.60753000	12.50154000
1.35999993	4.60753000	12.06939000
1.36999993	4.60753000	11.63878000
1.37999993	4.69611200	11.20817000
1.38999993	4.69611200	10.77756000
1.39999993	4.69611200	10.34541000
1.40999993	4.78469500	9.91480000
1.41999993	4.78469500	9.48419000
1.42999993	4.87327800	9.05204100
1.43999993	4.87327800	9.05204100
1.44999993	4.87327800	8.19082200
1.45999993	4.96186000	7.75867300
1.46999993	4.96186000	7.32806300
1.47999993	5.05044300	6.89745300
1.48999993	5.05044300	6.46530500
1.49999993	5.05044300	6.46530500
1.50999993	5.05044300	6.03469500
1.51999993	5.13902600	6.03469500
1.52999993	5.13902600	5.60408400
1.53999993	5.22791600	5.60408400
1.54999993	5.22791600	5.17193600
1.55999993	5.31649800	5.17193600
1.56999993	5.31649800	5.17193600
1.57999993	5.31649800	5.17193600
1.58999993	5.40508100	5.17193600
1.59999993	5.40508100	5.60408400
1.60999993	5.40508100	5.60408400
1.61999993	5.49366400	6.03469500
1.62999993	5.49366400	6.03469500
1.63999993	5.58224600	6.03469500
1.64999993	5.58224600	6.46530500
1.65999993	5.58224600	6.89745300
1.66999993	5.67082900	7.32806300
1.67999992	5.67082900	7.75867300
1.68999992	5.67082900	8.19082200
1.69999992	5.75941200	8.19082200
1.70999992	5.75941200	9.05204100
1.71999992	5.75941200	9.48419000
1.72999992	5.84799400	9.91480000
1.73999992	5.84799400	10.34541000
1.74999992	5.93657700	10.77756000
1.75999992	5.93657700	11.20817000
1.76999992	6.02516000	11.63878000
1.77999992	6.02516000	12.06939000
1.78999992	6.02516000	12.50154000
1.79999992	6.11374300	12.50154000
1.80999992	6.11374300	13.36276000
1.81999992	6.11374300	13.36276000
1.82999992	6.20263300	13.79491000
1.83999992	6.20263300	14.22552000
1.84999992	6.29121500	14.65613000
1.85999992	6.29121500	14.65613000
1.86999992	6.29121500	15.08827000
1.87999992	6.37979800	15.08827000
1.88999992	6.37979800	15.51888000
1.89999992	6.46838100	15.08827000
1.90999992	6.46838100	15.51888000
1.91999992	6.46838100	15.51888000
1.92999992	6.46838100	15.51888000
1.93999992	6.55696300	15.51888000
1.94999992	6.55696300	15.51888000
1.95999992	6.64554600	15.51888000
1.96999992	6.64554600	15.51888000
1.97999992	6.73412900	15.08827000
1.98999992	6.73412900	15.08827000
1.99999992	6.82271100	15.08827000
2.00999992	6.82271100	14.65613000
2.01999992	6.82271100	14.65613000
2.02999992	6.82271100	14.22552000
2.03999992	6.91129400	13.79491000
2.04999992	6.91129400	13.36276000
2.05999992	6.99987700	13.36276000
2.06999991	6.99987700	12.50154000
2.07999991	6.99987700	12.50154000
2.08999991	7.08845900	11.63878000
2.09999991	7.08845900	11.63878000
2.10999991	7.17704200	11.20817000
2.11999991	7.17704200	10.77756000
2.12999991	7.17704200	10.34541000
2.13999991	7.26593300	9.48419000
2.14999991	7.26593300	9.48419000
2.15999991	7.35451500	9.05204100
2.16999991	7.35451500	8.19082200
2.17999991	7.35451500	7.75867300
2.18999991	7.44309800	7.75867300
2.19999991	7.44309800	6.89745300
2.20999991	7.44309800	6.89745300
2.21999991	7.44309800	6.03469500
2.22999991	7.53168100	5.60408400
2.23999991	7.53168100	5.17193600
2.24999991	7.62026300	5.17193600
2.25999991	7.62026300	4.31071600
2.26999991	7.70884600	4.31071600
2.27999991	7.70884600	4.31071600
2.28999991	7.70884600	4.31071600
2.29999991	7.79742900	3.87856800
2.30999991	7.79742900	4.31071600
2.31999991	7.79742900	3.87856800
2.32999991	7.88601100	3.87856800
2.33999991	7.88601100	3.87856800
2.34999991	7.88601100	4.31071600
2.35999991	7.97459400	4.31071600
2.36999991	7.97459400	4.31071600
2.37999991	8.06317700	4.31071600
2.38999991	8.06317700	4.74132600
2.39999991	8.06317700	4.74132600
2.40999991	8.15175900	5.60408400
2.41999991	8.15175900	5.17193600
2.42999991	8.15175900	5.60408400
2.43999991	8.24034200	6.46530500
2.44999991	8.32923200	6.46530500
2.45999991	8.24034200	6.89745300
2.46999990	8.32923200	7.75867300
2.47999990	8.32923200	7.75867300
2.48999990	8.41781500	8.19082200
2.49999990	8.41781500	8.62143100
2.50999990	8.50639700	8.62143100
2.51999990	8.41781500	9.48419000
2.52999990	8.41781500	9.48419000
2.53999990	8.32923200	10.34541000
2.54999990	8.32923200	10.77756000
2.55999990	8.32923200	11.20817000
2.56999990	8.24034200	11.20817000
2.57999990	8.24034200	12.06939000
2.58999990	8.15175900	12.06939000
2.59999990	8.15175900	12.50154000
2.60999990	8.15175900	12.50154000
2.61999990	8.06317700	13.36276000
2.62999990	8.06317700	13.36276000
2.63999990	7.97459400	13.36276000
2.64999990	7.97459400	13.79491000
2.65999990	7.97459400	14.22552000
2.66999990	7.88601100	14.22552000
2.67999990	7.88601100	14.22552000
2.68999990	7.88601100	14.65613000
2.69999990	7.79742900	14.65613000
2.70999990	7.79742900	14.65613000
2.71999990	7.70884600	14.65613000
2.72999990	7.70884600	15.08827000
2.73999990	7.70884600	15.08827000
2.74999990	7.70884600	15.08827000
2.75999990	7.62026300	15.08827000
2.76999990	7.53168100	14.65613000
2.77999990	7.53168100	15.08827000
2.78999990	7.44309800	15.08827000
2.79999990	7.44309800	14.65613000
2.80999990	7.44309800	14.65613000
2.81999990	7.35451500	14.22552000
2.82999990	7.35451500	14.65613000
2.83999990	7.26593300	14.22552000
2.84999990	7.26593300	13.79491000
2.85999990	7.26593300	13.79491000
2.86999989	7.26593300	13.79491000
2.87999989	7.17704200	13.36276000
2.88999989	7.17704200	12.93215000
2.89999989	7.17704200	12.50154000
2.90999989	7.08845900	12.50154000
2.91999989	7.08845900	12.06939000
2.92999989	6.99987700	11.63878000
2.93999989	6.99987700	11.20817000
2.94999989	6.91129400	10.77756000
2.95999989	6.91129400	10.77756000
2.96999989	6.91129400	10.34541000
2.97999989	6.82271100	9.91480000
2.98999989	6.82271100	9.48419000
2.99999989	6.73412900	9.05204100
3.00999989	6.73412900	8.62143100
3.01999989	6.73412900	8.19082200
3.02999989	6.64554600	7.32806300
3.03999989	6.64554600	7.32806300
3.04999989	6.64554600	6.89745300
3.05999989	6.55696300	6.46530500
3.06999989	6.55696300	6.03469500
3.07999989	6.55696300	5.60408400
3.08999989	6.46838100	5.17193600
3.09999989	6.46838100	4.74132600
3.10999989	6.37979800	4.31071600
3.11999989	6.37979800	3.87856800
3.12999989	6.37979800	3.44795700
3.13999989	6.29121500	3.44795700
3.14999989	6.29121500	2.58519900
3.15999989	6.20263300	2.58519900
3.16999989	6.20263300	2.15458900
3.17999989	6.11374300	2.15458900
3.18999989	6.11374300	1.72397900
3.19999989	6.11374300	1.29183100
3.20999989	6.02516000	0.86122040
3.21999989	6.02516000	0.86122040
3.22999989	6.02516000	0.86122040
3.23999989	5.93657700	0.86122040
3.24999989	5.93657700	0.86122040
3.25999988	5.84799400	1.29183100
3.26999988	5.84799400	0.86122040
3.27999988	5.84799400	1.29183100
3.28999988	5.75941200	0.86122040
3.29999988	5.75941200	1.29183100
3.30999988	5.75941200	1.72397900
3.31999988	5.67082900	1.72397900
3.32999988	5.67082900	2.15458900
3.33999988	5.58224600	2.15458900
3.34999988	5.58224600	2.58519900
3.35999988	5.58224600	3.01734700
3.36999988	5.49366400	3.44795700
3.37999988	5.49366400	3.44795700
3.38999988	5.40508100	4.31071600
3.39999988	5.40508100	4.74132600
3.40999988	5.40508100	5.17193600
3.41999988	5.31649800	5.60408400
3.42999988	5.31649800	6.03469500
3.43999988	5.22791600	6.46530500
3.44999988	5.22791600	6.89745300
3.45999988	5.22791600	7.32806300
3.46999988	5.13902600	8.19082200
3.47999988	5.13902600	8.62143100
3.48999988	5.05044300	9.05204100
3.49999988	5.05044300	9.48419000
3.50999988	5.05044300	9.91480000
3.51999988	4.96186000	10.34541000
3.52999988	4.96186000	10.34541000
3.53999988	4.96186000	11.20817000
3.54999988	4.87327800	11.63878000
3.55999988	4.87327800	12.06939000
3.56999988	4.87327800	12.50154000
3.57999988	4.78469500	12.93215000
3.58999988	4.69611200	12.93215000
3.59999988	4.69611200	13.79491000
3.60999988	4.69611200	13.79491000
3.61999988	4.60753000	13.79491000
3.62999988	4.60753000	14.22552000
3.63999988	4.60753000	14.22552000
3.64999988	4.51894700	14.65613000
3.65999987	4.51894700	14.65613000
3.66999987	4.51894700	14.65613000
3.67999987	4.43036400	14.65613000
3.68999987	4.43036400	14.65613000
3.69999987	4.43036400	14.65613000
3.70999987	4.34178200	15.08827000
3.71999987	4.34178200	14.65613000
3.72999987	4.34178200	14.22552000
3.73999987	4.25319900	14.22552000
3.74999987	4.16461600	14.22552000
3.75999987	4.16461600	13.79491000
3.76999987	4.16461600	13.36276000
3.77999987	4.07572600	13.36276000
3.78999987	4.07572600	12.93215000
3.79999987	4.07572600	12.50154000
3.80999987	3.98714300	12.06939000
3.81999987	3.98714300	11.63878000
3.82999987	3.98714300	11.63878000
3.83999987	3.89856100	11.20817000
3.84999987	3.80997800	10.34541000
3.85999987	3.80997800	9.91480000
3.86999987	3.80997800	9.48419000
3.87999987	3.72139500	9.05204100
3.88999987	3.72139500	9.05204100
3.89999987	3.72139500	8.19082200
3.90999987	3.63281300	7.75867300
3.91999987	3.63281300	7.32806300
3.92999987	3.54423000	6.89745300
3.93999987	3.54423000	6.46530500
3.94999987	3.54423000	6.03469500
3.95999987	3.45564700	5.60408400
3.96999987	3.45564700	5.60408400
3.97999987	3.45564700	5.60408400
3.98999987	3.45564700	4.74132600
3.99999987	3.36706400	4.74132600
4.00999987	3.27848200	4.74132600
4.01999987	3.27848200	4.74132600
4.02999987	3.27848200	4.31071600
4.03999987	3.27848200	4.74132600
4.04999986	3.18989900	4.74132600
4.05999986	3.10131600	4.74132600
4.06999986	3.10131600	5.17193600
4.07999986	3.10131600	4.74132600
4.08999986	3.01242600	5.17193600
4.09999986	3.01242600	5.60408400
4.10999986	3.01242600	6.03469500
4.11999986	2.92384300	6.03469500
4.12999986	2.92384300	6.46530500
4.13999986	2.92384300	6.89745300
4.14999986	2.83526100	7.32806300
4.15999986	2.83526100	7.75867300
4.16999986	2.74667800	8.19082200
4.17999986	2.74667800	8.62143100
4.18999986	2.65809500	9.05204100
4.19999986	2.65809500	9.48419000
4.20999986	2.65809500	9.91480000
4.21999986	2.56951300	10.34541000
4.22999986	2.56951300	10.77756000
4.23999986	2.56951300	11.20817000
4.24999986	2.48093000	12.06939000
4.25999986	2.48093000	12.06939000
4.26999986	2.39234700	12.50154000
4.27999986	2.39234700	12.93215000
4.28999986	2.39234700	13.36276000
4.29999986	2.30376500	13.36276000
4.30999986	2.30376500	13.36276000
4.31999986	2.21518200	13.79491000
4.32999986	2.21518200	14.22552000
4.33999986	2.21518200	14.22552000
4.34999986	2.12659900	14.65613000
4.35999986	2.12659900	14.65613000
4.36999986	2.12659900	14.65613000
4.37999986	2.03770900	14.65613000
4.38999986	2.03770900	14.65613000
4.39999986	2.03770900	14.22552000
4.40999986	1.94912600	14.22552000
4.41999986	1.94912600	14.22552000
4.42999986	1.86054400	14.22552000
4.43999986	1.86054400	13.79491000
4.44999985	1.77196100	13.36276000
4.45999985	1.77196100	12.93215000
4.46999985	1.77196100	12.50154000
4.47999985	1.68337800	12.50154000
4.48999985	1.68337800	12.06939000
4.49999985	1.59479600	11.63878000
4.50999985	1.59479600	11.20817000
4.51999985	1.59479600	10.77756000
4.52999985	1.59479600	10.34541000
4.53999985	1.50621300	9.91480000
4.54999985	1.50621300	9.05204100
4.55999985	1.41763000	9.05204100
4.56999985	1.41763000	8.19082200
4.57999985	1.41763000	8.19082200
4.58999985	1.32904800	7.75867300
4.59999985	1.32904800	7.32806300
4.60999985	1.32904800	6.89745300
4.61999985	1.24046500	6.89745300
4.62999985	1.15188200	6.89745300
4.63999985	1.15188200	6.46530500
4.64999985	1.15188200	6.46530500
4.65999985	1.06330000	6.46530500
4.66999985	1.06330000	6.03469500
4.67999985	1.06330000	6.03469500
4.68999985	0.97440950	6.03469500
4.69999985	0.97440950	6.46530500
4.70999985	0.97440950	6.46530500
4.71999985	0.88582680	6.89745300
4.72999985	0.88582680	6.89745300
4.73999985	0.79724410	7.32806300
4.74999985	0.79724410	6.89745300
4.75999985	0.70866140	7.75867300
4.76999985	0.70866140	8.19082200
4.77999985	0.70866140	8.62143100
4.78999985	0.62007870	9.05204100
4.79999985	0.62007870	9.05204100
4.80999985	0.62007870	9.91480000
4.81999985	0.53149600	10.34541000
4.82999985	0.44291340	10.34541000
4.83999984	0.44291340	10.77756000
4.84999984	0.44291340	11.20817000
4.85999984	0.35433070	11.63878000
4.86999984	0.35433070	12.06939000
4.87999984	0.35433070	12.06939000
4.88999984	0.26574800	12.50154000
4.89999984	0.26574800	12.93215000
4.90999984	0.26574800	13.36276000
4.91999984	0.17716540	13.79491000
4.92999984	0.17716540	13.36276000
4.93999984	0.17716540	13.79491000
4.94999984	0.08858268	13.79491000
4.95999984	0.08858268	14.22552000
4.96999984	0.00000000	13.79491000
4.97999984	0.00000000	13.79491000
4.98999984	0.00000000	14.22552000
4.99999984	-0.08858268	13.79491000
5.00999984	-0.08858268	13.36276000
5.01999984	-0.17716540	13.36276000
5.02999984	-0.17716540	13.36276000
5.03999984	-0.17716540	12.93215000
5.04999984	-0.26574800	12.93215000
5.05999984	-0.26574800	12.06939000
5.06999984	-0.26574800	11.63878000
5.07999984	-0.35433070	11.63878000
5.08999984	-0.35433070	11.20817000
5.09999984	-0.35433070	11.20817000
5.10999984	-0.44291340	10.77756000
5.11999984	-0.44291340	10.34541000
5.12999984	-0.44291340	10.34541000
5.13999984	-0.53149600	9.91480000
5.14999984	-0.53149600	9.48419000
5.15999984	-0.53149600	9.05204100
5.16999984	-0.62007870	8.62143100
5.17999984	-0.62007870	8.62143100
5.18999984	-0.62007870	8.19082200
5.19999984	-0.62007870	7.75867300
5.20999984	-0.70866140	7.75867300
5.21999984	-0.70866140	7.32806300
5.22999984	-0.79724410	6.89745300
5.23999983	-0.79724410	6.46530500
5.24999983	-0.79724410	6.03469500
5.25999983	-0.79724410	6.03469500
5.26999983	-0.88582680	5.60408400
5.27999983	-0.88582680	5.60408400
5.28999983	-0.97440950	5.17193600
5.29999983	-0.97440950	5.17193600
5.30999983	-0.97440950	4.74132600
5.31999983	-0.97440950	4.31071600
5.32999983	-1.06330000	4.31071600
5.33999983	-1.06330000	3.87856800
5.34999983	-1.15188200	3.44795700
5.35999983	-1.15188200	3.44795700
5.36999983	-1.15188200	3.01734700
5.37999983	-1.24046500	2.58519900
5.38999983	-1.24046500	2.58519900
5.39999983	-1.24046500	2.15458900
5.40999983	-1.24046500	2.15458900
5.41999983	-1.32904800	1.72397900
5.42999983	-1.32904800	1.29183100
5.43999983	-1.32904800	1.29183100
5.44999983	-1.41763000	1.29183100
5.45999983	-1.41763000	0.86122040
5.46999983	-1.41763000	0.43061020
5.47999983	-1.50621300	0.43061020
5.48999983	-1.50621300	0.00000000
5.49999983	-1.59479600	0.00000000
5.50999983	-1.59479600	0.00000000
5.51999983	-1.59479600	-0.43061020
5.52999983	-1.59479600	-0.43061020
5.53999983	-1.68337800	-0.86122040
5.54999983	-1.68337800	-0.86122040
5.55999983	-1.77196100	-1.29183100
5.56999983	-1.77196100	-1.29183100
5.57999983	-1.77196100	-1.72397900
5.58999983	-1.77196100	-2.15458900
5.59999983	-1.77196100	-1.72397900
5.60999983	-1.86054400	-2.58519900
5.61999983	-1.86054400	-2.58519900
5.62999983	-1.94912600	-2.58519900
5.63999982	-1.94912600	-3.01734700
5.64999982	-2.03770900	-3.01734700
5.65999982	-2.03770900	-3.44795700
5.66999982	-2.03770900	-3.44795700
5.67999982	-2.03770900	-3.44795700
5.68999982	-2.03770900	-3.44795700
5.69999982	-2.12659900	-3.87856800
5.70999982	-2.12659900	-3.87856800
5.71999982	-2.21518200	-4.31071600
5.72999982	-2.21518200	-4.31071600
5.73999982	-2.21518200	-4.31071600
5.74999982	-2.21518200	-4.31071600
5.75999982	-2.30376500	-4.74132600
5.76999982	-2.30376500	-4.74132600
5.77999982	-2.30376500	-5.17193600
5.78999982	-2.39234700	-5.17193600
5.79999982	-2.39234700	-5.17193600
5.80999982	-2.39234700	-5.60408400
5.81999982	-2.48093000	-5.60408400
5.82999982	-2.48093000	-5.60408400
5.83999982	-2.48093000	-5.60408400
5.84999982	-2.56951300	-6.03469500
5.85999982	-2.56951300	-6.03469500
5.86999982	-2.56951300	-6.03469500
5.87999982	-2.65809500	-6.46530500
5.88999982	-2.65809500	-6.46530500
5.89999982	-2.65809500	-6.46530500
5.90999982	-2.74667800	-6.46530500
5.91999982	-2.74667800	-6.89745300
5.92999982	-2.83526100	-6.89745300
5.93999982	-2.83526100	-6.89745300
5.94999982	-2.83526100	-6.89745300
5.95999982	-2.83526100	-6.89745300
5.96999982	-2.92384300	-6.89745300
5.97999982	-2.92384300	-7.32806300
5.98999982	-2.92384300	-7.32806300
5.99999982	-3.01242600	-7.75867300
6.00999982	-3.01242600	-7.75867300
6.01999982	-3.01242600	-8.19082200
6.02999981	-3.10131600	-8.19082200
6.03999981	-3.10131600	-7.75867300
6.04999981	-3.10131600	-8.19082200
6.05999981	-3.18989900	-8.19082200
6.06999981	-3.18989900	-8.19082200
6.07999981	-3.18989900	-8.19082200
6.08999981	-3.27848200	-8.19082200
6.09999981	-3.27848200	-8.62143100
6.10999981	-3.27848200	-8.62143100
6.11999981	-3.36706400	-9.05204100
6.12999981	-3.36706400	-9.05204100
6.13999981	-3.36706400	-8.62143100
6.14999981	-3.36706400	-9.05204100
6.15999981	-3.45564700	-9.05204100
6.16999981	-3.45564700	-9.05204100
6.17999981	-3.45564700	-9.05204100
6.18999981	-3.54423000	-9.05204100
6.19999981	-3.54423000	-9.48419000
6.20999981	-3.63281300	-9.48419000
6.21999981	-3.63281300	-9.48419000
6.22999981	-3.63281300	-9.05204100
6.23999981	-3.63281300	-9.48419000
6.24999981	-3.63281300	-9.48419000
6.25999981	-3.72139500	-9.91480000
6.26999981	-3.72139500	-9.91480000
6.27999981	-3.80997800	-9.48419000
6.28999981	-3.80997800	-9.48419000
6.29999981	-3.80997800	-9.91480000
6.30999981	-3.89856100	-9.91480000
6.31999981	-3.89856100	-9.91480000
6.32999981	-3.89856100	-9.91480000
6.33999981	-3.89856100	-9.91480000
6.34999981	-3.98714300	-9.91480000
6.35999981	-3.98714300	-10.34541000
6.36999981	-4.07572600	-10.34541000
6.37999981	-4.07572600	-9.91480000
6.38999981	-4.07572600	-10.34541000
6.39999981	-4.16461600	-10.34541000
6.40999981	-4.16461600	-10.34541000
6.41999981	-4.16461600	-10.34541000
6.42999980	-4.25319900	-10.34541000
6.43999980	-4.25319900	-10.34541000
6.44999980	-4.25319900	-10.34541000
6.45999980	-4.34178200	-10.77756000
6.46999980	-4.34178200	-10.77756000
6.47999980	-4.34178200	-10.77756000
6.48999980	-4.43036400	-10.77756000
6.49999980	-4.43036400	-10.77756000
6.50999980	-4.43036400	-10.77756000
6.51999980	-4.43036400	-10.77756000
6.52999980	-4.51894700	-10.77756000
6.53999980	-4.51894700	-10.77756000
6.54999980	-4.60753000	-10.77756000
6.55999980	-4.60753000	-11.20817000
6.56999980	-4.60753000	-11.20817000
6.57999980	-4.69611200	-10.77756000
6.58999980	-4.69611200	-11.20817000
6.59999980	-4.69611200	-10.77756000
6.60999980	-4.69611200	-11.20817000
6.61999980	-4.78469500	-11.20817000
6.62999980	-4.78469500	-11.20817000
6.63999980	-4.78469500	-11.20817000
6.64999980	-4.87327800	-11.20817000
6.65999980	-4.87327800	-11.20817000
6.66999980	-4.87327800	-11.20817000
6.67999980	-4.96186000	-11.20817000
6.68999980	-4.96186000	-11.20817000
6.69999980	-4.96186000	-11.20817000
6.70999980	-4.96186000	-11.20817000
6.71999980	-5.05044300	-11.20817000
6.72999980	-5.05044300	-11.20817000
6.73999980	-5.13902600	-11.63878000
6.74999980	-5.13902600	-11.63878000
6.75999980	-5.13902600	-11.63878000
6.76999980	-5.13902600	-11.20817000
6.77999980	-5.22791600	-11.63878000
6.78999980	-5.22791600	-11.63878000
6.79999980	-5.22791600	-11.63878000
6.80999980	-5.31649800	-11.63878000
6.81999979	-5.31649800	-11.20817000
6.82999979	-5.31649800	-11.63878000
6.83999979	-5.40508100	-11.63878000
6.84999979	-5.40508100	-11.63878000
6.85999979	-5.40508100	-11.63878000
6.86999979	-5.49366400	-11.63878000
6.87999979	-5.49366400	-11.63878000
6.88999979	-5.58224600	-11.63878000
6.89999979	-5.58224600	-11.63878000
6.90999979	-5.58224600	-11.63878000
6.91999979	-5.58224600	-11.63878000
6.92999979	-5.67082900	-11.63878000
6.93999979	-5.67082900	-11.63878000
6.94999979	-5.67082900	-11.63878000
6.95999979	-5.67082900	-12.06939000
6.96999979	-5.75941200	-12.06939000
6.97999979	-5.75941200	-12.06939000
6.98999979	-5.84799400	-11.63878000
6.99999979	-5.84799400	-12.06939000
7.00999979	-5.84799400	-12.06939000
7.01999979	-5.84799400	-12.06939000
7.02999979	-5.93657700	-12.06939000
7.03999979	-5.93657700	-12.06939000
7.04999979	-5.93657700	-12.06939000
7.05999979	-6.02516000	-12.06939000
7.06999979	-6.02516000	-12.06939000
7.07999979	-6.02516000	-12.06939000
7.08999979	-6.11374300	-12.06939000
7.09999979	-6.11374300	-12.06939000
7.10999979	-6.11374300	-12.06939000
7.11999979	-6.20263300	-12.06939000
7.12999979	-6.20263300	-12.06939000
7.13999979	-6.20263300	-12.06939000
7.14999979	-6.29121500	-12.06939000
7.15999979	-6.29121500	-12.06939000
7.16999979	-6.29121500	-12.06939000
7.17999979	-6.37979800	-12.06939000
7.18999979	-6.37979800	-12.50154000
7.19999979	-6.37979800	-12.50154000
7.20999979	-6.46838100	-12.06939000
7.21999978	-6.46838100	-12.50154000
7.22999978	-6.46838100	-12.50154000
7.23999978	-6.46838100	-12.06939000
7.24999978	-6.55696300	-12.50154000
7.25999978	-6.55696300	-12.06939000
7.26999978	-6.64554600	-12.06939000
7.27999978	-6.64554600	-12.06939000
7.28999978	-6.64554600	-12.06939000
7.29999978	-6.73412900	-12.50154000
7.30999978	-6.73412900	-12.06939000
7.31999978	-6.73412900	-12.06939000
7.32999978	-6.73412900	-12.50154000
7.33999978	-6.82271100	-12.50154000
7.34999978	-6.82271100	-12.06939000
7.35999978	-6.82271100	-12.50154000
7.36999978	-6.91129400	-12.06939000
7.37999978	-6.91129400	-12.06939000
7.38999978	-6.91129400	-12.50154000
7.39999978	-6.99987700	-12.50154000
7.40999978	-6.99987700	-12.50154000
7.41999978	-6.99987700	-12.50154000
7.42999978	-6.99987700	-12.50154000
7.43999978	-7.08845900	-12.50154000
7.44999978	-7.08845900	-12.06939000
7.45999978	-7.08845900	-12.06939000
7.46999978	-7.17704200	-12.06939000
7.47999978	-7.17704200	-12.06939000
7.48999978	-7.08845900	-12.06939000
7.49999978	-7.08845900	-12.06939000
7.50999978	-6.99987700	-12.50154000
7.51999978	-6.99987700	-12.06939000
7.52999978	-6.99987700	-12.06939000
7.53999978	-6.99987700	-12.06939000
7.54999978	-6.91129400	-12.06939000
7.55999978	-6.91129400	-12.50154000
7.56999978	-6.82271100	-12.50154000
7.57999978	-6.82271100	-12.06939000
7.58999978	-6.82271100	-12.06939000
7.59999978	-6.82271100	-12.50154000
7.60999978	-6.73412900	-12.06939000
7.61999977	-6.73412900	-12.06939000
7.62999977	-6.64554600	-12.06939000
7.63999977	-6.64554600	-12.06939000
7.64999977	-6.64554600	-12.06939000
7.65999977	-6.55696300	-12.06939000
7.66999977	-6.55696300	-12.06939000
7.67999977	-6.55696300	-12.06939000
7.68999977	-6.46838100	-11.63878000
7.69999977	-6.46838100	-12.06939000
7.70999977	-6.46838100	-12.06939000
7.71999977	-6.46838100	-12.06939000
7.72999977	-6.37979800	-12.06939000
7.73999977	-6.37979800	-12.06939000
7.74999977	-6.37979800	-12.06939000
7.75999977	-6.29121500	-11.63878000
7.76999977	-6.29121500	-11.63878000
7.77999977	-6.20263300	-11.63878000
7.78999977	-6.20263300	-12.06939000
7.79999977	-6.20263300	-11.63878000
7.80999977	-6.11374300	-11.63878000
7.81999977	-6.11374300	-12.06939000
7.82999977	-6.11374300	-11.63878000
7.83999977	-6.11374300	-11.63878000
7.84999977	-6.02516000	-11.63878000
7.85999977	-6.02516000	-11.63878000
7.86999977	-6.02516000	-11.63878000
7.87999977	-5.93657700	-11.63878000
7.88999977	-5.93657700	-11.63878000
7.89999977	-5.93657700	-11.63878000
7.90999977	-5.84799400	-11.63878000
7.91999977	-5.84799400	-11.63878000
7.92999977	-5.84799400	-11.63878000
7.93999977	-5.84799400	-11.63878000
7.94999977	-5.75941200	-11.63878000
7.95999977	-5.75941200	-11.63878000
7.96999977	-5.67082900	-11.63878000
7.97999977	-5.67082900	-11.63878000
7.98999977	-5.67082900	-11.63878000
7.99999977	-5.67082900	-11.63878000
8.00999976	-5.58224600	-11.63878000
8.01999976	-5.58224600	-11.63878000
8.02999976	-5.58224600	-11.20817000
8.03999976	-5.49366400	-11.63878000
8.04999976	-5.49366400	-11.63878000
8.05999976	-5.40508100	-11.63878000
8.06999976	-5.40508100	-11.63878000
8.07999976	-5.40508100	-11.63878000
8.08999976	-5.31649800	-11.63878000
8.09999976	-5.31649800	-11.63878000
8.10999976	-5.31649800	-11.63878000
8.11999976	-5.31649800	-11.63878000
8.12999976	-5.22791600	-11.63878000
8.13999976	-5.22791600	-11.63878000
8.14999976	-5.22791600	-11.63878000
8.15999976	-5.13902600	-11.63878000
8.16999976	-5.13902600	-11.20817000
8.17999976	-5.13902600	-11.63878000
8.18999976	-5.05044300	-11.63878000
8.19999976	-5.05044300	-11.63878000
8.20999976	-5.05044300	-11.20817000
8.21999976	-4.96186000	-11.63878000
8.22999976	-4.96186000	-11.63878000
8.23999976	-4.96186000	-11.63878000
8.24999976	-4.87327800	-11.63878000
8.25999976	-4.87327800	-11.63878000
8.26999976	-4.87327800	-11.63878000
8.27999976	-4.78469500	-11.63878000
8.28999976	-4.78469500	-11.63878000
8.29999976	-4.78469500	-11.63878000
8.30999976	-4.78469500	-11.63878000
8.31999976	-4.69611200	-11.63878000
8.32999976	-4.69611200	-11.63878000
8.33999976	-4.69611200	-11.63878000
8.34999976	-4.60753000	-11.63878000
8.35999976	-4.60753000	-11.63878000
8.36999976	-4.60753000	-11.63878000
8.37999976	-4.51894700	-11.63878000
8.38999976	-4.51894700	-11.20817000
8.39999976	-4.51894700	-11.63878000
8.40999975	-4.43036400	-11.63878000
8.41999975	-4.43036400	-11.63878000
8.42999975	-4.43036400	-11.63878000
8.43999975	-4.34178200	-11.63878000
8.44999975	-4.34178200	-11.63878000
8.45999975	-4.25319900	-11.63878000
8.46999975	-4.25319900	-12.06939000
8.47999975	-4.25319900	-11.63878000
8.48999975	-4.25319900	-11.63878000
8.49999975	-4.16461600	-11.63878000
8.50999975	-4.16461600	-11.63878000
8.51999975	-4.16461600	-11.63878000
8.52999975	-4.07572600	-12.06939000
8.53999975	-4.07572600	-12.06939000
8.54999975	-4.07572600	-11.63878000
8.55999975	-4.07572600	-11.63878000
8.56999975	-3.98714300	-11.63878000
8.57999975	-3.98714300	-11.63878000
8.58999975	-3.98714300	-11.63878000
8.59999975	-3.89856100	-11.63878000
8.60999975	-3.89856100	-11.63878000
8.61999975	-3.80997800	-11.63878000
8.62999975	-3.80997800	-11.63878000
8.63999975	-3.80997800	-11.63878000
8.64999975	-3.72139500	-11.63878000
8.65999975	-3.72139500	-11.63878000
8.66999975	-3.72139500	-11.63878000
8.67999975	-3.63281300	-12.06939000
8.68999975	-3.63281300	-11.63878000
8.69999975	-3.63281300	-12.06939000
8.70999975	-3.54423000	-11.63878000
8.71999975	-3.54423000	-11.63878000
8.72999975	-3.54423000	-12.06939000
8.73999975	-3.54423000	-12.06939000
8.74999975	-3.45564700	-11.63878000
8.75999975	-3.45564700	-11.63878000
8.76999975	-3.45564700	-12.06939000
8.77999975	-3.36706400	-12.06939000
8.78999975	-3.36706400	-12.06939000
8.79999974	-3.36706400	-11.63878000
8.80999974	-3.27848200	-12.06939000
8.81999974	-3.27848200	-12.06939000
8.82999974	-3.18989900	-11.63878000
8.83999974	-3.18989900	-11.63878000
8.84999974	-3.18989900	-11.63878000
8.85999974	-3.18989900	-12.06939000
8.86999974	-3.10131600	-12.06939000
8.87999974	-3.10131600	-12.06939000
8.88999974	-3.10131600	-11.63878000
8.89999974	-3.01242600	-12.06939000
8.90999974	-3.01242600	-12.06939000
8.91999974	-3.01242600	-12.06939000
8.92999974	-2.92384300	-12.06939000
8.93999974	-2.92384300	-12.06939000
8.94999974	-2.92384300	-12.06939000
8.95999974	-2.83526100	-12.06939000
8.96999974	-2.83526100	-12.06939000
8.97999974	-2.83526100	-12.06939000
8.98999974	-2.83526100	-12.06939000
8.99999974	-2.74667800	-12.06939000
9.00999974	-2.74667800	-12.06939000
9.01999974	-2.65809500	-12.06939000
