Frequency	Channel A	Channel B
(ms)	(V)	(mV)

-1.01000001	-1.86054400	-2.58519900
-1.00000001	-1.86054400	-2.15458900
-0.99000001	-1.86054400	-2.58519900
-0.98000001	-1.77196100	-2.58519900
-0.97000001	-1.77196100	-2.15458900
-0.96000001	-1.77196100	-2.58519900
-0.95000001	-1.77196100	-2.58519900
-0.94000001	-1.68337800	-2.58519900
-0.93000001	-1.68337800	-2.58519900
-0.92000001	-1.68337800	-2.58519900
-0.91000001	-1.68337800	-2.58519900
-0.90000001	-1.68337800	-2.58519900
-0.89000001	-1.59479600	-2.58519900
-0.88000001	-1.59479600	-3.01734700
-0.87000001	-1.59479600	-2.58519900
-0.86000001	-1.59479600	-2.58519900
-0.85000001	-1.59479600	-2.58519900
-0.84000001	-1.50621300	-2.58519900
-0.83000001	-1.50621300	-2.58519900
-0.82000001	-1.50621300	-2.58519900
-0.81000001	-1.50621300	-2.58519900
-0.80000001	-1.50621300	-2.58519900
-0.79000001	-1.41763000	-2.58519900
-0.78000001	-1.41763000	-2.58519900
-0.77000001	-1.41763000	-2.58519900
-0.76000001	-1.41763000	-2.58519900
-0.75000001	-1.41763000	-2.58519900
-0.74000001	-1.41763000	-2.15458900
-0.73000001	-1.32904800	-2.58519900
-0.72000001	-1.32904800	-2.15458900
-0.71000001	-1.32904800	-2.15458900
-0.70000002	-1.32904800	-2.58519900
-0.69000002	-1.24046500	-2.15458900
-0.68000002	-1.32904800	-2.15458900
-0.67000002	-1.24046500	-2.15458900
-0.66000002	-1.24046500	-2.15458900
-0.65000002	-1.24046500	-2.15458900
-0.64000002	-1.24046500	-2.15458900
-0.63000002	-1.15188200	-2.15458900
-0.62000002	-1.15188200	-2.15458900
-0.61000002	-1.15188200	-2.15458900
-0.60000002	-1.15188200	-2.15458900
-0.59000002	-1.06330000	-2.58519900
-0.58000002	-1.06330000	-2.15458900
-0.57000002	-1.06330000	-2.15458900
-0.56000002	-1.06330000	-2.15458900
-0.55000002	-0.97440950	-2.15458900
-0.54000002	-0.97440950	-2.15458900
-0.53000002	-0.97440950	-2.15458900
-0.52000002	-0.97440950	-2.15458900
-0.51000002	-0.97440950	-2.15458900
-0.50000002	-0.97440950	-1.72397900
-0.49000002	-0.88582680	-2.15458900
-0.48000002	-0.88582680	-2.15458900
-0.47000002	-0.88582680	-2.15458900
-0.46000002	-0.88582680	-2.15458900
-0.45000002	-0.88582680	-2.15458900
-0.44000002	-0.79724410	-1.72397900
-0.43000002	-0.79724410	-2.15458900
-0.42000002	-0.79724410	-1.72397900
-0.41000002	-0.79724410	-2.15458900
-0.40000002	-0.79724410	-1.72397900
-0.39000002	-0.79724410	-1.72397900
-0.38000002	-0.79724410	-1.72397900
-0.37000002	-0.70866140	-1.72397900
-0.36000002	-0.70866140	-1.72397900
-0.35000002	-0.70866140	-1.72397900
-0.34000002	-0.70866140	-1.72397900
-0.33000002	-0.62007870	-1.72397900
-0.32000002	-0.62007870	-2.15458900
-0.31000002	-0.62007870	-1.72397900
-0.30000003	-0.62007870	-1.72397900
-0.29000003	-0.53149600	-1.72397900
-0.28000003	-0.53149600	-1.29183100
-0.27000003	-0.53149600	-1.72397900
-0.26000003	-0.53149600	-1.29183100
-0.25000003	-0.53149600	-1.29183100
-0.24000003	-0.53149600	-1.72397900
-0.23000003	-0.44291340	-1.29183100
-0.22000003	-0.44291340	-1.29183100
-0.21000003	-0.44291340	-1.72397900
-0.20000003	-0.44291340	-1.29183100
-0.19000003	-0.44291340	-1.72397900
-0.18000003	-0.35433070	-1.72397900
-0.17000003	-0.35433070	-1.29183100
-0.16000003	-0.35433070	-1.29183100
-0.15000003	-0.35433070	-1.29183100
-0.14000003	-0.26574800	-1.29183100
-0.13000003	-0.26574800	-1.29183100
-0.12000003	-0.26574800	-1.29183100
-0.11000003	-0.26574800	-1.29183100
-0.10000003	-0.26574800	-1.29183100
-0.09000003	-0.26574800	-1.29183100
-0.08000003	-0.17716540	-1.72397900
-0.07000003	-0.17716540	-1.29183100
-0.06000003	-0.17716540	-1.29183100
-0.05000003	-0.17716540	-1.29183100
-0.04000003	-0.08858268	-1.29183100
-0.03000003	-0.08858268	-1.29183100
-0.02000003	-0.08858268	-1.29183100
-0.01000003	-0.08858268	-1.29183100
-0.00000003	0.00000000	-1.29183100
0.00999997	0.00000000	-1.29183100
0.01999997	0.00000000	-1.72397900
0.02999997	0.00000000	-1.72397900
0.03999997	0.00000000	-1.72397900
0.04999997	0.00000000	-1.29183100
0.05999997	0.08858268	-2.15458900
0.06999997	0.08858268	-2.15458900
0.07999997	0.08858268	-1.72397900
0.08999996	0.17716540	-2.15458900
0.09999996	0.17716540	-2.15458900
0.10999996	0.17716540	-2.58519900
0.11999996	0.17716540	-3.01734700
0.12999996	0.17716540	-3.01734700
0.13999996	0.26574800	-3.01734700
0.14999996	0.26574800	-3.44795700
0.15999996	0.26574800	-3.44795700
0.16999996	0.26574800	-3.87856800
0.17999996	0.35433070	-4.31071600
0.18999996	0.35433070	-4.74132600
0.19999996	0.35433070	-4.74132600
0.20999996	0.35433070	-5.17193600
0.21999996	0.44291340	-5.60408400
0.22999996	0.44291340	-6.03469500
0.23999996	0.44291340	-6.46530500
0.24999996	0.44291340	-6.46530500
0.25999996	0.44291340	-7.32806300
0.26999996	0.53149600	-7.32806300
0.27999996	0.53149600	-7.75867300
0.28999996	0.53149600	-8.19082200
0.29999996	0.62007870	-8.62143100
0.30999996	0.62007870	-9.05204100
0.31999996	0.62007870	-9.48419000
0.32999996	0.62007870	-9.48419000
0.33999996	0.70866140	-9.91480000
0.34999996	0.70866140	-9.91480000
0.35999996	0.70866140	-10.77756000
0.36999996	0.70866140	-10.77756000
0.37999996	0.79724410	-11.63878000
0.38999996	0.79724410	-11.63878000
0.39999996	0.79724410	-11.63878000
0.40999996	0.79724410	-12.06939000
0.41999996	0.79724410	-12.50154000
0.42999996	0.79724410	-12.50154000
0.43999996	0.88582680	-12.93215000
0.44999996	0.88582680	-12.93215000
0.45999996	0.88582680	-13.36276000
0.46999996	0.97440950	-13.36276000
0.47999996	0.97440950	-13.36276000
0.48999995	0.97440950	-13.36276000
0.49999995	0.97440950	-13.79491000
0.50999995	1.06330000	-13.36276000
0.51999995	1.06330000	-13.79491000
0.52999995	1.06330000	-13.36276000
0.53999995	1.06330000	-13.36276000
0.54999995	1.06330000	-13.36276000
0.55999995	1.15188200	-12.93215000
0.56999995	1.15188200	-13.36276000
0.57999995	1.15188200	-12.93215000
0.58999995	1.15188200	-12.50154000
0.59999995	1.15188200	-12.50154000
0.60999995	1.24046500	-11.63878000
0.61999995	1.24046500	-11.63878000
0.62999995	1.24046500	-11.20817000
0.63999995	1.32904800	-10.34541000
0.64999995	1.32904800	-10.34541000
0.65999995	1.32904800	-9.91480000
0.66999995	1.32904800	-9.48419000
0.67999995	1.32904800	-8.62143100
0.68999995	1.41763000	-8.19082200
0.69999995	1.41763000	-7.75867300
0.70999995	1.41763000	-6.89745300
0.71999995	1.41763000	-6.46530500
0.72999995	1.50621300	-6.03469500
0.73999995	1.50621300	-5.60408400
0.74999995	1.50621300	-4.74132600
0.75999995	1.50621300	-4.31071600
0.76999995	1.59479600	-3.44795700
0.77999995	1.59479600	-2.58519900
0.78999995	1.59479600	-2.15458900
0.79999995	1.59479600	-1.29183100
0.80999995	1.68337800	-1.29183100
0.81999995	1.68337800	0.00000000
0.82999995	1.68337800	0.43061020
0.83999995	1.68337800	1.29183100
0.84999995	1.68337800	1.72397900
0.85999995	1.77196100	2.58519900
0.86999995	1.77196100	3.01734700
0.87999995	1.77196100	3.87856800
0.88999994	1.77196100	4.31071600
0.89999994	1.77196100	4.74132600
0.90999994	1.86054400	5.60408400
0.91999994	1.86054400	6.03469500
0.92999994	1.86054400	6.46530500
0.93999994	1.94912600	7.32806300
0.94999994	1.94912600	7.75867300
0.95999994	1.94912600	8.19082200
0.96999994	1.94912600	8.62143100
0.97999994	1.94912600	9.48419000
0.98999994	2.03770900	9.91480000
0.99999994	2.03770900	10.34541000
1.00999994	2.03770900	10.77756000
1.01999994	2.12659900	11.20817000
1.02999994	2.12659900	11.20817000
1.03999994	2.12659900	11.63878000
1.04999994	2.12659900	12.06939000
1.05999994	2.12659900	12.50154000
1.06999994	2.12659900	12.50154000
1.07999994	2.21518200	12.93215000
1.08999994	2.21518200	13.36276000
1.09999994	2.21518200	12.93215000
1.10999994	2.30376500	13.36276000
1.11999994	2.30376500	13.36276000
1.12999994	2.30376500	13.79491000
1.13999994	2.30376500	14.22552000
1.14999994	2.30376500	13.79491000
1.15999994	2.39234700	13.79491000
1.16999994	2.39234700	13.79491000
1.17999994	2.39234700	13.36276000
1.18999994	2.39234700	13.79491000
1.19999994	2.48093000	13.36276000
1.20999994	2.48093000	13.36276000
1.21999994	2.48093000	13.36276000
1.22999994	2.48093000	12.93215000
1.23999994	2.48093000	12.93215000
1.24999994	2.56951300	12.93215000
1.25999994	2.56951300	12.50154000
1.26999994	2.56951300	12.50154000
1.27999993	2.56951300	12.06939000
1.28999993	2.65809500	11.63878000
1.29999993	2.65809500	11.20817000
1.30999993	2.65809500	11.20817000
1.31999993	2.65809500	10.34541000
1.32999993	2.65809500	9.91480000
1.33999993	2.74667800	9.48419000
1.34999993	2.74667800	9.48419000
1.35999993	2.74667800	8.62143100
1.36999993	2.83526100	8.19082200
1.37999993	2.83526100	7.75867300
1.38999993	2.83526100	7.32806300
1.39999993	2.83526100	6.89745300
1.40999993	2.92384300	6.46530500
1.41999993	2.83526100	5.60408400
1.42999993	2.92384300	5.17193600
1.43999993	2.92384300	4.31071600
1.44999993	2.92384300	3.87856800
1.45999993	3.01242600	3.87856800
1.46999993	3.01242600	3.01734700
1.47999993	3.01242600	2.15458900
1.48999993	3.01242600	1.72397900
1.49999993	3.10131600	1.29183100
1.50999993	3.10131600	0.43061020
1.51999993	3.10131600	0.43061020
1.52999993	3.10131600	0.00000000
1.53999993	3.18989900	-0.86122040
1.54999993	3.18989900	-1.29183100
1.55999993	3.18989900	-1.72397900
1.56999993	3.18989900	-2.15458900
1.57999993	3.18989900	-2.58519900
1.58999993	3.27848200	-3.01734700
1.59999993	3.27848200	-3.01734700
1.60999993	3.27848200	-3.44795700
1.61999993	3.27848200	-3.87856800
1.62999993	3.27848200	-3.87856800
1.63999993	3.36706400	-3.87856800
1.64999993	3.36706400	-3.87856800
1.65999993	3.36706400	-3.87856800
1.66999993	3.45564700	-4.31071600
1.67999992	3.45564700	-4.31071600
1.68999992	3.45564700	-3.87856800
1.69999992	3.45564700	-3.87856800
1.70999992	3.54423000	-3.87856800
1.71999992	3.54423000	-3.87856800
1.72999992	3.54423000	-3.44795700
1.73999992	3.54423000	-3.01734700
1.74999992	3.54423000	-3.01734700
1.75999992	3.63281300	-2.58519900
1.76999992	3.63281300	-2.15458900
1.77999992	3.63281300	-1.72397900
1.78999992	3.72139500	-1.29183100
1.79999992	3.63281300	-0.43061020
1.80999992	3.72139500	-0.43061020
1.81999992	3.72139500	0.00000000
1.82999992	3.72139500	0.86122040
1.83999992	3.80997800	1.72397900
1.84999992	3.80997800	1.72397900
1.85999992	3.80997800	2.58519900
1.86999992	3.80997800	3.01734700
1.87999992	3.89856100	3.87856800
1.88999992	3.80997800	4.31071600
1.89999992	3.89856100	5.17193600
1.90999992	3.89856100	5.17193600
1.91999992	3.89856100	6.03469500
1.92999992	3.98714300	6.89745300
1.93999992	3.98714300	7.32806300
1.94999992	3.98714300	7.75867300
1.95999992	3.98714300	8.62143100
1.96999992	4.07572600	9.05204100
1.97999992	4.07572600	9.91480000
1.98999992	4.07572600	10.34541000
1.99999992	4.07572600	10.77756000
2.00999992	4.16461600	11.20817000
2.01999992	4.16461600	11.63878000
2.02999992	4.16461600	12.06939000
2.03999992	4.16461600	12.50154000
2.04999992	4.16461600	13.36276000
2.05999992	4.16461600	13.36276000
2.06999991	4.25319900	13.79491000
2.07999991	4.25319900	14.22552000
2.08999991	4.25319900	14.65613000
2.09999991	4.25319900	15.08827000
2.10999991	4.34178200	15.08827000
2.11999991	4.34178200	15.08827000
2.12999991	4.34178200	15.51888000
2.13999991	4.43036400	15.94949000
2.14999991	4.43036400	15.94949000
2.15999991	4.43036400	16.38164000
2.16999991	4.43036400	15.94949000
2.17999991	4.43036400	15.94949000
2.18999991	4.51894700	16.38164000
2.19999991	4.51894700	16.38164000
2.20999991	4.51894700	15.94949000
2.21999991	4.51894700	16.38164000
2.22999991	4.60753000	16.38164000
2.23999991	4.60753000	15.94949000
2.24999991	4.60753000	15.94949000
2.25999991	4.60753000	15.94949000
2.26999991	4.69611200	15.51888000
2.27999991	4.69611200	15.51888000
2.28999991	4.69611200	15.51888000
2.29999991	4.69611200	15.08827000
2.30999991	4.78469500	14.65613000
2.31999991	4.78469500	14.22552000
2.32999991	4.78469500	13.79491000
2.33999991	4.78469500	13.79491000
2.34999991	4.78469500	13.36276000
2.35999991	4.78469500	12.93215000
2.36999991	4.87327800	12.93215000
2.37999991	4.87327800	12.06939000
2.38999991	4.87327800	11.63878000
2.39999991	4.96186000	11.20817000
2.40999991	4.96186000	10.77756000
2.41999991	4.96186000	9.91480000
2.42999991	4.96186000	9.91480000
2.43999991	4.96186000	9.48419000
2.44999991	5.05044300	8.62143100
2.45999991	5.05044300	8.19082200
2.46999990	5.05044300	7.32806300
2.47999990	5.05044300	6.89745300
2.48999990	5.05044300	6.03469500
2.49999990	5.13902600	6.03469500
2.50999990	5.13902600	5.17193600
2.51999990	5.13902600	4.31071600
2.52999990	5.13902600	3.87856800
2.53999990	5.13902600	3.01734700
2.54999990	5.13902600	2.58519900
2.55999990	5.05044300	2.15458900
2.56999990	5.13902600	1.29183100
2.57999990	5.05044300	0.43061020
2.58999990	5.05044300	0.00000000
2.59999990	5.05044300	-0.43061020
2.60999990	5.05044300	-0.86122040
2.61999990	4.96186000	-1.72397900
2.62999990	4.96186000	-2.15458900
2.63999990	4.96186000	-3.01734700
2.64999990	4.87327800	-3.44795700
2.65999990	4.87327800	-3.87856800
2.66999990	4.87327800	-4.31071600
2.67999990	4.87327800	-4.74132600
2.68999990	4.78469500	-5.60408400
2.69999990	4.87327800	-6.03469500
2.70999990	4.78469500	-6.46530500
2.71999990	4.78469500	-7.32806300
2.72999990	4.78469500	-7.75867300
2.73999990	4.69611200	-8.19082200
2.74999990	4.69611200	-8.62143100
2.75999990	4.69611200	-8.62143100
2.76999990	4.69611200	-9.48419000
2.77999990	4.60753000	-9.91480000
2.78999990	4.60753000	-9.91480000
2.79999990	4.60753000	-10.34541000
2.80999990	4.60753000	-10.34541000
2.81999990	4.60753000	-10.77756000
2.82999990	4.51894700	-11.20817000
2.83999990	4.51894700	-11.63878000
2.84999990	4.51894700	-11.63878000
2.85999990	4.51894700	-11.63878000
2.86999989	4.43036400	-12.06939000
2.87999989	4.43036400	-12.06939000
2.88999989	4.43036400	-11.63878000
2.89999989	4.43036400	-12.06939000
2.90999989	4.34178200	-11.63878000
2.91999989	4.34178200	-11.63878000
2.92999989	4.34178200	-11.63878000
2.93999989	4.34178200	-11.63878000
2.94999989	4.25319900	-11.63878000
2.95999989	4.25319900	-11.20817000
2.96999989	4.25319900	-10.77756000
2.97999989	4.16461600	-11.20817000
2.98999989	4.25319900	-10.77756000
2.99999989	4.16461600	-10.34541000
3.00999989	4.16461600	-9.91480000
3.01999989	4.16461600	-9.48419000
3.02999989	4.16461600	-9.05204100
3.03999989	4.16461600	-9.05204100
3.04999989	4.07572600	-8.19082200
3.05999989	4.07572600	-7.75867300
3.06999989	3.98714300	-7.32806300
3.07999989	3.98714300	-6.46530500
3.08999989	3.98714300	-6.03469500
3.09999989	3.98714300	-5.60408400
3.10999989	3.98714300	-5.17193600
3.11999989	3.98714300	-4.74132600
3.12999989	3.89856100	-3.87856800
3.13999989	3.89856100	-3.01734700
3.14999989	3.89856100	-2.58519900
3.15999989	3.80997800	-2.15458900
3.16999989	3.80997800	-1.29183100
3.17999989	3.80997800	-0.86122040
3.18999989	3.80997800	0.00000000
3.19999989	3.72139500	0.43061020
3.20999989	3.72139500	1.29183100
3.21999989	3.72139500	2.15458900
3.22999989	3.72139500	2.58519900
3.23999989	3.72139500	3.44795700
3.24999989	3.63281300	3.87856800
3.25999988	3.63281300	4.74132600
3.26999988	3.63281300	5.17193600
3.27999988	3.63281300	6.03469500
3.28999988	3.54423000	6.46530500
3.29999988	3.54423000	6.89745300
3.30999988	3.54423000	7.32806300
3.31999988	3.54423000	8.19082200
3.32999988	3.54423000	8.62143100
3.33999988	3.45564700	9.91480000
3.34999988	3.45564700	9.91480000
3.35999988	3.45564700	10.34541000
3.36999988	3.36706400	10.77756000
3.37999988	3.36706400	11.63878000
3.38999988	3.36706400	12.06939000
3.39999988	3.36706400	12.50154000
3.40999988	3.36706400	12.93215000
3.41999988	3.27848200	13.79491000
3.42999988	3.27848200	13.79491000
3.43999988	3.27848200	14.22552000
3.44999988	3.27848200	15.08827000
3.45999988	3.18989900	15.08827000
3.46999988	3.18989900	15.51888000
3.47999988	3.18989900	15.94949000
3.48999988	3.18989900	15.94949000
3.49999988	3.10131600	16.38164000
3.50999988	3.10131600	16.38164000
3.51999988	3.10131600	16.81225000
3.52999988	3.10131600	17.24286000
3.53999988	3.01242600	17.24286000
3.54999988	3.01242600	17.24286000
3.55999988	3.01242600	17.24286000
3.56999988	3.01242600	17.67501000
3.57999988	3.01242600	17.24286000
3.58999988	2.92384300	17.24286000
3.59999988	2.92384300	17.67501000
3.60999988	2.92384300	17.67501000
3.61999988	2.92384300	17.67501000
3.62999988	2.83526100	17.67501000
3.63999988	2.83526100	17.67501000
3.64999988	2.83526100	17.24286000
3.65999987	2.83526100	17.24286000
3.66999987	2.74667800	17.24286000
3.67999987	2.74667800	17.24286000
3.68999987	2.74667800	16.81225000
3.69999987	2.74667800	16.38164000
3.70999987	2.65809500	16.38164000
3.71999987	2.65809500	15.94949000
3.72999987	2.65809500	15.51888000
3.73999987	2.65809500	15.51888000
3.74999987	2.65809500	15.08827000
3.75999987	2.56951300	14.65613000
3.76999987	2.56951300	13.79491000
3.77999987	2.56951300	13.79491000
3.78999987	2.56951300	13.36276000
3.79999987	2.48093000	12.93215000
3.80999987	2.48093000	12.06939000
3.81999987	2.48093000	12.06939000
3.82999987	2.48093000	11.20817000
3.83999987	2.39234700	10.77756000
3.84999987	2.39234700	10.34541000
3.85999987	2.39234700	9.91480000
3.86999987	2.39234700	9.48419000
3.87999987	2.30376500	9.05204100
3.88999987	2.30376500	8.19082200
3.89999987	2.30376500	7.75867300
3.90999987	2.30376500	6.89745300
3.91999987	2.21518200	6.46530500
3.92999987	2.21518200	6.03469500
3.93999987	2.21518200	4.74132600
3.94999987	2.21518200	4.74132600
3.95999987	2.21518200	3.87856800
3.96999987	2.12659900	3.44795700
3.97999987	2.12659900	2.58519900
3.98999987	2.12659900	2.58519900
3.99999987	2.12659900	1.72397900
4.00999987	2.03770900	1.29183100
4.01999987	2.03770900	0.43061020
4.02999987	2.03770900	0.43061020
4.03999987	1.94912600	0.00000000
4.04999986	1.94912600	-0.43061020
4.05999986	1.94912600	-0.86122040
4.06999986	1.94912600	-1.29183100
4.07999986	1.94912600	-1.72397900
4.08999986	1.94912600	-1.72397900
4.09999986	1.94912600	-2.15458900
4.10999986	1.86054400	-2.58519900
4.11999986	1.86054400	-2.58519900
4.12999986	1.86054400	-3.01734700
4.13999986	1.77196100	-3.01734700
4.14999986	1.77196100	-3.01734700
4.15999986	1.77196100	-3.01734700
4.16999986	1.68337800	-3.01734700
4.17999986	1.68337800	-3.01734700
4.18999986	1.68337800	-3.01734700
4.19999986	1.68337800	-3.01734700
4.20999986	1.68337800	-2.58519900
4.21999986	1.59479600	-2.15458900
4.22999986	1.59479600	-1.72397900
4.23999986	1.59479600	-1.72397900
4.24999986	1.59479600	-1.29183100
4.25999986	1.50621300	-1.29183100
4.26999986	1.50621300	-0.86122040
4.27999986	1.50621300	-0.43061020
4.28999986	1.41763000	0.00000000
4.29999986	1.41763000	0.43061020
4.30999986	1.41763000	0.86122040
4.31999986	1.41763000	1.29183100
4.32999986	1.41763000	2.15458900
4.33999986	1.32904800	2.58519900
4.34999986	1.41763000	3.01734700
4.35999986	1.32904800	3.44795700
4.36999986	1.32904800	3.87856800
4.37999986	1.24046500	4.74132600
4.38999986	1.24046500	5.17193600
4.39999986	1.24046500	5.60408400
4.40999986	1.24046500	6.46530500
4.41999986	1.24046500	6.89745300
4.42999986	1.24046500	7.32806300
4.43999986	1.15188200	7.75867300
4.44999985	1.15188200	8.62143100
4.45999985	1.15188200	9.05204100
4.46999985	1.15188200	9.91480000
4.47999985	1.06330000	10.34541000
4.48999985	1.06330000	10.77756000
4.49999985	1.06330000	11.20817000
4.50999985	0.97440950	12.06939000
4.51999985	0.97440950	12.06939000
4.52999985	0.97440950	12.50154000
4.53999985	0.97440950	12.93215000
4.54999985	0.88582680	13.36276000
4.55999985	0.88582680	13.79491000
4.56999985	0.88582680	14.22552000
4.57999985	0.88582680	14.65613000
4.58999985	0.88582680	14.22552000
4.59999985	0.79724410	15.08827000
4.60999985	0.79724410	15.51888000
4.61999985	0.79724410	15.51888000
4.62999985	0.79724410	15.51888000
4.63999985	0.70866140	15.94949000
4.64999985	0.70866140	15.94949000
4.65999985	0.70866140	16.38164000
4.66999985	0.70866140	15.94949000
4.67999985	0.62007870	15.94949000
4.68999985	0.62007870	16.38164000
4.69999985	0.62007870	16.38164000
4.70999985	0.62007870	16.38164000
4.71999985	0.62007870	16.38164000
4.72999985	0.53149600	15.94949000
4.73999985	0.53149600	15.94949000
4.74999985	0.53149600	15.51888000
4.75999985	0.53149600	15.51888000
4.76999985	0.44291340	15.08827000
4.77999985	0.44291340	15.08827000
4.78999985	0.44291340	14.65613000
4.79999985	0.44291340	14.22552000
4.80999985	0.35433070	14.22552000
4.81999985	0.35433070	14.22552000
4.82999985	0.35433070	13.79491000
4.83999984	0.35433070	13.36276000
4.84999984	0.35433070	12.93215000
4.85999984	0.26574800	12.06939000
4.86999984	0.26574800	12.06939000
4.87999984	0.26574800	11.63878000
4.88999984	0.26574800	10.77756000
4.89999984	0.17716540	10.34541000
4.90999984	0.17716540	9.91480000
4.91999984	0.17716540	9.91480000
4.92999984	0.08858268	9.05204100
4.93999984	0.08858268	8.62143100
4.94999984	0.08858268	8.19082200
4.95999984	0.08858268	7.32806300
4.96999984	0.00000000	6.89745300
4.97999984	0.00000000	6.46530500
4.98999984	0.00000000	6.03469500
4.99999984	0.00000000	5.60408400
5.00999984	-0.08858268	4.74132600
5.01999984	0.00000000	4.74132600
5.02999984	-0.08858268	4.31071600
5.03999984	-0.08858268	3.87856800
5.04999984	-0.08858268	3.01734700
5.05999984	-0.17716540	3.01734700
5.06999984	-0.17716540	2.15458900
5.07999984	-0.17716540	1.72397900
5.08999984	-0.17716540	1.29183100
5.09999984	-0.17716540	1.29183100
5.10999984	-0.26574800	0.86122040
5.11999984	-0.26574800	0.43061020
5.12999984	-0.26574800	0.43061020
5.13999984	-0.26574800	0.00000000
5.14999984	-0.35433070	0.00000000
5.15999984	-0.35433070	-0.43061020
5.16999984	-0.35433070	-1.29183100
5.17999984	-0.35433070	-1.29183100
5.18999984	-0.35433070	-1.72397900
5.19999984	-0.35433070	-1.72397900
5.20999984	-0.44291340	-2.15458900
5.21999984	-0.44291340	-2.15458900
5.22999984	-0.44291340	-2.58519900
5.23999983	-0.44291340	-2.58519900
5.24999983	-0.44291340	-3.01734700
5.25999983	-0.53149600	-3.01734700
5.26999983	-0.53149600	-3.44795700
5.27999983	-0.53149600	-3.44795700
5.28999983	-0.53149600	-3.44795700
5.29999983	-0.62007870	-3.87856800
5.30999983	-0.62007870	-4.31071600
5.31999983	-0.62007870	-4.31071600
5.32999983	-0.62007870	-4.31071600
5.33999983	-0.62007870	-4.31071600
5.34999983	-0.70866140	-4.74132600
5.35999983	-0.70866140	-5.17193600
5.36999983	-0.70866140	-5.17193600
5.37999983	-0.70866140	-5.17193600
5.38999983	-0.70866140	-5.60408400
5.39999983	-0.70866140	-5.60408400
5.40999983	-0.79724410	-5.17193600
5.41999983	-0.79724410	-6.03469500
5.42999983	-0.79724410	-6.03469500
5.43999983	-0.88582680	-6.03469500
5.44999983	-0.79724410	-6.03469500
5.45999983	-0.79724410	-6.03469500
5.46999983	-0.88582680	-6.46530500
5.47999983	-0.88582680	-6.46530500
5.48999983	-0.88582680	-6.46530500
5.49999983	-0.88582680	-6.89745300
5.50999983	-0.97440950	-6.89745300
5.51999983	-0.97440950	-6.89745300
5.52999983	-0.97440950	-6.89745300
5.53999983	-0.97440950	-6.89745300
5.54999983	-1.06330000	-7.32806300
5.55999983	-1.06330000	-7.32806300
5.56999983	-1.06330000	-7.32806300
5.57999983	-1.06330000	-7.32806300
5.58999983	-1.06330000	-7.32806300
5.59999983	-1.06330000	-7.32806300
5.60999983	-1.15188200	-7.32806300
5.61999983	-1.15188200	-7.32806300
5.62999983	-1.15188200	-7.75867300
5.63999982	-1.15188200	-7.32806300
5.64999982	-1.24046500	-7.75867300
5.65999982	-1.24046500	-7.32806300
5.66999982	-1.24046500	-7.75867300
5.67999982	-1.24046500	-7.75867300
5.68999982	-1.24046500	-7.75867300
5.69999982	-1.24046500	-7.75867300
5.70999982	-1.32904800	-7.75867300
5.71999982	-1.32904800	-7.75867300
5.72999982	-1.32904800	-7.75867300
5.73999982	-1.32904800	-7.75867300
5.74999982	-1.32904800	-7.75867300
5.75999982	-1.41763000	-7.75867300
5.76999982	-1.41763000	-7.75867300
5.77999982	-1.41763000	-7.75867300
5.78999982	-1.41763000	-7.75867300
5.79999982	-1.50621300	-7.75867300
5.80999982	-1.50621300	-7.75867300
5.81999982	-1.50621300	-7.75867300
5.82999982	-1.50621300	-7.75867300
5.83999982	-1.50621300	-7.75867300
5.84999982	-1.50621300	-7.75867300
5.85999982	-1.59479600	-7.75867300
5.86999982	-1.59479600	-7.75867300
5.87999982	-1.59479600	-7.75867300
5.88999982	-1.59479600	-8.19082200
5.89999982	-1.68337800	-7.75867300
5.90999982	-1.68337800	-7.75867300
5.91999982	-1.68337800	-7.75867300
5.92999982	-1.68337800	-7.75867300
5.93999982	-1.68337800	-7.75867300
5.94999982	-1.68337800	-7.75867300
5.95999982	-1.77196100	-7.75867300
5.96999982	-1.77196100	-7.75867300
5.97999982	-1.77196100	-7.75867300
5.98999982	-1.77196100	-7.75867300
5.99999982	-1.77196100	-7.75867300
6.00999982	-1.77196100	-8.19082200
6.01999982	-1.86054400	-7.75867300
6.02999981	-1.86054400	-8.19082200
6.03999981	-1.86054400	-8.19082200
6.04999981	-1.86054400	-7.75867300
6.05999981	-1.94912600	-7.75867300
6.06999981	-1.94912600	-7.75867300
6.07999981	-1.94912600	-7.75867300
6.08999981	-1.94912600	-8.19082200
6.09999981	-1.94912600	-8.19082200
6.10999981	-2.03770900	-8.19082200
6.11999981	-2.03770900	-8.19082200
6.12999981	-2.03770900	-8.19082200
6.13999981	-2.03770900	-8.62143100
6.14999981	-2.03770900	-8.19082200
6.15999981	-2.12659900	-8.19082200
6.16999981	-2.12659900	-8.19082200
6.17999981	-2.12659900	-8.19082200
6.18999981	-2.12659900	-8.19082200
6.19999981	-2.12659900	-8.19082200
6.20999981	-2.12659900	-8.62143100
6.21999981	-2.21518200	-8.19082200
6.22999981	-2.21518200	-8.62143100
6.23999981	-2.21518200	-8.62143100
6.24999981	-2.21518200	-8.62143100
6.25999981	-2.30376500	-8.62143100
6.26999981	-2.30376500	-8.62143100
6.27999981	-2.30376500	-8.62143100
6.28999981	-2.30376500	-8.62143100
6.29999981	-2.30376500	-8.62143100
6.30999981	-2.39234700	-8.62143100
6.31999981	-2.39234700	-9.05204100
6.32999981	-2.39234700	-8.62143100
6.33999981	-2.39234700	-9.05204100
6.34999981	-2.39234700	-8.62143100
6.35999981	-2.48093000	-9.05204100
6.36999981	-2.48093000	-9.05204100
6.37999981	-2.48093000	-9.05204100
6.38999981	-2.48093000	-9.05204100
6.39999981	-2.48093000	-9.05204100
6.40999981	-2.48093000	-9.05204100
6.41999981	-2.56951300	-8.62143100
6.42999980	-2.56951300	-9.48419000
6.43999980	-2.56951300	-9.05204100
6.44999980	-2.56951300	-9.05204100
6.45999980	-2.56951300	-9.48419000
6.46999980	-2.65809500	-9.05204100
6.47999980	-2.65809500	-9.48419000
6.48999980	-2.65809500	-9.48419000
6.49999980	-2.65809500	-9.48419000
6.50999980	-2.74667800	-9.05204100
6.51999980	-2.74667800	-9.48419000
6.52999980	-2.74667800	-9.48419000
6.53999980	-2.74667800	-9.48419000
6.54999980	-2.74667800	-9.91480000
6.55999980	-2.74667800	-9.48419000
6.56999980	-2.83526100	-9.48419000
6.57999980	-2.83526100	-9.91480000
6.58999980	-2.83526100	-9.48419000
6.59999980	-2.83526100	-9.48419000
6.60999980	-2.92384300	-9.91480000
6.61999980	-2.92384300	-9.91480000
6.62999980	-2.92384300	-10.34541000
6.63999980	-2.92384300	-10.34541000
6.64999980	-2.92384300	-10.34541000
6.65999980	-2.92384300	-10.34541000
6.66999980	-3.01242600	-10.34541000
6.67999980	-3.01242600	-10.77756000
6.68999980	-3.01242600	-10.34541000
6.69999980	-3.01242600	-10.77756000
6.70999980	-3.10131600	-10.77756000
6.71999980	-3.10131600	-10.34541000
6.72999980	-3.10131600	-10.34541000
6.73999980	-3.10131600	-10.77756000
6.74999980	-3.10131600	-10.77756000
6.75999980	-3.10131600	-10.77756000
6.76999980	-3.10131600	-10.77756000
6.77999980	-3.18989900	-11.20817000
6.78999980	-3.18989900	-11.20817000
6.79999980	-3.18989900	-10.77756000
6.80999980	-3.18989900	-10.77756000
6.81999979	-3.27848200	-10.77756000
6.82999979	-3.27848200	-10.77756000
6.83999979	-3.27848200	-11.20817000
6.84999979	-3.27848200	-11.20817000
6.85999979	-3.27848200	-11.20817000
6.86999979	-3.27848200	-11.63878000
6.87999979	-3.36706400	-11.20817000
6.88999979	-3.36706400	-11.20817000
6.89999979	-3.36706400	-11.20817000
6.90999979	-3.36706400	-11.20817000
6.91999979	-3.45564700	-11.63878000
6.92999979	-3.45564700	-11.20817000
6.93999979	-3.45564700	-11.20817000
6.94999979	-3.45564700	-11.20817000
6.95999979	-3.45564700	-11.63878000
6.96999979	-3.45564700	-11.20817000
6.97999979	-3.54423000	-11.20817000
6.98999979	-3.54423000	-11.63878000
6.99999979	-3.54423000	-11.20817000
7.00999979	-3.54423000	-11.63878000
7.01999979	-3.54423000	-11.63878000
7.02999979	-3.63281300	-11.63878000
7.03999979	-3.63281300	-11.20817000
7.04999979	-3.63281300	-11.63878000
7.05999979	-3.63281300	-11.63878000
7.06999979	-3.72139500	-11.20817000
7.07999979	-3.72139500	-12.06939000
7.08999979	-3.72139500	-11.63878000
7.09999979	-3.72139500	-11.63878000
7.10999979	-3.72139500	-11.20817000
7.11999979	-3.72139500	-11.20817000
7.12999979	-3.80997800	-11.63878000
7.13999979	-3.80997800	-11.20817000
7.14999979	-3.80997800	-11.63878000
7.15999979	-3.80997800	-11.63878000
7.16999979	-3.89856100	-11.63878000
7.17999979	-3.89856100	-11.63878000
7.18999979	-3.89856100	-11.63878000
7.19999979	-3.89856100	-11.63878000
7.20999979	-3.89856100	-11.63878000
7.21999978	-3.89856100	-11.63878000
7.22999978	-3.98714300	-11.20817000
7.23999978	-3.98714300	-11.20817000
7.24999978	-3.98714300	-11.20817000
7.25999978	-3.98714300	-11.20817000
7.26999978	-3.98714300	-11.63878000
7.27999978	-3.98714300	-11.63878000
7.28999978	-4.07572600	-11.20817000
7.29999978	-4.07572600	-11.20817000
7.30999978	-4.07572600	-11.63878000
7.31999978	-4.07572600	-11.63878000
7.32999978	-4.16461600	-11.20817000
7.33999978	-4.16461600	-11.20817000
7.34999978	-4.16461600	-11.20817000
7.35999978	-4.16461600	-10.77756000
7.36999978	-4.16461600	-11.20817000
7.37999978	-4.25319900	-11.20817000
7.38999978	-4.25319900	-11.20817000
7.39999978	-4.25319900	-10.77756000
7.40999978	-4.25319900	-11.20817000
7.41999978	-4.25319900	-10.77756000
7.42999978	-4.25319900	-10.77756000
7.43999978	-4.34178200	-10.77756000
7.44999978	-4.34178200	-10.77756000
7.45999978	-4.34178200	-10.77756000
7.46999978	-4.34178200	-10.34541000
7.47999978	-4.43036400	-10.77756000
7.48999978	-4.43036400	-10.34541000
7.49999978	-4.34178200	-10.34541000
7.50999978	-4.34178200	-10.34541000
7.51999978	-4.34178200	-10.34541000
7.52999978	-4.34178200	-10.34541000
7.53999978	-4.25319900	-9.91480000
7.54999978	-4.25319900	-10.34541000
7.55999978	-4.25319900	-9.91480000
7.56999978	-4.25319900	-9.91480000
7.57999978	-4.16461600	-9.91480000
7.58999978	-4.25319900	-9.91480000
7.59999978	-4.25319900	-9.48419000
7.60999978	-4.16461600	-9.48419000
7.61999977	-4.16461600	-9.91480000
7.62999977	-4.07572600	-9.91480000
7.63999977	-4.16461600	-9.48419000
7.64999977	-4.07572600	-9.91480000
7.65999977	-4.07572600	-9.48419000
7.66999977	-4.07572600	-9.48419000
7.67999977	-4.07572600	-9.48419000
7.68999977	-4.07572600	-9.48419000
7.69999977	-3.98714300	-9.48419000
7.70999977	-3.98714300	-9.48419000
7.71999977	-3.98714300	-9.48419000
7.72999977	-3.98714300	-9.48419000
7.73999977	-3.98714300	-9.48419000
7.74999977	-3.89856100	-9.05204100
7.75999977	-3.89856100	-9.48419000
7.76999977	-3.89856100	-9.05204100
7.77999977	-3.89856100	-9.05204100
7.78999977	-3.80997800	-9.05204100
7.79999977	-3.80997800	-9.05204100
7.80999977	-3.80997800	-9.48419000
7.81999977	-3.80997800	-9.05204100
7.82999977	-3.80997800	-9.05204100
7.83999977	-3.72139500	-9.05204100
7.84999977	-3.72139500	-9.05204100
7.85999977	-3.72139500	-9.05204100
7.86999977	-3.72139500	-9.05204100
7.87999977	-3.72139500	-9.05204100
7.88999977	-3.63281300	-8.62143100
7.89999977	-3.63281300	-9.05204100
7.90999977	-3.63281300	-8.62143100
7.91999977	-3.63281300	-9.05204100
7.92999977	-3.63281300	-9.05204100
7.93999977	-3.63281300	-9.05204100
7.94999977	-3.54423000	-9.05204100
7.95999977	-3.54423000	-8.62143100
7.96999977	-3.54423000	-8.62143100
7.97999977	-3.54423000	-9.05204100
7.98999977	-3.54423000	-9.05204100
7.99999977	-3.45564700	-8.62143100
8.00999976	-3.45564700	-9.05204100
8.01999976	-3.45564700	-8.62143100
8.02999976	-3.45564700	-8.62143100
8.03999976	-3.36706400	-8.62143100
8.04999976	-3.36706400	-8.62143100
8.05999976	-3.36706400	-8.62143100
8.06999976	-3.36706400	-9.05204100
8.07999976	-3.36706400	-8.62143100
8.08999976	-3.36706400	-8.62143100
8.09999976	-3.27848200	-8.62143100
8.10999976	-3.27848200	-9.05204100
8.11999976	-3.27848200	-9.05204100
8.12999976	-3.27848200	-9.05204100
8.13999976	-3.18989900	-8.62143100
8.14999976	-3.18989900	-9.05204100
8.15999976	-3.18989900	-9.05204100
8.16999976	-3.18989900	-9.05204100
8.17999976	-3.18989900	-8.62143100
8.18999976	-3.18989900	-9.05204100
8.19999976	-3.10131600	-9.05204100
8.20999976	-3.10131600	-9.05204100
8.21999976	-3.10131600	-9.48419000
8.22999976	-3.10131600	-9.48419000
8.23999976	-3.10131600	-9.05204100
8.24999976	-3.10131600	-9.48419000
8.25999976	-3.01242600	-9.05204100
8.26999976	-3.01242600	-9.48419000
8.27999976	-3.01242600	-9.05204100
8.28999976	-2.92384300	-9.05204100
8.29999976	-2.92384300	-9.91480000
8.30999976	-2.92384300	-9.91480000
8.31999976	-2.92384300	-9.91480000
8.32999976	-2.92384300	-9.91480000
8.33999976	-2.92384300	-9.91480000
8.34999976	-2.83526100	-9.91480000
8.35999976	-2.83526100	-9.91480000
8.36999976	-2.83526100	-9.91480000
8.37999976	-2.83526100	-10.34541000
8.38999976	-2.74667800	-10.34541000
8.39999976	-2.74667800	-10.34541000
8.40999975	-2.74667800	-10.34541000
8.41999975	-2.74667800	-10.77756000
8.42999975	-2.74667800	-10.34541000
8.43999975	-2.74667800	-10.77756000
8.44999975	-2.65809500	-10.77756000
8.45999975	-2.65809500	-10.77756000
8.46999975	-2.65809500	-10.77756000
8.47999975	-2.65809500	-11.20817000
8.48999975	-2.65809500	-10.77756000
8.49999975	-2.65809500	-11.20817000
8.50999975	-2.56951300	-11.20817000
8.51999975	-2.56951300	-11.20817000
8.52999975	-2.56951300	-11.63878000
8.53999975	-2.56951300	-11.63878000
8.54999975	-2.56951300	-11.63878000
8.55999975	-2.48093000	-11.63878000
8.56999975	-2.48093000	-11.63878000
8.57999975	-2.48093000	-11.63878000
8.58999975	-2.48093000	-11.63878000
8.59999975	-2.39234700	-12.06939000
8.60999975	-2.39234700	-12.06939000
8.61999975	-2.48093000	-12.06939000
8.62999975	-2.39234700	-12.06939000
8.63999975	-2.39234700	-12.06939000
8.64999975	-2.30376500	-12.06939000
8.65999975	-2.30376500	-12.06939000
8.66999975	-2.30376500	-12.06939000
8.67999975	-2.30376500	-12.06939000
8.68999975	-2.30376500	-12.50154000
8.69999975	-2.30376500	-12.50154000
8.70999975	-2.21518200	-12.93215000
8.71999975	-2.21518200	-12.06939000
8.72999975	-2.21518200	-12.50154000
8.73999975	-2.21518200	-12.93215000
8.74999975	-2.21518200	-12.50154000
8.75999975	-2.12659900	-12.93215000
8.76999975	-2.12659900	-12.93215000
8.77999975	-2.12659900	-12.93215000
8.78999975	-2.12659900	-12.93215000
8.79999974	-2.12659900	-12.93215000
8.80999974	-2.12659900	-12.93215000
8.81999974	-2.03770900	-12.93215000
8.82999974	-2.03770900	-12.93215000
8.83999974	-1.94912600	-13.36276000
8.84999974	-2.03770900	-13.36276000
8.85999974	-1.94912600	-13.36276000
8.86999974	-1.94912600	-13.36276000
8.87999974	-1.94912600	-13.79491000
8.88999974	-1.94912600	-13.36276000
8.89999974	-1.94912600	-13.79491000
8.90999974	-1.86054400	-13.79491000
8.91999974	-1.86054400	-13.79491000
8.92999974	-1.86054400	-13.79491000
8.93999974	-1.86054400	-13.79491000
8.94999974	-1.86054400	-13.79491000
8.95999974	-1.77196100	-13.79491000
8.96999974	-1.77196100	-13.79491000
8.97999974	-1.77196100	-13.79491000
8.98999974	-1.77196100	-14.22552000
8.99999974	-1.77196100	-14.22552000
9.00999974	-1.68337800	-14.22552000
9.01999974	-1.68337800	-13.79491000
