Frequency	Channel A	Channel B
(ms)	(V)	(mV)

-1.01000001	-2.39234700	7.75867300
-1.00000001	-2.39234700	7.32806300
-0.99000001	-2.39234700	7.75867300
-0.98000001	-2.30376500	7.32806300
-0.97000001	-2.30376500	7.75867300
-0.96000001	-2.30376500	7.75867300
-0.95000001	-2.30376500	7.75867300
-0.94000001	-2.21518200	7.75867300
-0.93000001	-2.21518200	7.32806300
-0.92000001	-2.21518200	7.75867300
-0.91000001	-2.21518200	7.32806300
-0.90000001	-2.12659900	7.75867300
-0.89000001	-2.12659900	7.32806300
-0.88000001	-2.12659900	7.32806300
-0.87000001	-2.03770900	7.32806300
-0.86000001	-2.03770900	7.32806300
-0.85000001	-2.03770900	7.32806300
-0.84000001	-1.94912600	7.32806300
-0.83000001	-1.94912600	7.32806300
-0.82000001	-1.94912600	7.32806300
-0.81000001	-1.94912600	7.32806300
-0.80000001	-1.94912600	7.32806300
-0.79000001	-1.94912600	7.32806300
-0.78000001	-1.86054400	7.32806300
-0.77000001	-1.86054400	6.89745300
-0.76000001	-1.86054400	7.32806300
-0.75000001	-1.77196100	6.89745300
-0.74000001	-1.77196100	6.89745300
-0.73000001	-1.77196100	6.46530500
-0.72000001	-1.77196100	6.89745300
-0.71000001	-1.68337800	6.46530500
-0.70000002	-1.68337800	6.89745300
-0.69000002	-1.68337800	6.03469500
-0.68000002	-1.59479600	6.46530500
-0.67000002	-1.59479600	6.46530500
-0.66000002	-1.59479600	6.46530500
-0.65000002	-1.50621300	6.46530500
-0.64000002	-1.59479600	6.46530500
-0.63000002	-1.50621300	6.03469500
-0.62000002	-1.50621300	6.03469500
-0.61000002	-1.50621300	5.60408400
-0.60000002	-1.41763000	6.03469500
-0.59000002	-1.41763000	5.60408400
-0.58000002	-1.41763000	5.60408400
-0.57000002	-1.41763000	6.03469500
-0.56000002	-1.32904800	5.60408400
-0.55000002	-1.32904800	5.60408400
-0.54000002	-1.32904800	5.60408400
-0.53000002	-1.32904800	5.60408400
-0.52000002	-1.24046500	5.60408400
-0.51000002	-1.24046500	5.17193600
-0.50000002	-1.24046500	5.17193600
-0.49000002	-1.15188200	5.17193600
-0.48000002	-1.15188200	5.17193600
-0.47000002	-1.15188200	5.17193600
-0.46000002	-1.15188200	5.17193600
-0.45000002	-1.15188200	4.74132600
-0.44000002	-1.06330000	5.17193600
-0.43000002	-1.06330000	4.74132600
-0.42000002	-1.06330000	4.74132600
-0.41000002	-0.97440950	4.74132600
-0.40000002	-0.97440950	4.74132600
-0.39000002	-0.97440950	4.74132600
-0.38000002	-0.97440950	4.74132600
-0.37000002	-0.97440950	4.74132600
-0.36000002	-0.88582680	4.74132600
-0.35000002	-0.88582680	4.31071600
-0.34000002	-0.88582680	4.31071600
-0.33000002	-0.88582680	4.74132600
-0.32000002	-0.79724410	4.31071600
-0.31000002	-0.79724410	4.31071600
-0.30000003	-0.70866140	4.31071600
-0.29000003	-0.70866140	3.87856800
-0.28000003	-0.70866140	4.31071600
-0.27000003	-0.70866140	3.87856800
-0.26000003	-0.62007870	3.87856800
-0.25000003	-0.62007870	3.87856800
-0.24000003	-0.62007870	3.87856800
-0.23000003	-0.62007870	3.87856800
-0.22000003	-0.62007870	3.44795700
-0.21000003	-0.53149600	3.87856800
-0.20000003	-0.53149600	3.44795700
-0.19000003	-0.53149600	3.44795700
-0.18000003	-0.44291340	3.44795700
-0.17000003	-0.44291340	3.44795700
-0.16000003	-0.44291340	3.44795700
-0.15000003	-0.44291340	3.44795700
-0.14000003	-0.35433070	3.44795700
-0.13000003	-0.35433070	3.44795700
-0.12000003	-0.35433070	3.44795700
-0.11000003	-0.26574800	3.44795700
-0.10000003	-0.26574800	3.44795700
-0.09000003	-0.26574800	3.44795700
-0.08000003	-0.26574800	3.44795700
-0.07000003	-0.17716540	3.44795700
-0.06000003	-0.17716540	3.44795700
-0.05000003	-0.17716540	3.44795700
-0.04000003	-0.17716540	3.44795700
-0.03000003	-0.08858268	3.44795700
-0.02000003	-0.08858268	3.44795700
-0.01000003	-0.08858268	3.01734700
-0.00000003	0.00000000	3.44795700
0.00999997	0.00000000	3.44795700
0.01999997	0.08858268	3.44795700
0.02999997	0.08858268	3.44795700
0.03999997	0.08858268	3.44795700
0.04999997	0.08858268	3.44795700
0.05999997	0.17716540	3.44795700
0.06999997	0.17716540	3.44795700
0.07999997	0.17716540	3.87856800
0.08999996	0.17716540	3.87856800
0.09999996	0.26574800	3.87856800
0.10999996	0.26574800	4.31071600
0.11999996	0.26574800	4.74132600
0.12999996	0.35433070	4.74132600
0.13999996	0.35433070	5.17193600
0.14999996	0.35433070	5.17193600
0.15999996	0.44291340	5.17193600
0.16999996	0.44291340	5.17193600
0.17999996	0.44291340	5.60408400
0.18999996	0.44291340	6.03469500
0.19999996	0.53149600	6.46530500
0.20999996	0.53149600	6.46530500
0.21999996	0.53149600	6.89745300
0.22999996	0.62007870	7.32806300
0.23999996	0.62007870	7.32806300
0.24999996	0.62007870	7.75867300
0.25999996	0.70866140	7.75867300
0.26999996	0.70866140	7.75867300
0.27999996	0.70866140	8.62143100
0.28999996	0.79724410	8.19082200
0.29999996	0.79724410	9.05204100
0.30999996	0.79724410	9.05204100
0.31999996	0.79724410	9.05204100
0.32999996	0.88582680	9.05204100
0.33999996	0.88582680	9.05204100
0.34999996	0.88582680	9.48419000
0.35999996	0.97440950	9.48419000
0.36999996	0.97440950	9.48419000
0.37999996	1.06330000	9.48419000
0.38999996	1.06330000	9.48419000
0.39999996	1.06330000	9.91480000
0.40999996	1.15188200	9.91480000
0.41999996	1.15188200	9.91480000
0.42999996	1.15188200	9.48419000
0.43999996	1.15188200	9.48419000
0.44999996	1.24046500	9.48419000
0.45999996	1.24046500	9.48419000
0.46999996	1.24046500	9.05204100
0.47999996	1.24046500	9.05204100
0.48999995	1.32904800	9.05204100
0.49999995	1.32904800	8.62143100
0.50999995	1.32904800	8.62143100
0.51999995	1.41763000	8.19082200
0.52999995	1.41763000	7.75867300
0.53999995	1.41763000	7.75867300
0.54999995	1.50621300	7.75867300
0.55999995	1.50621300	6.46530500
0.56999995	1.50621300	6.89745300
0.57999995	1.59479600	6.46530500
0.58999995	1.59479600	6.03469500
0.59999995	1.59479600	5.60408400
0.60999995	1.68337800	5.17193600
0.61999995	1.68337800	5.17193600
0.62999995	1.68337800	4.74132600
0.63999995	1.68337800	4.31071600
0.64999995	1.77196100	3.44795700
0.65999995	1.77196100	3.01734700
0.66999995	1.77196100	2.58519900
0.67999995	1.86054400	2.15458900
0.68999995	1.86054400	1.72397900
0.69999995	1.86054400	1.29183100
0.70999995	1.94912600	0.43061020
0.71999995	1.94912600	0.00000000
0.72999995	2.03770900	0.00000000
0.73999995	2.03770900	-0.86122040
0.74999995	2.03770900	-1.29183100
0.75999995	2.03770900	-1.72397900
0.76999995	2.03770900	-1.72397900
0.77999995	2.12659900	-2.15458900
0.78999995	2.12659900	-2.58519900
0.79999995	2.12659900	-3.01734700
0.80999995	2.21518200	-3.44795700
0.81999995	2.21518200	-3.44795700
0.82999995	2.21518200	-3.87856800
0.83999995	2.30376500	-4.31071600
0.84999995	2.30376500	-4.74132600
0.85999995	2.30376500	-4.74132600
0.86999995	2.39234700	-5.17193600
0.87999995	2.39234700	-4.74132600
0.88999994	2.39234700	-4.74132600
0.89999994	2.48093000	-4.74132600
0.90999994	2.48093000	-4.74132600
0.91999994	2.48093000	-4.74132600
0.92999994	2.48093000	-4.74132600
0.93999994	2.56951300	-4.31071600
0.94999994	2.56951300	-4.31071600
0.95999994	2.56951300	-3.87856800
0.96999994	2.65809500	-3.87856800
0.97999994	2.65809500	-3.44795700
0.98999994	2.65809500	-3.01734700
0.99999994	2.74667800	-2.58519900
1.00999994	2.74667800	-2.58519900
1.01999994	2.74667800	-2.15458900
1.02999994	2.74667800	-1.72397900
1.03999994	2.74667800	-1.29183100
1.04999994	2.83526100	-0.43061020
1.05999994	2.92384300	0.00000000
1.06999994	2.92384300	0.43061020
1.07999994	2.92384300	0.86122040
1.08999994	2.92384300	1.29183100
1.09999994	3.01242600	2.15458900
1.10999994	3.01242600	2.58519900
1.11999994	3.01242600	2.58519900
1.12999994	3.10131600	3.01734700
1.13999994	3.10131600	3.44795700
1.14999994	3.10131600	3.87856800
1.15999994	3.10131600	4.31071600
1.16999994	3.18989900	4.74132600
1.17999994	3.18989900	4.74132600
1.18999994	3.18989900	5.17193600
1.19999994	3.27848200	5.17193600
1.20999994	3.27848200	5.60408400
1.21999994	3.27848200	5.60408400
1.22999994	3.27848200	6.03469500
1.23999994	3.36706400	6.03469500
1.24999994	3.36706400	6.03469500
1.25999994	3.45564700	6.03469500
1.26999994	3.45564700	6.46530500
1.27999993	3.45564700	6.03469500
1.28999993	3.54423000	6.03469500
1.29999993	3.54423000	6.46530500
1.30999993	3.54423000	6.03469500
1.31999993	3.54423000	6.03469500
1.32999993	3.63281300	5.60408400
1.33999993	3.63281300	5.60408400
1.34999993	3.63281300	5.60408400
1.35999993	3.72139500	5.17193600
1.36999993	3.72139500	4.74132600
1.37999993	3.72139500	4.31071600
1.38999993	3.80997800	4.31071600
1.39999993	3.80997800	3.87856800
1.40999993	3.80997800	3.44795700
1.41999993	3.89856100	3.01734700
1.42999993	3.89856100	2.58519900
1.43999993	3.89856100	2.15458900
1.44999993	3.98714300	1.72397900
1.45999993	3.98714300	0.86122040
1.46999993	3.98714300	0.86122040
1.47999993	4.07572600	0.00000000
1.48999993	3.98714300	0.00000000
1.49999993	4.07572600	-0.86122040
1.50999993	4.07572600	-1.29183100
1.51999993	4.16461600	-1.72397900
1.52999993	4.16461600	-2.15458900
1.53999993	4.16461600	-3.01734700
1.54999993	4.25319900	-3.44795700
1.55999993	4.25319900	-3.87856800
1.56999993	4.25319900	-4.31071600
1.57999993	4.25319900	-4.74132600
1.58999993	4.34178200	-5.17193600
1.59999993	4.34178200	-5.60408400
1.60999993	4.34178200	-6.03469500
1.61999993	4.43036400	-6.03469500
1.62999993	4.43036400	-6.46530500
1.63999993	4.43036400	-6.89745300
1.64999993	4.51894700	-6.89745300
1.65999993	4.51894700	-7.32806300
1.66999993	4.60753000	-7.32806300
1.67999992	4.60753000	-7.32806300
1.68999992	4.60753000	-7.32806300
1.69999992	4.60753000	-7.32806300
1.70999992	4.69611200	-7.32806300
1.71999992	4.69611200	-6.89745300
1.72999992	4.69611200	-6.46530500
1.73999992	4.69611200	-6.89745300
1.74999992	4.78469500	-6.46530500
1.75999992	4.78469500	-6.46530500
1.76999992	4.78469500	-5.60408400
1.77999992	4.87327800	-5.60408400
1.78999992	4.87327800	-4.74132600
1.79999992	4.87327800	-4.74132600
1.80999992	4.87327800	-3.87856800
1.81999992	4.96186000	-3.44795700
1.82999992	4.96186000	-3.01734700
1.83999992	5.05044300	-2.58519900
1.84999992	5.05044300	-2.15458900
1.85999992	5.05044300	-1.29183100
1.86999992	5.05044300	-0.86122040
1.87999992	5.13902600	0.00000000
1.88999992	5.13902600	0.43061020
1.89999992	5.13902600	0.86122040
1.90999992	5.13902600	1.72397900
1.91999992	5.22791600	2.15458900
1.92999992	5.22791600	2.58519900
1.93999992	5.22791600	3.01734700
1.94999992	5.22791600	3.44795700
1.95999992	5.31649800	3.87856800
1.96999992	5.31649800	4.31071600
1.97999992	5.40508100	4.74132600
1.98999992	5.40508100	4.74132600
1.99999992	5.40508100	5.17193600
2.00999992	5.49366400	5.60408400
2.01999992	5.49366400	6.03469500
2.02999992	5.49366400	6.46530500
2.03999992	5.58224600	6.46530500
2.04999992	5.58224600	6.46530500
2.05999992	5.58224600	6.89745300
2.06999991	5.58224600	6.89745300
2.07999991	5.67082900	6.89745300
2.08999991	5.67082900	6.89745300
2.09999991	5.67082900	6.89745300
2.10999991	5.75941200	6.89745300
2.11999991	5.75941200	7.32806300
2.12999991	5.75941200	6.89745300
2.13999991	5.84799400	6.89745300
2.14999991	5.84799400	6.46530500
2.15999991	5.84799400	6.46530500
2.16999991	5.93657700	6.46530500
2.17999991	5.93657700	6.03469500
2.18999991	5.93657700	6.03469500
2.19999991	5.93657700	5.60408400
2.20999991	6.02516000	5.17193600
2.21999991	6.02516000	5.17193600
2.22999991	6.02516000	4.31071600
2.23999991	6.11374300	4.31071600
2.24999991	6.11374300	3.87856800
2.25999991	6.11374300	3.44795700
2.26999991	6.20263300	3.01734700
2.27999991	6.20263300	2.58519900
2.28999991	6.20263300	1.72397900
2.29999991	6.20263300	1.29183100
2.30999991	6.29121500	1.29183100
2.31999991	6.29121500	0.86122040
2.32999991	6.29121500	0.00000000
2.33999991	6.37979800	-0.43061020
2.34999991	6.37979800	-1.29183100
2.35999991	6.37979800	-1.72397900
2.36999991	6.46838100	-2.15458900
2.37999991	6.46838100	-2.58519900
2.38999991	6.46838100	-3.44795700
2.39999991	6.55696300	-3.87856800
2.40999991	6.55696300	-4.74132600
2.41999991	6.55696300	-5.17193600
2.42999991	6.55696300	-5.60408400
2.43999991	6.64554600	-6.03469500
2.44999991	6.64554600	-6.46530500
2.45999991	6.64554600	-6.89745300
2.46999990	6.73412900	-7.32806300
2.47999990	6.73412900	-7.75867300
2.48999990	6.73412900	-8.19082200
2.49999990	6.73412900	-8.19082200
2.50999990	6.82271100	-8.62143100
2.51999990	6.82271100	-9.05204100
2.52999990	6.82271100	-9.48419000
2.53999990	6.73412900	-9.48419000
2.54999990	6.73412900	-9.91480000
2.55999990	6.73412900	-9.91480000
2.56999990	6.64554600	-10.34541000
2.57999990	6.64554600	-10.77756000
2.58999990	6.64554600	-11.20817000
2.59999990	6.64554600	-11.20817000
2.60999990	6.55696300	-11.63878000
2.61999990	6.55696300	-11.63878000
2.62999990	6.55696300	-12.06939000
2.63999990	6.46838100	-12.50154000
2.64999990	6.46838100	-12.93215000
2.65999990	6.46838100	-13.36276000
2.66999990	6.37979800	-13.36276000
2.67999990	6.37979800	-13.79491000
2.68999990	6.37979800	-14.22552000
2.69999990	6.29121500	-14.65613000
2.70999990	6.29121500	-15.08827000
2.71999990	6.20263300	-15.94949000
2.72999990	6.20263300	-15.94949000
2.73999990	6.20263300	-16.38164000
2.74999990	6.20263300	-16.81225000
2.75999990	6.20263300	-17.24286000
2.76999990	6.11374300	-17.67501000
2.77999990	6.11374300	-18.10562000
2.78999990	6.02516000	-18.53623000
2.79999990	6.02516000	-19.39899000
2.80999990	6.02516000	-19.39899000
2.81999990	6.02516000	-20.26175000
2.82999990	5.93657700	-20.26175000
2.83999990	5.93657700	-21.12297000
2.84999990	5.93657700	-21.12297000
2.85999990	5.84799400	-21.55512000
2.86999989	5.84799400	-21.98573000
2.87999989	5.75941200	-22.41634000
2.88999989	5.75941200	-22.41634000
2.89999989	5.75941200	-22.84695000
2.90999989	5.75941200	-23.27909000
2.91999989	5.75941200	-23.27909000
2.92999989	5.67082900	-23.70971000
2.93999989	5.67082900	-23.27909000
2.94999989	5.67082900	-24.14032000
2.95999989	5.58224600	-24.14032000
2.96999989	5.58224600	-24.14032000
2.97999989	5.58224600	-24.14032000
2.98999989	5.49366400	-24.14032000
2.99999989	5.49366400	-23.70971000
3.00999989	5.49366400	-23.70971000
3.01999989	5.40508100	-23.70971000
3.02999989	5.40508100	-23.70971000
3.03999989	5.40508100	-22.84695000
3.04999989	5.40508100	-22.84695000
3.05999989	5.31649800	-22.41634000
3.06999989	5.31649800	-21.98573000
3.07999989	5.22791600	-21.98573000
3.08999989	5.22791600	-21.12297000
3.09999989	5.22791600	-20.69236000
3.10999989	5.13902600	-20.26175000
3.11999989	5.13902600	-19.82960000
3.12999989	5.13902600	-19.39899000
3.13999989	5.13902600	-18.53623000
3.14999989	5.05044300	-18.10562000
3.15999989	5.05044300	-17.24286000
3.16999989	5.05044300	-16.38164000
3.17999989	4.96186000	-15.51888000
3.18999989	4.96186000	-15.51888000
3.19999989	4.96186000	-14.65613000
3.20999989	4.87327800	-13.36276000
3.21999989	4.87327800	-12.93215000
3.22999989	4.87327800	-12.06939000
3.23999989	4.87327800	-11.20817000
3.24999989	4.78469500	-10.77756000
3.25999988	4.78469500	-9.91480000
3.26999988	4.69611200	-9.05204100
3.27999988	4.69611200	-8.19082200
3.28999988	4.69611200	-7.75867300
3.29999988	4.69611200	-6.89745300
3.30999988	4.60753000	-6.03469500
3.31999988	4.60753000	-5.17193600
3.32999988	4.51894700	-4.74132600
3.33999988	4.51894700	-3.87856800
3.34999988	4.51894700	-3.01734700
3.35999988	4.51894700	-2.58519900
3.36999988	4.43036400	-1.72397900
3.37999988	4.43036400	-1.29183100
3.38999988	4.43036400	-0.86122040
3.39999988	4.34178200	0.00000000
3.40999988	4.34178200	0.43061020
3.41999988	4.34178200	0.86122040
3.42999988	4.34178200	1.29183100
3.43999988	4.25319900	2.15458900
3.44999988	4.25319900	2.58519900
3.45999988	4.25319900	3.01734700
3.46999988	4.16461600	3.01734700
3.47999988	4.16461600	3.87856800
3.48999988	4.16461600	4.31071600
3.49999988	4.16461600	4.31071600
3.50999988	4.07572600	4.31071600
3.51999988	4.07572600	5.17193600
3.52999988	3.98714300	4.74132600
3.53999988	3.98714300	4.74132600
3.54999988	3.98714300	5.17193600
3.55999988	3.98714300	5.17193600
3.56999988	3.89856100	4.74132600
3.57999988	3.89856100	5.17193600
3.58999988	3.89856100	5.17193600
3.59999988	3.80997800	4.74132600
3.60999988	3.80997800	4.74132600
3.61999988	3.80997800	4.74132600
3.62999988	3.80997800	4.31071600
3.63999988	3.72139500	4.31071600
3.64999988	3.63281300	3.87856800
3.65999987	3.63281300	3.44795700
3.66999987	3.63281300	3.44795700
3.67999987	3.63281300	3.01734700
3.68999987	3.54423000	2.58519900
3.69999987	3.54423000	2.15458900
3.70999987	3.54423000	2.15458900
3.71999987	3.54423000	1.29183100
3.72999987	3.45564700	1.29183100
3.73999987	3.45564700	0.43061020
3.74999987	3.45564700	0.00000000
3.75999987	3.36706400	-0.43061020
3.76999987	3.36706400	-1.29183100
3.77999987	3.27848200	-1.72397900
3.78999987	3.27848200	-2.15458900
3.79999987	3.27848200	-2.58519900
3.80999987	3.27848200	-3.01734700
3.81999987	3.18989900	-3.44795700
3.82999987	3.18989900	-3.87856800
3.83999987	3.18989900	-4.74132600
3.84999987	3.10131600	-5.17193600
3.85999987	3.10131600	-6.03469500
3.86999987	3.10131600	-6.03469500
3.87999987	3.10131600	-6.89745300
3.88999987	3.01242600	-6.89745300
3.89999987	3.01242600	-7.75867300
3.90999987	3.01242600	-7.75867300
3.91999987	2.92384300	-8.19082200
3.92999987	2.92384300	-8.62143100
3.93999987	2.92384300	-9.05204100
3.94999987	2.83526100	-9.05204100
3.95999987	2.83526100	-9.48419000
3.96999987	2.83526100	-9.48419000
3.97999987	2.74667800	-9.91480000
3.98999987	2.74667800	-9.48419000
3.99999987	2.74667800	-9.48419000
4.00999987	2.74667800	-9.48419000
4.01999987	2.65809500	-9.48419000
4.02999987	2.65809500	-9.48419000
4.03999987	2.56951300	-9.48419000
4.04999986	2.56951300	-9.05204100
4.05999986	2.56951300	-8.62143100
4.06999986	2.48093000	-8.62143100
4.07999986	2.48093000	-7.75867300
4.08999986	2.48093000	-7.32806300
4.09999986	2.39234700	-6.89745300
4.10999986	2.39234700	-6.89745300
4.11999986	2.39234700	-6.03469500
4.12999986	2.39234700	-6.03469500
4.13999986	2.30376500	-5.17193600
4.14999986	2.30376500	-4.31071600
4.15999986	2.30376500	-3.87856800
4.16999986	2.21518200	-3.44795700
4.17999986	2.21518200	-2.58519900
4.18999986	2.21518200	-2.15458900
4.19999986	2.12659900	-1.72397900
4.20999986	2.12659900	-1.29183100
4.21999986	2.12659900	-0.43061020
4.22999986	2.03770900	0.00000000
4.23999986	2.03770900	0.86122040
4.24999986	2.03770900	0.86122040
4.25999986	2.03770900	1.72397900
4.26999986	1.94912600	2.15458900
4.27999986	1.94912600	2.15458900
4.28999986	1.86054400	3.01734700
4.29999986	1.86054400	3.44795700
4.30999986	1.86054400	3.87856800
4.31999986	1.86054400	3.87856800
4.32999986	1.77196100	3.87856800
4.33999986	1.77196100	4.31071600
4.34999986	1.77196100	4.74132600
4.35999986	1.77196100	4.74132600
4.36999986	1.68337800	4.74132600
4.37999986	1.68337800	5.17193600
4.38999986	1.59479600	5.17193600
4.39999986	1.59479600	5.17193600
4.40999986	1.59479600	5.17193600
4.41999986	1.50621300	4.74132600
4.42999986	1.50621300	4.74132600
4.43999986	1.50621300	4.31071600
4.44999985	1.50621300	4.74132600
4.45999985	1.41763000	4.31071600
4.46999985	1.41763000	3.87856800
4.47999985	1.41763000	3.87856800
4.48999985	1.41763000	3.44795700
4.49999985	1.32904800	3.01734700
4.50999985	1.32904800	2.58519900
4.51999985	1.32904800	2.15458900
4.52999985	1.24046500	1.72397900
4.53999985	1.24046500	1.29183100
4.54999985	1.24046500	0.86122040
4.55999985	1.15188200	0.43061020
4.56999985	1.15188200	0.00000000
4.57999985	1.15188200	-0.43061020
4.58999985	1.06330000	-0.86122040
4.59999985	1.06330000	-1.29183100
4.60999985	1.06330000	-2.15458900
4.61999985	0.97440950	-2.15458900
4.62999985	0.97440950	-3.01734700
4.63999985	0.97440950	-3.44795700
4.64999985	0.88582680	-3.87856800
4.65999985	0.88582680	-4.31071600
4.66999985	0.88582680	-4.74132600
4.67999985	0.79724410	-5.60408400
4.68999985	0.79724410	-5.17193600
4.69999985	0.79724410	-6.03469500
4.70999985	0.70866140	-6.03469500
4.71999985	0.70866140	-6.46530500
4.72999985	0.70866140	-6.46530500
4.73999985	0.70866140	-6.46530500
4.74999985	0.62007870	-6.89745300
4.75999985	0.62007870	-6.46530500
4.76999985	0.62007870	-6.89745300
4.77999985	0.62007870	-6.89745300
4.78999985	0.53149600	-6.89745300
4.79999985	0.53149600	-6.46530500
4.80999985	0.44291340	-6.03469500
4.81999985	0.44291340	-6.03469500
4.82999985	0.44291340	-5.60408400
4.83999984	0.44291340	-5.60408400
4.84999984	0.35433070	-5.17193600
4.85999984	0.35433070	-4.74132600
4.86999984	0.26574800	-4.31071600
4.87999984	0.26574800	-3.87856800
4.88999984	0.26574800	-3.44795700
4.89999984	0.26574800	-3.44795700
4.90999984	0.17716540	-2.15458900
4.91999984	0.17716540	-1.72397900
4.92999984	0.17716540	-1.29183100
4.93999984	0.08858268	-1.29183100
4.94999984	0.08858268	-0.43061020
4.95999984	0.08858268	0.00000000
4.96999984	0.00000000	0.43061020
4.97999984	0.00000000	0.86122040
4.98999984	0.00000000	1.29183100
4.99999984	0.00000000	2.15458900
5.00999984	-0.08858268	2.15458900
5.01999984	-0.08858268	2.58519900
5.02999984	-0.08858268	2.58519900
5.03999984	-0.17716540	3.01734700
5.04999984	-0.17716540	3.87856800
5.05999984	-0.26574800	3.87856800
5.06999984	-0.26574800	4.31071600
5.07999984	-0.26574800	3.87856800
5.08999984	-0.26574800	4.31071600
5.09999984	-0.35433070	4.31071600
5.10999984	-0.35433070	4.31071600
5.11999984	-0.35433070	4.31071600
5.12999984	-0.35433070	4.74132600
5.13999984	-0.44291340	4.74132600
5.14999984	-0.44291340	5.17193600
5.15999984	-0.44291340	5.17193600
5.16999984	-0.44291340	4.74132600
5.17999984	-0.53149600	5.17193600
5.18999984	-0.53149600	5.17193600
5.19999984	-0.53149600	5.17193600
5.20999984	-0.53149600	5.17193600
5.21999984	-0.62007870	5.60408400
5.22999984	-0.62007870	5.17193600
5.23999983	-0.62007870	5.17193600
5.24999983	-0.70866140	5.60408400
5.25999983	-0.70866140	5.60408400
5.26999983	-0.70866140	5.17193600
5.27999983	-0.70866140	5.60408400
5.28999983	-0.79724410	5.17193600
5.29999983	-0.79724410	5.60408400
5.30999983	-0.79724410	5.17193600
5.31999983	-0.79724410	5.17193600
5.32999983	-0.88582680	5.60408400
5.33999983	-0.88582680	5.60408400
5.34999983	-0.88582680	5.60408400
5.35999983	-0.88582680	5.60408400
5.36999983	-0.97440950	5.17193600
5.37999983	-0.97440950	5.60408400
5.38999983	-0.97440950	5.17193600
5.39999983	-1.06330000	5.17193600
5.40999983	-1.06330000	5.17193600
5.41999983	-1.06330000	5.60408400
5.42999983	-1.06330000	5.17193600
5.43999983	-1.06330000	5.17193600
5.44999983	-1.15188200	5.17193600
5.45999983	-1.15188200	5.17193600
5.46999983	-1.15188200	5.17193600
5.47999983	-1.24046500	5.17193600
5.48999983	-1.24046500	5.17193600
5.49999983	-1.24046500	5.17193600
5.50999983	-1.24046500	5.17193600
5.51999983	-1.24046500	5.17193600
5.52999983	-1.32904800	4.74132600
5.53999983	-1.32904800	5.17193600
5.54999983	-1.32904800	5.17193600
5.55999983	-1.41763000	4.74132600
5.56999983	-1.41763000	4.74132600
5.57999983	-1.41763000	5.17193600
5.58999983	-1.41763000	4.74132600
5.59999983	-1.50621300	4.74132600
5.60999983	-1.50621300	4.74132600
5.61999983	-1.50621300	4.74132600
5.62999983	-1.50621300	4.74132600
5.63999982	-1.59479600	4.31071600
5.64999982	-1.59479600	4.31071600
5.65999982	-1.59479600	4.31071600
5.66999982	-1.59479600	4.31071600
5.67999982	-1.68337800	4.31071600
5.68999982	-1.68337800	4.31071600
5.69999982	-1.68337800	4.31071600
5.70999982	-1.77196100	3.87856800
5.71999982	-1.77196100	4.31071600
5.72999982	-1.77196100	4.31071600
5.73999982	-1.86054400	4.31071600
5.74999982	-1.77196100	4.31071600
5.75999982	-1.86054400	3.87856800
5.76999982	-1.86054400	3.87856800
5.77999982	-1.86054400	3.44795700
5.78999982	-1.94912600	3.87856800
5.79999982	-1.94912600	3.87856800
5.80999982	-1.94912600	3.87856800
5.81999982	-1.94912600	3.44795700
5.82999982	-2.03770900	3.87856800
5.83999982	-2.03770900	3.44795700
5.84999982	-2.03770900	3.44795700
5.85999982	-2.03770900	3.44795700
5.86999982	-2.12659900	3.44795700
5.87999982	-2.12659900	3.44795700
5.88999982	-2.12659900	3.44795700
5.89999982	-2.12659900	3.01734700
5.90999982	-2.21518200	3.44795700
5.91999982	-2.21518200	3.01734700
5.92999982	-2.21518200	3.44795700
5.93999982	-2.30376500	3.01734700
5.94999982	-2.30376500	3.01734700
5.95999982	-2.30376500	3.01734700
5.96999982	-2.30376500	3.01734700
5.97999982	-2.39234700	3.01734700
5.98999982	-2.39234700	3.01734700
5.99999982	-2.39234700	3.01734700
6.00999982	-2.39234700	3.01734700
6.01999982	-2.48093000	3.01734700
6.02999981	-2.48093000	3.01734700
6.03999981	-2.48093000	3.01734700
6.04999981	-2.48093000	3.01734700
6.05999981	-2.56951300	3.01734700
6.06999981	-2.56951300	3.01734700
6.07999981	-2.56951300	3.01734700
6.08999981	-2.56951300	3.01734700
6.09999981	-2.65809500	3.01734700
6.10999981	-2.65809500	3.01734700
6.11999981	-2.65809500	3.01734700
6.12999981	-2.65809500	3.01734700
6.13999981	-2.74667800	3.01734700
6.14999981	-2.74667800	3.01734700
6.15999981	-2.74667800	3.01734700
6.16999981	-2.83526100	3.44795700
6.17999981	-2.83526100	3.01734700
6.18999981	-2.83526100	3.01734700
6.19999981	-2.92384300	3.01734700
6.20999981	-2.92384300	3.01734700
6.21999981	-2.92384300	3.01734700
6.22999981	-2.92384300	3.01734700
6.23999981	-2.92384300	3.01734700
6.24999981	-3.01242600	3.01734700
6.25999981	-3.01242600	3.01734700
6.26999981	-3.01242600	3.01734700
6.27999981	-3.01242600	3.44795700
6.28999981	-3.10131600	3.01734700
6.29999981	-3.10131600	3.44795700
6.30999981	-3.10131600	3.01734700
6.31999981	-3.18989900	3.01734700
6.32999981	-3.18989900	3.44795700
6.33999981	-3.18989900	3.44795700
6.34999981	-3.18989900	3.44795700
6.35999981	-3.18989900	3.01734700
6.36999981	-3.27848200	3.01734700
6.37999981	-3.27848200	3.01734700
6.38999981	-3.27848200	3.44795700
6.39999981	-3.36706400	3.44795700
6.40999981	-3.36706400	3.01734700
6.41999981	-3.36706400	3.44795700
6.42999980	-3.36706400	3.44795700
6.43999980	-3.36706400	3.44795700
6.44999980	-3.45564700	3.44795700
6.45999980	-3.45564700	3.01734700
6.46999980	-3.45564700	3.44795700
6.47999980	-3.54423000	3.44795700
6.48999980	-3.54423000	3.44795700
6.49999980	-3.54423000	3.44795700
6.50999980	-3.63281300	3.44795700
6.51999980	-3.63281300	3.87856800
6.52999980	-3.63281300	3.44795700
6.53999980	-3.63281300	3.44795700
6.54999980	-3.63281300	3.44795700
6.55999980	-3.72139500	3.44795700
6.56999980	-3.72139500	3.44795700
6.57999980	-3.72139500	3.44795700
6.58999980	-3.72139500	3.87856800
6.59999980	-3.80997800	3.87856800
6.60999980	-3.80997800	3.87856800
6.61999980	-3.80997800	3.87856800
6.62999980	-3.89856100	3.87856800
6.63999980	-3.89856100	3.87856800
6.64999980	-3.89856100	3.87856800
6.65999980	-3.98714300	3.87856800
6.66999980	-3.98714300	3.87856800
6.67999980	-3.98714300	3.87856800
6.68999980	-3.98714300	4.31071600
6.69999980	-3.98714300	3.87856800
6.70999980	-4.07572600	3.87856800
6.71999980	-4.07572600	3.87856800
6.72999980	-4.07572600	4.31071600
6.73999980	-4.07572600	4.31071600
6.74999980	-4.16461600	3.87856800
6.75999980	-4.16461600	3.87856800
6.76999980	-4.16461600	4.31071600
6.77999980	-4.16461600	3.87856800
6.78999980	-4.25319900	3.87856800
6.79999980	-4.25319900	4.31071600
6.80999980	-4.25319900	4.31071600
6.81999979	-4.25319900	4.31071600
6.82999979	-4.34178200	4.31071600
6.83999979	-4.34178200	3.87856800
6.84999979	-4.34178200	4.31071600
6.85999979	-4.43036400	3.87856800
6.86999979	-4.43036400	3.87856800
6.87999979	-4.43036400	4.31071600
6.88999979	-4.43036400	3.87856800
6.89999979	-4.43036400	3.87856800
6.90999979	-4.51894700	3.87856800
6.91999979	-4.51894700	3.87856800
6.92999979	-4.51894700	3.87856800
6.93999979	-4.51894700	3.87856800
6.94999979	-4.60753000	3.87856800
6.95999979	-4.60753000	3.87856800
6.96999979	-4.60753000	3.87856800
6.97999979	-4.69611200	3.87856800
6.98999979	-4.69611200	3.87856800
6.99999979	-4.69611200	3.87856800
7.00999979	-4.69611200	3.87856800
7.01999979	-4.78469500	3.87856800
7.02999979	-4.78469500	3.87856800
7.03999979	-4.78469500	3.87856800
7.04999979	-4.78469500	3.87856800
7.05999979	-4.87327800	3.87856800
7.06999979	-4.87327800	3.87856800
7.07999979	-4.87327800	3.87856800
7.08999979	-4.87327800	3.44795700
7.09999979	-4.96186000	3.87856800
7.10999979	-4.96186000	3.44795700
7.11999979	-4.96186000	3.44795700
7.12999979	-5.05044300	3.44795700
7.13999979	-5.05044300	3.44795700
7.14999979	-5.05044300	3.44795700
7.15999979	-5.13902600	3.44795700
7.16999979	-5.13902600	3.44795700
7.17999979	-5.13902600	3.44795700
7.18999979	-5.13902600	3.44795700
7.19999979	-5.13902600	3.44795700
7.20999979	-5.22791600	3.44795700
7.21999978	-5.22791600	3.44795700
7.22999978	-5.22791600	3.44795700
7.23999978	-5.22791600	3.44795700
7.24999978	-5.22791600	3.01734700
7.25999978	-5.31649800	3.44795700
7.26999978	-5.31649800	3.44795700
7.27999978	-5.40508100	3.01734700
7.28999978	-5.40508100	3.01734700
7.29999978	-5.40508100	3.01734700
7.30999978	-5.40508100	3.01734700
7.31999978	-5.49366400	3.01734700
7.32999978	-5.49366400	3.01734700
7.33999978	-5.49366400	3.01734700
7.34999978	-5.49366400	3.01734700
7.35999978	-5.49366400	2.58519900
7.36999978	-5.58224600	3.01734700
7.37999978	-5.58224600	2.58519900
7.38999978	-5.58224600	2.58519900
7.39999978	-5.58224600	2.58519900
7.40999978	-5.58224600	2.58519900
7.41999978	-5.67082900	2.15458900
7.42999978	-5.67082900	2.15458900
7.43999978	-5.75941200	2.15458900
7.44999978	-5.75941200	2.15458900
7.45999978	-5.75941200	2.15458900
7.46999978	-5.75941200	2.15458900
7.47999978	-5.75941200	2.15458900
7.48999978	-5.75941200	2.15458900
7.49999978	-5.75941200	2.15458900
7.50999978	-5.67082900	1.72397900
7.51999978	-5.67082900	1.72397900
7.52999978	-5.67082900	1.72397900
7.53999978	-5.67082900	1.72397900
7.54999978	-5.58224600	1.72397900
7.55999978	-5.58224600	1.72397900
7.56999978	-5.58224600	1.72397900
7.57999978	-5.58224600	1.72397900
7.58999978	-5.49366400	1.29183100
7.59999978	-5.49366400	1.29183100
7.60999978	-5.49366400	1.29183100
7.61999977	-5.40508100	1.29183100
7.62999977	-5.40508100	1.29183100
7.63999977	-5.40508100	1.29183100
7.64999977	-5.40508100	0.86122040
7.65999977	-5.31649800	1.29183100
7.66999977	-5.31649800	1.29183100
7.67999977	-5.31649800	0.86122040
7.68999977	-5.31649800	0.86122040
7.69999977	-5.22791600	0.86122040
7.70999977	-5.22791600	0.86122040
7.71999977	-5.22791600	0.86122040
7.72999977	-5.22791600	0.86122040
7.73999977	-5.13902600	0.86122040
7.74999977	-5.13902600	0.86122040
7.75999977	-5.13902600	0.86122040
7.76999977	-5.05044300	0.86122040
7.77999977	-5.05044300	0.43061020
7.78999977	-5.05044300	0.43061020
7.79999977	-5.05044300	0.86122040
7.80999977	-5.05044300	0.86122040
7.81999977	-4.96186000	0.43061020
7.82999977	-4.96186000	0.43061020
7.83999977	-4.96186000	0.43061020
7.84999977	-4.96186000	0.00000000
7.85999977	-4.87327800	0.43061020
7.86999977	-4.87327800	0.43061020
7.87999977	-4.87327800	0.43061020
7.88999977	-4.87327800	0.43061020
7.89999977	-4.78469500	0.43061020
7.90999977	-4.78469500	0.43061020
7.91999977	-4.78469500	0.00000000
7.92999977	-4.78469500	0.00000000
7.93999977	-4.69611200	0.43061020
7.94999977	-4.69611200	0.43061020
7.95999977	-4.69611200	0.00000000
7.96999977	-4.60753000	0.00000000
7.97999977	-4.60753000	0.00000000
7.98999977	-4.60753000	0.00000000
7.99999977	-4.60753000	0.00000000
8.00999976	-4.51894700	0.00000000
8.01999976	-4.51894700	0.00000000
8.02999976	-4.51894700	0.00000000
8.03999976	-4.51894700	0.00000000
8.04999976	-4.43036400	0.00000000
8.05999976	-4.43036400	0.00000000
8.06999976	-4.43036400	0.00000000
8.07999976	-4.43036400	0.00000000
8.08999976	-4.34178200	0.00000000
8.09999976	-4.34178200	0.00000000
8.10999976	-4.34178200	0.00000000
8.11999976	-4.25319900	0.00000000
8.12999976	-4.25319900	0.00000000
8.13999976	-4.25319900	0.00000000
8.14999976	-4.25319900	0.00000000
8.15999976	-4.16461600	0.00000000
8.16999976	-4.16461600	0.00000000
8.17999976	-4.16461600	0.00000000
8.18999976	-4.16461600	0.00000000
8.19999976	-4.07572600	0.00000000
8.20999976	-4.07572600	0.00000000
8.21999976	-4.07572600	0.00000000
8.22999976	-4.07572600	0.43061020
8.23999976	-3.98714300	0.43061020
8.24999976	-3.98714300	0.00000000
8.25999976	-3.98714300	0.43061020
8.26999976	-3.98714300	0.43061020
8.27999976	-3.89856100	0.00000000
8.28999976	-3.89856100	0.43061020
8.29999976	-3.89856100	0.43061020
8.30999976	-3.80997800	0.43061020
8.31999976	-3.80997800	0.43061020
8.32999976	-3.80997800	0.43061020
8.33999976	-3.80997800	0.43061020
8.34999976	-3.72139500	0.43061020
8.35999976	-3.72139500	0.43061020
8.36999976	-3.72139500	0.86122040
8.37999976	-3.63281300	0.43061020
8.38999976	-3.72139500	0.86122040
8.39999976	-3.63281300	0.43061020
8.40999975	-3.63281300	0.86122040
8.41999975	-3.63281300	0.86122040
8.42999975	-3.63281300	1.29183100
8.43999975	-3.54423000	0.86122040
8.44999975	-3.54423000	1.29183100
8.45999975	-3.54423000	1.29183100
8.46999975	-3.45564700	0.86122040
8.47999975	-3.45564700	1.29183100
8.48999975	-3.45564700	1.29183100
8.49999975	-3.36706400	1.29183100
8.50999975	-3.36706400	1.29183100
8.51999975	-3.36706400	1.29183100
8.52999975	-3.36706400	1.29183100
8.53999975	-3.36706400	1.29183100
8.54999975	-3.27848200	1.72397900
8.55999975	-3.27848200	1.29183100
8.56999975	-3.27848200	1.29183100
8.57999975	-3.27848200	1.29183100
8.58999975	-3.18989900	1.72397900
8.59999975	-3.18989900	1.29183100
8.60999975	-3.18989900	1.29183100
8.61999975	-3.10131600	1.72397900
8.62999975	-3.10131600	1.29183100
8.63999975	-3.10131600	1.29183100
8.64999975	-3.10131600	1.72397900
8.65999975	-3.01242600	1.72397900
8.66999975	-3.01242600	1.72397900
8.67999975	-3.01242600	1.29183100
8.68999975	-2.92384300	1.72397900
8.69999975	-2.92384300	1.72397900
8.70999975	-2.92384300	1.72397900
8.71999975	-2.92384300	1.72397900
8.72999975	-2.83526100	1.72397900
8.73999975	-2.83526100	2.15458900
8.74999975	-2.83526100	1.72397900
8.75999975	-2.83526100	1.72397900
8.76999975	-2.74667800	1.72397900
8.77999975	-2.74667800	1.72397900
8.78999975	-2.74667800	2.15458900
8.79999974	-2.74667800	2.15458900
8.80999974	-2.65809500	2.15458900
8.81999974	-2.65809500	2.15458900
8.82999974	-2.65809500	2.15458900
8.83999974	-2.65809500	2.15458900
8.84999974	-2.56951300	2.15458900
8.85999974	-2.56951300	2.15458900
8.86999974	-2.56951300	2.15458900
8.87999974	-2.56951300	2.15458900
8.88999974	-2.48093000	2.15458900
8.89999974	-2.48093000	2.15458900
8.90999974	-2.48093000	2.15458900
8.91999974	-2.48093000	2.58519900
8.92999974	-2.48093000	2.15458900
8.93999974	-2.39234700	2.58519900
8.94999974	-2.39234700	2.15458900
8.95999974	-2.30376500	2.58519900
8.96999974	-2.30376500	2.58519900
8.97999974	-2.30376500	2.58519900
8.98999974	-2.30376500	2.15458900
8.99999974	-2.21518200	2.15458900
9.00999974	-2.21518200	2.15458900
9.01999974	-2.21518200	2.15458900
