Frequency	Channel A	Channel B
(ms)	(V)	(mV)

-1.01000001	-0.97440950	-0.43061020
-1.00000001	-0.97440950	-0.86122040
-0.99000001	-0.97440950	-0.86122040
-0.98000001	-0.97440950	-0.43061020
-0.97000001	-0.97440950	-0.43061020
-0.96000001	-0.97440950	-0.86122040
-0.95000001	-0.97440950	-0.86122040
-0.94000001	-0.88582680	-0.86122040
-0.93000001	-0.88582680	-0.86122040
-0.92000001	-0.88582680	-1.29183100
-0.91000001	-0.88582680	-0.86122040
-0.90000001	-0.88582680	-0.86122040
-0.89000001	-0.88582680	-0.86122040
-0.88000001	-0.88582680	-0.86122040
-0.87000001	-0.88582680	-0.86122040
-0.86000001	-0.79724410	-0.86122040
-0.85000001	-0.88582680	-0.43061020
-0.84000001	-0.88582680	-0.86122040
-0.83000001	-0.79724410	-0.86122040
-0.82000001	-0.79724410	-0.86122040
-0.81000001	-0.79724410	-0.43061020
-0.80000001	-0.79724410	-0.86122040
-0.79000001	-0.79724410	-0.86122040
-0.78000001	-0.79724410	-0.86122040
-0.77000001	-0.79724410	-0.86122040
-0.76000001	-0.79724410	-0.86122040
-0.75000001	-0.79724410	-0.86122040
-0.74000001	-0.70866140	-0.86122040
-0.73000001	-0.70866140	-0.43061020
-0.72000001	-0.70866140	-0.86122040
-0.71000001	-0.70866140	-0.43061020
-0.70000002	-0.70866140	-0.86122040
-0.69000002	-0.70866140	-0.86122040
-0.68000002	-0.70866140	-0.86122040
-0.67000002	-0.70866140	-0.86122040
-0.66000002	-0.70866140	-0.86122040
-0.65000002	-0.62007870	-0.86122040
-0.64000002	-0.62007870	-0.86122040
-0.63000002	-0.62007870	-0.86122040
-0.62000002	-0.62007870	-0.43061020
-0.61000002	-0.62007870	-0.86122040
-0.60000002	-0.62007870	-0.86122040
-0.59000002	-0.62007870	-0.43061020
-0.58000002	-0.62007870	-0.86122040
-0.57000002	-0.62007870	-0.86122040
-0.56000002	-0.62007870	-0.43061020
-0.55000002	-0.53149600	-0.43061020
-0.54000002	-0.53149600	-0.43061020
-0.53000002	-0.53149600	-0.86122040
-0.52000002	-0.53149600	-0.43061020
-0.51000002	-0.53149600	-0.43061020
-0.50000002	-0.53149600	-0.43061020
-0.49000002	-0.53149600	-0.86122040
-0.48000002	-0.53149600	-0.43061020
-0.47000002	-0.44291340	-0.43061020
-0.46000002	-0.53149600	-0.43061020
-0.45000002	-0.44291340	-0.43061020
-0.44000002	-0.44291340	-0.43061020
-0.43000002	-0.44291340	-0.43061020
-0.42000002	-0.44291340	-0.43061020
-0.41000002	-0.44291340	-0.43061020
-0.40000002	-0.44291340	-0.43061020
-0.39000002	-0.44291340	-0.86122040
-0.38000002	-0.35433070	-0.43061020
-0.37000002	-0.44291340	-0.43061020
-0.36000002	-0.44291340	-0.43061020
-0.35000002	-0.35433070	-0.43061020
-0.34000002	-0.35433070	-0.43061020
-0.33000002	-0.35433070	-0.43061020
-0.32000002	-0.35433070	-0.43061020
-0.31000002	-0.35433070	-0.43061020
-0.30000003	-0.35433070	-0.43061020
-0.29000003	-0.35433070	-0.43061020
-0.28000003	-0.35433070	-0.43061020
-0.27000003	-0.26574800	-0.43061020
-0.26000003	-0.26574800	-0.43061020
-0.25000003	-0.26574800	-0.43061020
-0.24000003	-0.26574800	-0.43061020
-0.23000003	-0.26574800	-0.43061020
-0.22000003	-0.26574800	0.00000000
-0.21000003	-0.26574800	-0.43061020
-0.20000003	-0.17716540	0.00000000
-0.19000003	-0.26574800	0.00000000
-0.18000003	-0.17716540	0.00000000
-0.17000003	-0.26574800	0.00000000
-0.16000003	-0.17716540	-0.43061020
-0.15000003	-0.17716540	0.00000000
-0.14000003	-0.26574800	-0.43061020
-0.13000003	-0.17716540	0.00000000
-0.12000003	-0.17716540	0.00000000
-0.11000003	-0.17716540	0.00000000
-0.10000003	-0.17716540	0.00000000
-0.09000003	-0.08858268	0.00000000
-0.08000003	-0.17716540	0.00000000
-0.07000003	-0.08858268	0.00000000
-0.06000003	-0.08858268	0.00000000
-0.05000003	-0.08858268	-0.43061020
-0.04000003	-0.08858268	0.00000000
-0.03000003	-0.08858268	0.00000000
-0.02000003	-0.08858268	-0.43061020
-0.01000003	-0.08858268	0.00000000
-0.00000003	0.00000000	0.00000000
0.00999997	0.00000000	-0.43061020
0.01999997	0.00000000	0.00000000
0.02999997	0.00000000	-0.43061020
0.03999997	0.00000000	0.00000000
0.04999997	0.00000000	-0.43061020
0.05999997	0.00000000	-0.43061020
0.06999997	0.08858268	-0.43061020
0.07999997	0.00000000	0.00000000
0.08999996	0.08858268	-0.43061020
0.09999996	0.08858268	-0.43061020
0.10999996	0.08858268	-0.86122040
0.11999996	0.08858268	-0.86122040
0.12999996	0.08858268	-0.43061020
0.13999996	0.08858268	-0.86122040
0.14999996	0.17716540	-0.86122040
0.15999996	0.08858268	-0.86122040
0.16999996	0.17716540	-1.29183100
0.17999996	0.17716540	-0.86122040
0.18999996	0.17716540	-1.29183100
0.19999996	0.17716540	-1.29183100
0.20999996	0.17716540	-1.72397900
0.21999996	0.17716540	-1.72397900
0.22999996	0.17716540	-1.72397900
0.23999996	0.26574800	-2.15458900
0.24999996	0.26574800	-1.72397900
0.25999996	0.26574800	-2.15458900
0.26999996	0.26574800	-2.58519900
0.27999996	0.26574800	-2.58519900
0.28999996	0.26574800	-3.01734700
0.29999996	0.26574800	-2.58519900
0.30999996	0.35433070	-3.01734700
0.31999996	0.35433070	-3.01734700
0.32999996	0.35433070	-3.44795700
0.33999996	0.35433070	-3.44795700
0.34999996	0.35433070	-3.87856800
0.35999996	0.35433070	-3.87856800
0.36999996	0.35433070	-4.31071600
0.37999996	0.35433070	-4.31071600
0.38999996	0.35433070	-4.31071600
0.39999996	0.44291340	-4.74132600
0.40999996	0.44291340	-4.74132600
0.41999996	0.44291340	-5.17193600
0.42999996	0.44291340	-5.17193600
0.43999996	0.44291340	-5.60408400
0.44999996	0.44291340	-5.60408400
0.45999996	0.44291340	-6.03469500
0.46999996	0.44291340	-6.46530500
0.47999996	0.44291340	-6.46530500
0.48999995	0.44291340	-6.46530500
0.49999995	0.53149600	-6.89745300
0.50999995	0.53149600	-7.32806300
0.51999995	0.53149600	-7.32806300
0.52999995	0.53149600	-7.32806300
0.53999995	0.53149600	-7.75867300
0.54999995	0.53149600	-7.75867300
0.55999995	0.53149600	-8.19082200
0.56999995	0.62007870	-8.62143100
0.57999995	0.62007870	-8.62143100
0.58999995	0.62007870	-9.05204100
0.59999995	0.62007870	-9.05204100
0.60999995	0.62007870	-9.48419000
0.61999995	0.62007870	-9.48419000
0.62999995	0.62007870	-9.91480000
0.63999995	0.62007870	-10.34541000
0.64999995	0.70866140	-10.34541000
0.65999995	0.70866140	-10.77756000
0.66999995	0.70866140	-10.77756000
0.67999995	0.70866140	-11.20817000
0.68999995	0.70866140	-11.20817000
0.69999995	0.70866140	-11.63878000
0.70999995	0.70866140	-11.63878000
0.71999995	0.70866140	-11.63878000
0.72999995	0.79724410	-11.63878000
0.73999995	0.70866140	-12.06939000
0.74999995	0.79724410	-12.50154000
0.75999995	0.79724410	-12.50154000
0.76999995	0.79724410	-12.93215000
0.77999995	0.79724410	-12.93215000
0.78999995	0.79724410	-12.93215000
0.79999995	0.88582680	-13.36276000
0.80999995	0.79724410	-13.36276000
0.81999995	0.79724410	-13.79491000
0.82999995	0.88582680	-13.79491000
0.83999995	0.88582680	-14.22552000
0.84999995	0.88582680	-14.22552000
0.85999995	0.88582680	-14.22552000
0.86999995	0.88582680	-14.22552000
0.87999995	0.88582680	-14.22552000
0.88999994	0.97440950	-14.65613000
0.89999994	0.97440950	-14.65613000
0.90999994	0.97440950	-14.65613000
0.91999994	0.97440950	-14.65613000
0.92999994	0.97440950	-14.65613000
0.93999994	0.97440950	-14.65613000
0.94999994	0.97440950	-15.08827000
0.95999994	0.97440950	-15.08827000
0.96999994	0.97440950	-15.08827000
0.97999994	1.06330000	-15.08827000
0.98999994	1.06330000	-15.08827000
0.99999994	1.06330000	-15.08827000
1.00999994	1.06330000	-15.08827000
1.01999994	1.06330000	-15.08827000
1.02999994	1.06330000	-15.08827000
1.03999994	1.06330000	-15.08827000
1.04999994	1.15188200	-14.65613000
1.05999994	1.15188200	-15.08827000
1.06999994	1.15188200	-14.65613000
1.07999994	1.15188200	-14.65613000
1.08999994	1.15188200	-14.65613000
1.09999994	1.15188200	-14.65613000
1.10999994	1.15188200	-14.22552000
1.11999994	1.15188200	-14.22552000
1.12999994	1.24046500	-14.22552000
1.13999994	1.24046500	-13.79491000
1.14999994	1.24046500	-13.79491000
1.15999994	1.24046500	-13.36276000
1.16999994	1.24046500	-13.36276000
1.17999994	1.24046500	-12.93215000
1.18999994	1.24046500	-12.93215000
1.19999994	1.24046500	-12.50154000
1.20999994	1.24046500	-12.50154000
1.21999994	1.32904800	-12.50154000
1.22999994	1.32904800	-12.06939000
1.23999994	1.32904800	-11.63878000
1.24999994	1.32904800	-11.20817000
1.25999994	1.32904800	-11.20817000
1.26999994	1.32904800	-11.20817000
1.27999993	1.32904800	-10.77756000
1.28999993	1.32904800	-10.34541000
1.29999993	1.41763000	-9.91480000
1.30999993	1.41763000	-9.91480000
1.31999993	1.41763000	-9.48419000
1.32999993	1.32904800	-9.05204100
1.33999993	1.41763000	-8.62143100
1.34999993	1.41763000	-8.62143100
1.35999993	1.41763000	-8.19082200
1.36999993	1.41763000	-7.75867300
1.37999993	1.50621300	-7.32806300
1.38999993	1.50621300	-6.89745300
1.39999993	1.50621300	-6.89745300
1.40999993	1.41763000	-6.46530500
1.41999993	1.50621300	-6.03469500
1.42999993	1.50621300	-5.60408400
1.43999993	1.50621300	-5.17193600
1.44999993	1.50621300	-5.17193600
1.45999993	1.59479600	-4.74132600
1.46999993	1.50621300	-4.31071600
1.47999993	1.59479600	-3.87856800
1.48999993	1.59479600	-3.44795700
1.49999993	1.59479600	-3.01734700
1.50999993	1.59479600	-2.58519900
1.51999993	1.59479600	-3.01734700
1.52999993	1.59479600	-2.15458900
1.53999993	1.59479600	-2.15458900
1.54999993	1.59479600	-1.29183100
1.55999993	1.68337800	-0.86122040
1.56999993	1.68337800	-0.86122040
1.57999993	1.68337800	-0.43061020
1.58999993	1.68337800	-0.43061020
1.59999993	1.68337800	0.43061020
1.60999993	1.68337800	0.43061020
1.61999993	1.68337800	0.86122040
1.62999993	1.77196100	1.29183100
1.63999993	1.68337800	1.72397900
1.64999993	1.77196100	2.15458900
1.65999993	1.77196100	2.15458900
1.66999993	1.77196100	2.58519900
1.67999992	1.77196100	3.01734700
1.68999992	1.77196100	3.44795700
1.69999992	1.77196100	3.87856800
1.70999992	1.86054400	3.87856800
1.71999992	1.86054400	3.87856800
1.72999992	1.86054400	4.74132600
1.73999992	1.86054400	4.74132600
1.74999992	1.86054400	5.17193600
1.75999992	1.86054400	5.60408400
1.76999992	1.86054400	5.60408400
1.77999992	1.86054400	6.03469500
1.78999992	1.86054400	6.46530500
1.79999992	1.86054400	6.46530500
1.80999992	1.94912600	6.89745300
1.81999992	1.94912600	6.89745300
1.82999992	1.94912600	7.32806300
1.83999992	1.94912600	7.75867300
1.84999992	1.94912600	7.75867300
1.85999992	1.94912600	8.19082200
1.86999992	1.94912600	8.19082200
1.87999992	2.03770900	8.62143100
1.88999992	2.03770900	8.62143100
1.89999992	2.03770900	9.05204100
1.90999992	2.03770900	9.05204100
1.91999992	2.03770900	9.48419000
1.92999992	2.03770900	9.05204100
1.93999992	2.03770900	9.91480000
1.94999992	2.03770900	9.91480000
1.95999992	2.03770900	9.91480000
1.96999992	2.12659900	9.91480000
1.97999992	2.12659900	9.91480000
1.98999992	2.12659900	10.34541000
1.99999992	2.12659900	10.77756000
2.00999992	2.12659900	10.34541000
2.01999992	2.12659900	10.77756000
2.02999992	2.12659900	10.77756000
2.03999992	2.12659900	10.77756000
2.04999992	2.21518200	10.77756000
2.05999992	2.12659900	10.77756000
2.06999991	2.21518200	11.20817000
2.07999991	2.21518200	11.20817000
2.08999991	2.21518200	11.20817000
2.09999991	2.21518200	11.63878000
2.10999991	2.21518200	11.20817000
2.11999991	2.21518200	11.63878000
2.12999991	2.21518200	11.63878000
2.13999991	2.30376500	11.63878000
2.14999991	2.30376500	11.63878000
2.15999991	2.30376500	11.63878000
2.16999991	2.30376500	11.63878000
2.17999991	2.30376500	11.63878000
2.18999991	2.30376500	11.63878000
2.19999991	2.30376500	11.63878000
2.20999991	2.30376500	11.63878000
2.21999991	2.39234700	11.63878000
2.22999991	2.39234700	11.63878000
2.23999991	2.39234700	11.20817000
2.24999991	2.39234700	11.63878000
2.25999991	2.39234700	11.63878000
2.26999991	2.39234700	11.20817000
2.27999991	2.39234700	10.77756000
2.28999991	2.39234700	10.77756000
2.29999991	2.39234700	11.20817000
2.30999991	2.48093000	11.20817000
2.31999991	2.48093000	10.77756000
2.32999991	2.48093000	10.77756000
2.33999991	2.48093000	10.77756000
2.34999991	2.48093000	10.77756000
2.35999991	2.48093000	10.34541000
2.36999991	2.48093000	10.34541000
2.37999991	2.48093000	10.34541000
2.38999991	2.56951300	9.91480000
2.39999991	2.48093000	9.48419000
2.40999991	2.56951300	9.48419000
2.41999991	2.56951300	9.48419000
2.42999991	2.56951300	9.48419000
2.43999991	2.56951300	9.05204100
2.44999991	2.56951300	9.05204100
2.45999991	2.56951300	9.05204100
2.46999990	2.65809500	8.62143100
2.47999990	2.65809500	8.19082200
2.48999990	2.65809500	7.75867300
2.49999990	2.65809500	8.19082200
2.50999990	2.65809500	7.75867300
2.51999990	2.65809500	7.32806300
2.52999990	2.65809500	6.89745300
2.53999990	2.65809500	6.89745300
2.54999990	2.65809500	6.89745300
2.55999990	2.65809500	6.46530500
2.56999990	2.65809500	6.03469500
2.57999990	2.65809500	5.60408400
2.58999990	2.65809500	5.60408400
2.59999990	2.65809500	5.60408400
2.60999990	2.56951300	5.17193600
2.61999990	2.65809500	4.74132600
2.62999990	2.56951300	4.74132600
2.63999990	2.56951300	4.74132600
2.64999990	2.56951300	4.31071600
2.65999990	2.56951300	3.87856800
2.66999990	2.56951300	3.87856800
2.67999990	2.56951300	3.44795700
2.68999990	2.56951300	3.44795700
2.69999990	2.48093000	3.44795700
2.70999990	2.48093000	3.01734700
2.71999990	2.48093000	3.01734700
2.72999990	2.48093000	2.58519900
2.73999990	2.48093000	2.58519900
2.74999990	2.48093000	2.58519900
2.75999990	2.48093000	2.58519900
2.76999990	2.48093000	2.58519900
2.77999990	2.48093000	2.58519900
2.78999990	2.39234700	2.15458900
2.79999990	2.39234700	2.15458900
2.80999990	2.39234700	2.15458900
2.81999990	2.39234700	2.15458900
2.82999990	2.39234700	2.15458900
2.83999990	2.39234700	2.15458900
2.84999990	2.30376500	2.15458900
2.85999990	2.30376500	2.15458900
2.86999989	2.30376500	1.72397900
2.87999989	2.30376500	1.72397900
2.88999989	2.30376500	2.15458900
2.89999989	2.30376500	1.72397900
2.90999989	2.30376500	2.15458900
2.91999989	2.30376500	1.72397900
2.92999989	2.30376500	1.72397900
2.93999989	2.30376500	2.15458900
2.94999989	2.21518200	1.72397900
2.95999989	2.21518200	2.15458900
2.96999989	2.21518200	2.15458900
2.97999989	2.21518200	2.15458900
2.98999989	2.21518200	2.58519900
2.99999989	2.21518200	2.58519900
3.00999989	2.21518200	2.58519900
3.01999989	2.21518200	2.58519900
3.02999989	2.12659900	2.58519900
3.03999989	2.12659900	3.01734700
3.04999989	2.12659900	3.01734700
3.05999989	2.12659900	3.44795700
3.06999989	2.12659900	3.01734700
3.07999989	2.12659900	3.44795700
3.08999989	2.12659900	3.44795700
3.09999989	2.03770900	3.44795700
3.10999989	2.03770900	3.44795700
3.11999989	2.03770900	3.87856800
3.12999989	2.03770900	3.87856800
3.13999989	2.03770900	4.31071600
3.14999989	2.03770900	4.31071600
3.15999989	2.03770900	4.31071600
3.16999989	2.03770900	4.74132600
3.17999989	2.03770900	4.74132600
3.18999989	1.94912600	4.74132600
3.19999989	1.94912600	5.17193600
3.20999989	1.94912600	5.60408400
3.21999989	1.94912600	6.03469500
3.22999989	1.94912600	6.03469500
3.23999989	1.94912600	6.03469500
3.24999989	1.94912600	6.03469500
3.25999988	1.94912600	6.03469500
3.26999988	1.86054400	6.46530500
3.27999988	1.86054400	6.46530500
3.28999988	1.86054400	6.89745300
3.29999988	1.86054400	7.32806300
3.30999988	1.86054400	7.32806300
3.31999988	1.86054400	7.75867300
3.32999988	1.86054400	7.75867300
3.33999988	1.77196100	7.75867300
3.34999988	1.77196100	8.19082200
3.35999988	1.77196100	8.62143100
3.36999988	1.77196100	8.19082200
3.37999988	1.77196100	8.62143100
3.38999988	1.77196100	8.62143100
3.39999988	1.77196100	9.05204100
3.40999988	1.77196100	9.05204100
3.41999988	1.77196100	9.05204100
3.42999988	1.68337800	9.48419000
3.43999988	1.77196100	9.48419000
3.44999988	1.68337800	9.91480000
3.45999988	1.68337800	10.34541000
3.46999988	1.68337800	10.34541000
3.47999988	1.68337800	10.34541000
3.48999988	1.68337800	10.77756000
3.49999988	1.68337800	10.77756000
3.50999988	1.68337800	11.20817000
3.51999988	1.59479600	10.77756000
3.52999988	1.59479600	10.77756000
3.53999988	1.59479600	11.20817000
3.54999988	1.59479600	11.63878000
3.55999988	1.59479600	11.63878000
3.56999988	1.59479600	11.63878000
3.57999988	1.59479600	12.06939000
3.58999988	1.50621300	12.06939000
3.59999988	1.50621300	12.06939000
3.60999988	1.50621300	12.06939000
3.61999988	1.50621300	12.06939000
3.62999988	1.50621300	12.93215000
3.63999988	1.50621300	12.50154000
3.64999988	1.50621300	12.50154000
3.65999987	1.41763000	12.93215000
3.66999987	1.50621300	12.93215000
3.67999987	1.41763000	12.93215000
3.68999987	1.41763000	12.93215000
3.69999987	1.41763000	13.36276000
3.70999987	1.41763000	13.36276000
3.71999987	1.41763000	13.36276000
3.72999987	1.41763000	13.36276000
3.73999987	1.41763000	13.36276000
3.74999987	1.41763000	13.36276000
3.75999987	1.32904800	13.36276000
3.76999987	1.32904800	13.79491000
3.77999987	1.32904800	13.79491000
3.78999987	1.32904800	13.79491000
3.79999987	1.32904800	13.79491000
3.80999987	1.32904800	13.79491000
3.81999987	1.32904800	13.36276000
3.82999987	1.24046500	13.36276000
3.83999987	1.24046500	13.79491000
3.84999987	1.24046500	13.79491000
3.85999987	1.24046500	13.79491000
3.86999987	1.24046500	13.79491000
3.87999987	1.15188200	13.36276000
3.88999987	1.24046500	13.36276000
3.89999987	1.24046500	13.79491000
3.90999987	1.15188200	13.36276000
3.91999987	1.15188200	13.36276000
3.92999987	1.15188200	13.36276000
3.93999987	1.15188200	13.36276000
3.94999987	1.15188200	12.93215000
3.95999987	1.15188200	13.36276000
3.96999987	1.15188200	12.93215000
3.97999987	1.15188200	12.93215000
3.98999987	1.06330000	12.93215000
3.99999987	1.06330000	12.93215000
4.00999987	1.06330000	12.93215000
4.01999987	1.06330000	12.50154000
4.02999987	1.06330000	12.50154000
4.03999987	1.06330000	12.06939000
4.04999986	1.06330000	12.06939000
4.05999986	1.06330000	12.06939000
4.06999986	0.97440950	11.63878000
4.07999986	0.97440950	11.63878000
4.08999986	0.97440950	11.63878000
4.09999986	0.97440950	11.20817000
4.10999986	0.97440950	10.77756000
4.11999986	0.97440950	10.77756000
4.12999986	0.97440950	10.77756000
4.13999986	0.97440950	10.77756000
4.14999986	0.88582680	10.34541000
4.15999986	0.88582680	9.91480000
4.16999986	0.97440950	9.91480000
4.17999986	0.88582680	9.48419000
4.18999986	0.88582680	9.48419000
4.19999986	0.88582680	9.05204100
4.20999986	0.88582680	9.05204100
4.21999986	0.79724410	8.62143100
4.22999986	0.88582680	8.62143100
4.23999986	0.88582680	8.19082200
4.24999986	0.79724410	8.19082200
4.25999986	0.79724410	7.75867300
4.26999986	0.79724410	7.32806300
4.27999986	0.79724410	7.32806300
4.28999986	0.79724410	6.89745300
4.29999986	0.79724410	6.46530500
4.30999986	0.79724410	6.46530500
4.31999986	0.70866140	6.03469500
4.32999986	0.70866140	5.60408400
4.33999986	0.70866140	5.17193600
4.34999986	0.70866140	5.17193600
4.35999986	0.70866140	4.74132600
4.36999986	0.70866140	4.31071600
4.37999986	0.70866140	4.31071600
4.38999986	0.70866140	3.87856800
4.39999986	0.62007870	3.44795700
4.40999986	0.70866140	3.01734700
4.41999986	0.62007870	2.58519900
4.42999986	0.62007870	2.58519900
4.43999986	0.62007870	2.15458900
4.44999985	0.62007870	2.15458900
4.45999985	0.62007870	1.72397900
4.46999985	0.62007870	1.29183100
4.47999985	0.62007870	0.86122040
4.48999985	0.53149600	0.43061020
4.49999985	0.53149600	0.00000000
4.50999985	0.53149600	0.00000000
4.51999985	0.53149600	-0.43061020
4.52999985	0.53149600	-0.86122040
4.53999985	0.53149600	-1.29183100
4.54999985	0.53149600	-1.29183100
4.55999985	0.44291340	-1.72397900
4.56999985	0.44291340	-2.15458900
4.57999985	0.44291340	-2.58519900
4.58999985	0.44291340	-2.58519900
4.59999985	0.44291340	-3.01734700
4.60999985	0.44291340	-3.44795700
4.61999985	0.44291340	-3.87856800
4.62999985	0.44291340	-4.31071600
4.63999985	0.44291340	-4.74132600
4.64999985	0.35433070	-4.74132600
4.65999985	0.35433070	-5.17193600
4.66999985	0.35433070	-5.60408400
4.67999985	0.35433070	-5.60408400
4.68999985	0.35433070	-6.03469500
4.69999985	0.35433070	-6.46530500
4.70999985	0.35433070	-6.89745300
4.71999985	0.26574800	-6.89745300
4.72999985	0.26574800	-7.32806300
4.73999985	0.26574800	-7.32806300
4.74999985	0.26574800	-7.75867300
4.75999985	0.26574800	-7.75867300
4.76999985	0.26574800	-8.19082200
4.77999985	0.26574800	-8.62143100
4.78999985	0.26574800	-8.62143100
4.79999985	0.17716540	-9.05204100
4.80999985	0.17716540	-9.05204100
4.81999985	0.17716540	-9.48419000
4.82999985	0.17716540	-9.48419000
4.83999984	0.17716540	-9.91480000
4.84999984	0.17716540	-9.91480000
4.85999984	0.17716540	-9.91480000
4.86999984	0.17716540	-10.34541000
4.87999984	0.17716540	-10.34541000
4.88999984	0.17716540	-10.34541000
4.89999984	0.08858268	-10.34541000
4.90999984	0.08858268	-10.34541000
4.91999984	0.08858268	-10.77756000
4.92999984	0.08858268	-10.77756000
4.93999984	0.08858268	-10.77756000
4.94999984	0.08858268	-11.20817000
4.95999984	0.00000000	-11.20817000
4.96999984	0.00000000	-11.20817000
4.97999984	0.00000000	-11.20817000
4.98999984	0.00000000	-11.20817000
4.99999984	0.00000000	-11.20817000
5.00999984	0.00000000	-11.20817000
5.01999984	0.00000000	-11.20817000
5.02999984	0.00000000	-10.77756000
5.03999984	0.00000000	-11.20817000
5.04999984	-0.08858268	-10.77756000
5.05999984	-0.08858268	-10.77756000
5.06999984	-0.08858268	-10.77756000
5.07999984	-0.08858268	-10.77756000
5.08999984	-0.08858268	-10.77756000
5.09999984	-0.08858268	-10.77756000
5.10999984	-0.17716540	-10.34541000
5.11999984	-0.08858268	-10.34541000
5.12999984	-0.17716540	-9.91480000
5.13999984	-0.17716540	-10.34541000
5.14999984	-0.17716540	-9.91480000
5.15999984	-0.17716540	-10.34541000
5.16999984	-0.17716540	-9.91480000
5.17999984	-0.17716540	-9.91480000
5.18999984	-0.17716540	-9.48419000
5.19999984	-0.17716540	-9.48419000
5.20999984	-0.17716540	-9.48419000
5.21999984	-0.17716540	-9.05204100
5.22999984	-0.26574800	-9.05204100
5.23999983	-0.26574800	-9.05204100
5.24999983	-0.26574800	-8.62143100
5.25999983	-0.26574800	-8.62143100
5.26999983	-0.26574800	-8.62143100
5.27999983	-0.26574800	-8.19082200
5.28999983	-0.26574800	-8.19082200
5.29999983	-0.26574800	-8.19082200
5.30999983	-0.35433070	-8.19082200
5.31999983	-0.35433070	-7.75867300
5.32999983	-0.26574800	-8.19082200
5.33999983	-0.35433070	-7.75867300
5.34999983	-0.35433070	-7.75867300
5.35999983	-0.35433070	-7.75867300
5.36999983	-0.35433070	-7.32806300
5.37999983	-0.35433070	-7.32806300
5.38999983	-0.44291340	-7.32806300
5.39999983	-0.35433070	-7.32806300
5.40999983	-0.44291340	-6.89745300
5.41999983	-0.44291340	-6.89745300
5.42999983	-0.35433070	-6.89745300
5.43999983	-0.44291340	-6.89745300
5.44999983	-0.44291340	-6.46530500
5.45999983	-0.44291340	-6.46530500
5.46999983	-0.44291340	-6.46530500
5.47999983	-0.44291340	-6.46530500
5.48999983	-0.44291340	-6.46530500
5.49999983	-0.53149600	-6.03469500
5.50999983	-0.53149600	-6.03469500
5.51999983	-0.53149600	-6.03469500
5.52999983	-0.53149600	-6.03469500
5.53999983	-0.53149600	-5.60408400
5.54999983	-0.53149600	-5.60408400
5.55999983	-0.53149600	-5.17193600
5.56999983	-0.53149600	-5.60408400
5.57999983	-0.53149600	-5.17193600
5.58999983	-0.53149600	-5.17193600
5.59999983	-0.62007870	-5.17193600
5.60999983	-0.62007870	-5.17193600
5.61999983	-0.62007870	-5.17193600
5.62999983	-0.62007870	-5.17193600
5.63999982	-0.62007870	-4.74132600
5.64999982	-0.62007870	-4.74132600
5.65999982	-0.62007870	-4.31071600
5.66999982	-0.62007870	-4.31071600
5.67999982	-0.70866140	-4.31071600
5.68999982	-0.70866140	-4.31071600
5.69999982	-0.70866140	-4.31071600
5.70999982	-0.70866140	-4.31071600
5.71999982	-0.70866140	-3.87856800
5.72999982	-0.70866140	-3.87856800
5.73999982	-0.70866140	-3.87856800
5.74999982	-0.70866140	-3.87856800
5.75999982	-0.70866140	-3.44795700
5.76999982	-0.70866140	-3.87856800
5.77999982	-0.70866140	-3.87856800
5.78999982	-0.70866140	-3.87856800
5.79999982	-0.70866140	-3.44795700
5.80999982	-0.79724410	-3.44795700
5.81999982	-0.79724410	-3.44795700
5.82999982	-0.79724410	-3.44795700
5.83999982	-0.79724410	-3.44795700
5.84999982	-0.79724410	-3.44795700
5.85999982	-0.79724410	-3.01734700
5.86999982	-0.79724410	-3.01734700
5.87999982	-0.79724410	-3.01734700
5.88999982	-0.79724410	-3.01734700
5.89999982	-0.88582680	-3.01734700
5.90999982	-0.88582680	-2.58519900
5.91999982	-0.88582680	-2.58519900
5.92999982	-0.88582680	-2.58519900
5.93999982	-0.88582680	-2.58519900
5.94999982	-0.88582680	-2.58519900
5.95999982	-0.88582680	-2.15458900
5.96999982	-0.97440950	-2.15458900
5.97999982	-0.97440950	-2.58519900
5.98999982	-0.97440950	-2.15458900
5.99999982	-0.97440950	-2.58519900
6.00999982	-0.97440950	-2.15458900
6.01999982	-0.97440950	-2.15458900
6.02999981	-0.97440950	-2.15458900
6.03999981	-0.97440950	-2.15458900
6.04999981	-0.97440950	-2.15458900
6.05999981	-1.06330000	-2.15458900
6.06999981	-0.97440950	-2.15458900
6.07999981	-0.97440950	-2.15458900
6.08999981	-1.06330000	-2.15458900
6.09999981	-1.06330000	-2.15458900
6.10999981	-1.06330000	-1.72397900
6.11999981	-1.06330000	-1.72397900
6.12999981	-1.06330000	-1.72397900
6.13999981	-1.06330000	-2.15458900
6.14999981	-1.06330000	-1.72397900
6.15999981	-1.15188200	-1.72397900
6.16999981	-1.15188200	-1.72397900
6.17999981	-1.15188200	-1.72397900
6.18999981	-1.15188200	-1.72397900
6.19999981	-1.15188200	-1.29183100
6.20999981	-1.15188200	-1.29183100
6.21999981	-1.15188200	-1.72397900
6.22999981	-1.15188200	-1.72397900
6.23999981	-1.15188200	-1.29183100
6.24999981	-1.15188200	-1.29183100
6.25999981	-1.15188200	-1.29183100
6.26999981	-1.15188200	-1.29183100
6.27999981	-1.15188200	-1.29183100
6.28999981	-1.24046500	-1.72397900
6.29999981	-1.24046500	-1.29183100
6.30999981	-1.24046500	-1.29183100
6.31999981	-1.24046500	-1.29183100
6.32999981	-1.24046500	-1.29183100
6.33999981	-1.24046500	-1.29183100
6.34999981	-1.24046500	-1.29183100
6.35999981	-1.32904800	-1.29183100
6.36999981	-1.24046500	-0.86122040
6.37999981	-1.32904800	-1.29183100
6.38999981	-1.32904800	-0.86122040
6.39999981	-1.32904800	-1.29183100
6.40999981	-1.32904800	-1.29183100
6.41999981	-1.32904800	-0.86122040
6.42999980	-1.32904800	-0.86122040
6.43999980	-1.32904800	-1.29183100
6.44999980	-1.41763000	-1.29183100
6.45999980	-1.32904800	-0.86122040
6.46999980	-1.41763000	-1.29183100
6.47999980	-1.41763000	-1.29183100
6.48999980	-1.41763000	-1.29183100
6.49999980	-1.41763000	-1.29183100
6.50999980	-1.41763000	-1.29183100
6.51999980	-1.41763000	-1.29183100
6.52999980	-1.41763000	-1.29183100
6.53999980	-1.41763000	-1.29183100
6.54999980	-1.41763000	-0.86122040
6.55999980	-1.50621300	-1.29183100
6.56999980	-1.50621300	-1.29183100
6.57999980	-1.50621300	-1.29183100
6.58999980	-1.50621300	-0.86122040
6.59999980	-1.50621300	-1.29183100
6.60999980	-1.50621300	-1.29183100
6.61999980	-1.50621300	-0.86122040
6.62999980	-1.50621300	-1.29183100
6.63999980	-1.50621300	-1.29183100
6.64999980	-1.50621300	-1.29183100
6.65999980	-1.50621300	-1.29183100
6.66999980	-1.59479600	-1.29183100
6.67999980	-1.59479600	-1.29183100
6.68999980	-1.59479600	-1.29183100
6.69999980	-1.59479600	-0.86122040
6.70999980	-1.59479600	-1.29183100
6.71999980	-1.59479600	-1.29183100
6.72999980	-1.59479600	-1.29183100
6.73999980	-1.59479600	-1.29183100
6.74999980	-1.59479600	-1.29183100
6.75999980	-1.68337800	-1.29183100
6.76999980	-1.68337800	-1.29183100
6.77999980	-1.68337800	-1.29183100
6.78999980	-1.68337800	-1.29183100
6.79999980	-1.68337800	-1.29183100
6.80999980	-1.68337800	-1.29183100
6.81999979	-1.68337800	-1.29183100
6.82999979	-1.68337800	-1.29183100
6.83999979	-1.68337800	-1.29183100
6.84999979	-1.77196100	-1.29183100
6.85999979	-1.77196100	-1.29183100
6.86999979	-1.77196100	-1.29183100
6.87999979	-1.77196100	-1.29183100
6.88999979	-1.77196100	-1.29183100
6.89999979	-1.77196100	-1.29183100
6.90999979	-1.77196100	-1.29183100
6.91999979	-1.77196100	-1.72397900
6.92999979	-1.77196100	-1.29183100
6.93999979	-1.77196100	-1.29183100
6.94999979	-1.77196100	-1.72397900
6.95999979	-1.86054400	-1.29183100
6.96999979	-1.86054400	-1.72397900
6.97999979	-1.86054400	-1.72397900
6.98999979	-1.86054400	-1.72397900
6.99999979	-1.86054400	-1.72397900
7.00999979	-1.86054400	-1.29183100
7.01999979	-1.86054400	-1.72397900
7.02999979	-1.86054400	-1.72397900
7.03999979	-1.94912600	-1.72397900
7.04999979	-1.94912600	-1.72397900
7.05999979	-1.94912600	-1.29183100
7.06999979	-1.94912600	-1.72397900
7.07999979	-1.94912600	-1.72397900
7.08999979	-1.94912600	-1.72397900
7.09999979	-1.94912600	-1.72397900
7.10999979	-1.94912600	-1.72397900
7.11999979	-1.94912600	-1.72397900
7.12999979	-1.94912600	-1.72397900
7.13999979	-1.94912600	-1.72397900
7.14999979	-2.03770900	-1.72397900
7.15999979	-2.03770900	-1.72397900
7.16999979	-2.03770900	-1.72397900
7.17999979	-2.03770900	-1.29183100
7.18999979	-2.03770900	-1.29183100
7.19999979	-2.03770900	-1.72397900
7.20999979	-2.03770900	-1.29183100
7.21999978	-2.03770900	-1.72397900
7.22999978	-2.12659900	-1.72397900
7.23999978	-2.12659900	-1.72397900
7.24999978	-2.12659900	-1.29183100
7.25999978	-2.12659900	-1.72397900
7.26999978	-2.03770900	-1.72397900
7.27999978	-2.12659900	-1.29183100
7.28999978	-2.12659900	-1.72397900
7.29999978	-2.12659900	-1.29183100
7.30999978	-2.12659900	-1.72397900
7.31999978	-2.12659900	-1.29183100
7.32999978	-2.21518200	-1.29183100
7.33999978	-2.12659900	-1.29183100
7.34999978	-2.21518200	-1.29183100
7.35999978	-2.12659900	-1.72397900
7.36999978	-2.21518200	-1.29183100
7.37999978	-2.21518200	-1.29183100
7.38999978	-2.21518200	-1.29183100
7.39999978	-2.21518200	-1.29183100
7.40999978	-2.21518200	-1.29183100
7.41999978	-2.21518200	-1.29183100
7.42999978	-2.21518200	-1.29183100
7.43999978	-2.21518200	-1.29183100
7.44999978	-2.30376500	-1.29183100
7.45999978	-2.30376500	-1.29183100
7.46999978	-2.30376500	-1.29183100
7.47999978	-2.30376500	-0.86122040
7.48999978	-2.30376500	-1.29183100
7.49999978	-2.30376500	-0.86122040
7.50999978	-2.30376500	-0.86122040
7.51999978	-2.30376500	-1.29183100
7.52999978	-2.30376500	-1.29183100
7.53999978	-2.21518200	-1.29183100
7.54999978	-2.21518200	-0.86122040
7.55999978	-2.21518200	-1.29183100
7.56999978	-2.21518200	-0.86122040
7.57999978	-2.21518200	-0.86122040
7.58999978	-2.21518200	-0.86122040
7.59999978	-2.21518200	-0.86122040
7.60999978	-2.21518200	-0.86122040
7.61999977	-2.21518200	-0.43061020
7.62999977	-2.21518200	-0.86122040
7.63999977	-2.12659900	-0.86122040
7.64999977	-2.12659900	-0.43061020
7.65999977	-2.12659900	-0.43061020
7.66999977	-2.12659900	-0.43061020
7.67999977	-2.12659900	-0.43061020
7.68999977	-2.12659900	-0.43061020
7.69999977	-2.12659900	-0.43061020
7.70999977	-2.12659900	-0.43061020
7.71999977	-2.12659900	-0.43061020
7.72999977	-2.03770900	-0.43061020
7.73999977	-2.12659900	0.00000000
7.74999977	-2.03770900	-0.43061020
7.75999977	-2.03770900	0.00000000
7.76999977	-2.03770900	-0.43061020
7.77999977	-2.03770900	-0.43061020
7.78999977	-2.03770900	0.00000000
7.79999977	-2.03770900	-0.43061020
7.80999977	-2.03770900	-0.43061020
7.81999977	-1.94912600	0.00000000
7.82999977	-2.03770900	-0.43061020
7.83999977	-1.94912600	0.00000000
7.84999977	-1.94912600	0.00000000
7.85999977	-1.94912600	0.00000000
7.86999977	-1.94912600	0.00000000
7.87999977	-1.94912600	0.00000000
7.88999977	-1.94912600	0.00000000
7.89999977	-1.94912600	0.00000000
7.90999977	-1.94912600	0.00000000
7.91999977	-1.94912600	0.00000000
7.92999977	-1.94912600	0.00000000
7.93999977	-1.86054400	0.43061020
7.94999977	-1.86054400	0.00000000
7.95999977	-1.86054400	0.00000000
7.96999977	-1.86054400	0.43061020
7.97999977	-1.86054400	0.00000000
7.98999977	-1.86054400	0.43061020
7.99999977	-1.86054400	0.43061020
8.00999976	-1.86054400	0.43061020
8.01999976	-1.77196100	0.43061020
8.02999976	-1.86054400	0.43061020
8.03999976	-1.77196100	0.43061020
8.04999976	-1.77196100	0.43061020
8.05999976	-1.77196100	0.43061020
8.06999976	-1.77196100	0.43061020
8.07999976	-1.77196100	0.43061020
8.08999976	-1.77196100	0.43061020
8.09999976	-1.77196100	0.43061020
8.10999976	-1.77196100	0.43061020
8.11999976	-1.77196100	0.43061020
8.12999976	-1.77196100	0.43061020
8.13999976	-1.68337800	0.43061020
8.14999976	-1.68337800	0.43061020
8.15999976	-1.68337800	0.43061020
8.16999976	-1.68337800	0.43061020
8.17999976	-1.68337800	0.86122040
8.18999976	-1.68337800	0.43061020
8.19999976	-1.68337800	0.43061020
8.20999976	-1.68337800	0.43061020
8.21999976	-1.68337800	0.43061020
8.22999976	-1.59479600	0.43061020
8.23999976	-1.59479600	0.43061020
8.24999976	-1.59479600	0.43061020
8.25999976	-1.59479600	0.43061020
8.26999976	-1.59479600	0.86122040
8.27999976	-1.59479600	0.43061020
8.28999976	-1.59479600	0.43061020
8.29999976	-1.59479600	0.43061020
8.30999976	-1.59479600	0.43061020
8.31999976	-1.50621300	0.86122040
8.32999976	-1.50621300	0.43061020
8.33999976	-1.50621300	0.43061020
8.34999976	-1.50621300	0.86122040
8.35999976	-1.50621300	0.43061020
8.36999976	-1.50621300	0.43061020
8.37999976	-1.50621300	0.43061020
8.38999976	-1.50621300	0.43061020
8.39999976	-1.50621300	0.43061020
8.40999975	-1.50621300	0.43061020
8.41999975	-1.50621300	0.43061020
8.42999975	-1.50621300	0.43061020
8.43999975	-1.41763000	0.86122040
8.44999975	-1.41763000	0.43061020
8.45999975	-1.41763000	0.86122040
8.46999975	-1.41763000	0.43061020
8.47999975	-1.41763000	0.43061020
8.48999975	-1.41763000	0.43061020
8.49999975	-1.41763000	0.43061020
8.50999975	-1.32904800	0.43061020
8.51999975	-1.32904800	0.43061020
8.52999975	-1.32904800	0.43061020
8.53999975	-1.32904800	0.86122040
8.54999975	-1.32904800	0.43061020
8.55999975	-1.32904800	0.43061020
8.56999975	-1.32904800	0.43061020
8.57999975	-1.32904800	0.43061020
8.58999975	-1.32904800	0.43061020
8.59999975	-1.32904800	0.43061020
8.60999975	-1.24046500	0.00000000
8.61999975	-1.32904800	0.43061020
8.62999975	-1.24046500	0.00000000
8.63999975	-1.24046500	0.43061020
8.64999975	-1.24046500	0.00000000
8.65999975	-1.24046500	0.43061020
8.66999975	-1.24046500	0.43061020
8.67999975	-1.24046500	0.00000000
8.68999975	-1.24046500	0.43061020
8.69999975	-1.15188200	0.43061020
8.70999975	-1.15188200	0.43061020
8.71999975	-1.24046500	0.00000000
8.72999975	-1.15188200	0.00000000
8.73999975	-1.15188200	0.43061020
8.74999975	-1.15188200	0.43061020
8.75999975	-1.15188200	0.43061020
8.76999975	-1.15188200	0.00000000
8.77999975	-1.15188200	0.00000000
8.78999975	-1.15188200	0.43061020
8.79999974	-1.06330000	0.43061020
8.80999974	-1.06330000	0.00000000
8.81999974	-1.06330000	0.00000000
8.82999974	-1.06330000	0.00000000
8.83999974	-1.06330000	0.43061020
8.84999974	-1.06330000	0.00000000
8.85999974	-1.06330000	0.00000000
8.86999974	-1.06330000	0.43061020
8.87999974	-1.06330000	0.00000000
8.88999974	-1.06330000	0.00000000
8.89999974	-1.06330000	0.00000000
8.90999974	-1.06330000	0.00000000
8.91999974	-0.97440950	0.00000000
8.92999974	-0.97440950	0.00000000
8.93999974	-0.97440950	0.00000000
8.94999974	-0.97440950	0.00000000
8.95999974	-0.97440950	0.00000000
8.96999974	-0.97440950	0.00000000
8.97999974	-0.97440950	0.00000000
8.98999974	-0.97440950	-0.43061020
8.99999974	-0.97440950	0.00000000
9.00999974	-0.88582680	0.00000000
9.01999974	-0.88582680	0.43061020
