Frequency	Channel A	Channel B
(ms)	(V)	(mV)

-1.01000001	-1.59479600	-20.26175000
-1.00000001	-1.59479600	-20.26175000
-0.99000001	-1.50621300	-20.26175000
-0.98000001	-1.50621300	-20.26175000
-0.97000001	-1.50621300	-20.26175000
-0.96000001	-1.50621300	-20.26175000
-0.95000001	-1.50621300	-20.26175000
-0.94000001	-1.50621300	-20.26175000
-0.93000001	-1.50621300	-20.26175000
-0.92000001	-1.41763000	-20.69236000
-0.91000001	-1.41763000	-20.26175000
-0.90000001	-1.41763000	-20.26175000
-0.89000001	-1.41763000	-20.26175000
-0.88000001	-1.41763000	-20.26175000
-0.87000001	-1.32904800	-20.69236000
-0.86000001	-1.32904800	-20.26175000
-0.85000001	-1.32904800	-20.69236000
-0.84000001	-1.32904800	-20.26175000
-0.83000001	-1.32904800	-20.26175000
-0.82000001	-1.24046500	-20.26175000
-0.81000001	-1.24046500	-20.26175000
-0.80000001	-1.32904800	-20.26175000
-0.79000001	-1.24046500	-20.69236000
-0.78000001	-1.24046500	-20.26175000
-0.77000001	-1.24046500	-20.69236000
-0.76000001	-1.24046500	-20.69236000
-0.75000001	-1.15188200	-20.69236000
-0.74000001	-1.15188200	-20.69236000
-0.73000001	-1.15188200	-20.69236000
-0.72000001	-1.15188200	-20.69236000
-0.71000001	-1.15188200	-20.26175000
-0.70000002	-1.15188200	-20.69236000
-0.69000002	-1.06330000	-20.69236000
-0.68000002	-1.06330000	-20.69236000
-0.67000002	-1.06330000	-20.26175000
-0.66000002	-1.06330000	-21.12297000
-0.65000002	-1.06330000	-20.69236000
-0.64000002	-1.06330000	-20.69236000
-0.63000002	-0.97440950	-20.69236000
-0.62000002	-0.97440950	-21.12297000
-0.61000002	-0.97440950	-20.69236000
-0.60000002	-0.97440950	-20.69236000
-0.59000002	-0.97440950	-20.69236000
-0.58000002	-0.97440950	-21.12297000
-0.57000002	-0.88582680	-20.26175000
-0.56000002	-0.88582680	-20.69236000
-0.55000002	-0.88582680	-20.69236000
-0.54000002	-0.88582680	-20.26175000
-0.53000002	-0.88582680	-20.69236000
-0.52000002	-0.88582680	-20.69236000
-0.51000002	-0.79724410	-20.69236000
-0.50000002	-0.79724410	-21.12297000
-0.49000002	-0.79724410	-21.12297000
-0.48000002	-0.79724410	-20.69236000
-0.47000002	-0.79724410	-20.69236000
-0.46000002	-0.79724410	-21.12297000
-0.45000002	-0.70866140	-20.69236000
-0.44000002	-0.70866140	-21.12297000
-0.43000002	-0.70866140	-21.12297000
-0.42000002	-0.70866140	-20.69236000
-0.41000002	-0.70866140	-20.69236000
-0.40000002	-0.62007870	-21.12297000
-0.39000002	-0.62007870	-21.12297000
-0.38000002	-0.62007870	-20.69236000
-0.37000002	-0.62007870	-20.69236000
-0.36000002	-0.62007870	-21.12297000
-0.35000002	-0.53149600	-21.12297000
-0.34000002	-0.62007870	-20.69236000
-0.33000002	-0.53149600	-20.69236000
-0.32000002	-0.53149600	-21.12297000
-0.31000002	-0.53149600	-21.12297000
-0.30000003	-0.53149600	-21.12297000
-0.29000003	-0.44291340	-20.69236000
-0.28000003	-0.44291340	-21.12297000
-0.27000003	-0.44291340	-21.12297000
-0.26000003	-0.44291340	-21.12297000
-0.25000003	-0.44291340	-21.12297000
-0.24000003	-0.44291340	-20.69236000
-0.23000003	-0.44291340	-21.12297000
-0.22000003	-0.35433070	-20.69236000
-0.21000003	-0.35433070	-21.12297000
-0.20000003	-0.35433070	-21.12297000
-0.19000003	-0.35433070	-21.12297000
-0.18000003	-0.35433070	-21.12297000
-0.17000003	-0.35433070	-21.12297000
-0.16000003	-0.35433070	-21.12297000
-0.15000003	-0.26574800	-21.12297000
-0.14000003	-0.26574800	-21.12297000
-0.13000003	-0.26574800	-21.12297000
-0.12000003	-0.26574800	-21.12297000
-0.11000003	-0.26574800	-20.69236000
-0.10000003	-0.17716540	-20.69236000
-0.09000003	-0.17716540	-21.12297000
-0.08000003	-0.17716540	-21.12297000
-0.07000003	-0.17716540	-21.12297000
-0.06000003	-0.17716540	-21.12297000
-0.05000003	-0.08858268	-21.12297000
-0.04000003	-0.08858268	-21.55512000
-0.03000003	-0.08858268	-21.55512000
-0.02000003	-0.08858268	-21.12297000
-0.01000003	-0.08858268	-21.12297000
-0.00000003	0.00000000	-21.12297000
0.00999997	0.00000000	-21.12297000
0.01999997	0.00000000	-21.12297000
0.02999997	0.00000000	-21.12297000
0.03999997	0.00000000	-21.12297000
0.04999997	0.00000000	-21.12297000
0.05999997	0.08858268	-20.69236000
0.06999997	0.08858268	-20.69236000
0.07999997	0.08858268	-21.12297000
0.08999996	0.17716540	-20.69236000
0.09999996	0.17716540	-20.69236000
0.10999996	0.17716540	-20.69236000
0.11999996	0.17716540	-20.69236000
0.12999996	0.17716540	-20.26175000
0.13999996	0.17716540	-20.26175000
0.14999996	0.26574800	-19.82960000
0.15999996	0.26574800	-19.39899000
0.16999996	0.26574800	-19.82960000
0.17999996	0.26574800	-19.39899000
0.18999996	0.35433070	-18.53623000
0.19999996	0.35433070	-18.10562000
0.20999996	0.35433070	-18.10562000
0.21999996	0.35433070	-17.67501000
0.22999996	0.35433070	-17.24286000
0.23999996	0.44291340	-16.81225000
0.24999996	0.44291340	-16.38164000
0.25999996	0.44291340	-15.94949000
0.26999996	0.44291340	-15.51888000
0.27999996	0.44291340	-14.65613000
0.28999996	0.44291340	-14.22552000
0.29999996	0.53149600	-13.79491000
0.30999996	0.53149600	-13.36276000
0.31999996	0.53149600	-12.50154000
0.32999996	0.53149600	-11.63878000
0.33999996	0.62007870	-11.20817000
0.34999996	0.62007870	-10.77756000
0.35999996	0.62007870	-9.91480000
0.36999996	0.62007870	-9.05204100
0.37999996	0.62007870	-8.19082200
0.38999996	0.70866140	-7.75867300
0.39999996	0.70866140	-6.89745300
0.40999996	0.70866140	-6.03469500
0.41999996	0.70866140	-5.60408400
0.42999996	0.70866140	-4.74132600
0.43999996	0.79724410	-4.31071600
0.44999996	0.79724410	-3.01734700
0.45999996	0.79724410	-2.58519900
0.46999996	0.79724410	-1.72397900
0.47999996	0.88582680	-1.29183100
0.48999995	0.88582680	0.00000000
0.49999995	0.88582680	0.43061020
0.50999995	0.88582680	1.29183100
0.51999995	0.88582680	2.15458900
0.52999995	0.88582680	3.01734700
0.53999995	0.97440950	3.44795700
0.54999995	0.97440950	4.31071600
0.55999995	0.97440950	5.17193600
0.56999995	0.97440950	5.60408400
0.57999995	0.97440950	6.46530500
0.58999995	1.06330000	7.32806300
0.59999995	1.06330000	7.75867300
0.60999995	1.06330000	8.19082200
0.61999995	1.06330000	9.05204100
0.62999995	1.15188200	9.91480000
0.63999995	1.15188200	10.34541000
0.64999995	1.15188200	11.20817000
0.65999995	1.15188200	11.63878000
0.66999995	1.15188200	12.50154000
0.67999995	1.15188200	12.93215000
0.68999995	1.15188200	13.36276000
0.69999995	1.24046500	14.22552000
0.70999995	1.24046500	14.65613000
0.71999995	1.24046500	15.51888000
0.72999995	1.32904800	15.94949000
0.73999995	1.32904800	16.38164000
0.74999995	1.32904800	16.81225000
0.75999995	1.32904800	17.24286000
0.76999995	1.32904800	18.10562000
0.77999995	1.32904800	18.53623000
0.78999995	1.41763000	18.53623000
0.79999995	1.32904800	19.39899000
0.80999995	1.41763000	19.82960000
0.81999995	1.41763000	20.26175000
0.82999995	1.50621300	20.69236000
0.83999995	1.50621300	21.12297000
0.84999995	1.50621300	21.55512000
0.85999995	1.50621300	21.55512000
0.86999995	1.50621300	21.98573000
0.87999995	1.50621300	22.41634000
0.88999994	1.59479600	22.84695000
0.89999994	1.59479600	22.84695000
0.90999994	1.59479600	23.27909000
0.91999994	1.68337800	23.70971000
0.92999994	1.68337800	23.70971000
0.93999994	1.68337800	24.14032000
0.94999994	1.68337800	24.57246000
0.95999994	1.68337800	24.57246000
0.96999994	1.68337800	24.57246000
0.97999994	1.77196100	24.57246000
0.98999994	1.77196100	25.00307000
0.99999994	1.77196100	25.00307000
1.00999994	1.77196100	25.00307000
1.01999994	1.86054400	25.43368000
1.02999994	1.77196100	25.43368000
1.03999994	1.86054400	25.43368000
1.04999994	1.86054400	25.86583000
1.05999994	1.86054400	25.43368000
1.06999994	1.86054400	25.43368000
1.07999994	1.86054400	25.43368000
1.08999994	1.94912600	25.86583000
1.09999994	1.94912600	25.43368000
1.10999994	1.94912600	25.43368000
1.11999994	1.94912600	25.00307000
1.12999994	1.94912600	25.00307000
1.13999994	1.94912600	24.57246000
1.14999994	2.03770900	25.00307000
1.15999994	2.03770900	25.00307000
1.16999994	2.12659900	24.57246000
1.17999994	2.12659900	24.57246000
1.18999994	2.12659900	24.57246000
1.19999994	2.12659900	24.14032000
1.20999994	2.12659900	23.70971000
1.21999994	2.12659900	23.27909000
1.22999994	2.21518200	23.27909000
1.23999994	2.12659900	22.84695000
1.24999994	2.21518200	22.41634000
1.25999994	2.21518200	21.98573000
1.26999994	2.30376500	21.98573000
1.27999993	2.30376500	21.55512000
1.28999993	2.30376500	20.69236000
1.29999993	2.30376500	20.69236000
1.30999993	2.30376500	20.26175000
1.31999993	2.30376500	19.82960000
1.32999993	2.39234700	19.39899000
1.33999993	2.39234700	18.96838000
1.34999993	2.39234700	18.10562000
1.35999993	2.39234700	18.10562000
1.36999993	2.48093000	17.67501000
1.37999993	2.48093000	17.24286000
1.38999993	2.39234700	16.38164000
1.39999993	2.48093000	15.51888000
1.40999993	2.48093000	15.51888000
1.41999993	2.48093000	14.65613000
1.42999993	2.56951300	14.22552000
1.43999993	2.56951300	13.79491000
1.44999993	2.56951300	13.36276000
1.45999993	2.56951300	12.93215000
1.46999993	2.56951300	12.06939000
1.47999993	2.56951300	11.63878000
1.48999993	2.65809500	11.20817000
1.49999993	2.65809500	10.34541000
1.50999993	2.65809500	9.91480000
1.51999993	2.65809500	9.48419000
1.52999993	2.74667800	9.05204100
1.53999993	2.74667800	8.62143100
1.54999993	2.74667800	8.19082200
1.55999993	2.74667800	7.75867300
1.56999993	2.74667800	7.32806300
1.57999993	2.74667800	7.32806300
1.58999993	2.83526100	6.89745300
1.59999993	2.83526100	6.46530500
1.60999993	2.83526100	6.03469500
1.61999993	2.83526100	5.60408400
1.62999993	2.83526100	5.60408400
1.63999993	2.92384300	5.60408400
1.64999993	2.92384300	5.17193600
1.65999993	2.92384300	5.60408400
1.66999993	2.92384300	5.17193600
1.67999992	2.92384300	5.60408400
1.68999992	3.01242600	5.17193600
1.69999992	3.01242600	5.17193600
1.70999992	3.01242600	5.17193600
1.71999992	3.01242600	5.60408400
1.72999992	3.10131600	5.60408400
1.73999992	3.10131600	5.60408400
1.74999992	3.10131600	6.03469500
1.75999992	3.10131600	6.46530500
1.76999992	3.10131600	6.89745300
1.77999992	3.10131600	7.32806300
1.78999992	3.10131600	7.32806300
1.79999992	3.18989900	7.75867300
1.80999992	3.18989900	8.19082200
1.81999992	3.18989900	8.62143100
1.82999992	3.27848200	9.05204100
1.83999992	3.27848200	9.48419000
1.84999992	3.27848200	9.48419000
1.85999992	3.27848200	10.77756000
1.86999992	3.27848200	11.20817000
1.87999992	3.36706400	11.63878000
1.88999992	3.36706400	12.06939000
1.89999992	3.36706400	12.50154000
1.90999992	3.36706400	12.93215000
1.91999992	3.45564700	13.79491000
1.92999992	3.36706400	14.22552000
1.93999992	3.45564700	14.65613000
1.94999992	3.45564700	15.08827000
1.95999992	3.45564700	15.51888000
1.96999992	3.45564700	16.38164000
1.97999992	3.45564700	16.81225000
1.98999992	3.54423000	17.24286000
1.99999992	3.54423000	18.10562000
2.00999992	3.54423000	18.53623000
2.01999992	3.54423000	18.96838000
2.02999992	3.54423000	19.39899000
2.03999992	3.63281300	19.82960000
2.04999992	3.63281300	20.26175000
2.05999992	3.63281300	20.69236000
2.06999991	3.63281300	21.12297000
2.07999991	3.72139500	21.55512000
2.08999991	3.72139500	21.98573000
2.09999991	3.72139500	22.41634000
2.10999991	3.72139500	22.84695000
2.11999991	3.80997800	23.27909000
2.12999991	3.80997800	23.70971000
2.13999991	3.80997800	23.70971000
2.14999991	3.80997800	24.57246000
2.15999991	3.80997800	24.57246000
2.16999991	3.80997800	25.00307000
2.17999991	3.89856100	25.00307000
2.18999991	3.89856100	25.43368000
2.19999991	3.89856100	25.86583000
2.20999991	3.89856100	25.86583000
2.21999991	3.89856100	26.29644000
2.22999991	3.89856100	26.29644000
2.23999991	3.98714300	26.29644000
2.24999991	3.98714300	26.29644000
2.25999991	3.98714300	26.72705000
2.26999991	3.98714300	26.72705000
2.27999991	3.98714300	27.15920000
2.28999991	4.07572600	26.72705000
2.29999991	4.07572600	27.15920000
2.30999991	4.07572600	27.15920000
2.31999991	4.07572600	26.72705000
2.32999991	4.16461600	27.15920000
2.33999991	4.16461600	26.72705000
2.34999991	4.16461600	27.15920000
2.35999991	4.16461600	26.72705000
2.36999991	4.16461600	26.72705000
2.37999991	4.16461600	26.29644000
2.38999991	4.25319900	26.29644000
2.39999991	4.25319900	26.29644000
2.40999991	4.25319900	25.86583000
2.41999991	4.25319900	25.86583000
2.42999991	4.25319900	25.43368000
2.43999991	4.34178200	25.43368000
2.44999991	4.34178200	25.00307000
2.45999991	4.34178200	24.57246000
2.46999990	4.34178200	24.57246000
2.47999990	4.34178200	24.14032000
2.48999990	4.43036400	23.70971000
2.49999990	4.43036400	23.70971000
2.50999990	4.43036400	22.84695000
2.51999990	4.43036400	22.84695000
2.52999990	4.43036400	22.41634000
2.53999990	4.43036400	21.98573000
2.54999990	4.43036400	21.55512000
2.55999990	4.34178200	21.12297000
2.56999990	4.34178200	20.69236000
2.57999990	4.34178200	20.26175000
2.58999990	4.34178200	19.82960000
2.59999990	4.25319900	19.39899000
2.60999990	4.25319900	18.96838000
2.61999990	4.25319900	18.53623000
2.62999990	4.25319900	18.53623000
2.63999990	4.25319900	18.10562000
2.64999990	4.25319900	18.10562000
2.65999990	4.25319900	17.24286000
2.66999990	4.16461600	16.81225000
2.67999990	4.16461600	16.81225000
2.68999990	4.07572600	16.38164000
2.69999990	4.07572600	16.81225000
2.70999990	4.16461600	16.38164000
2.71999990	4.07572600	16.38164000
2.72999990	4.07572600	15.94949000
2.73999990	4.07572600	15.94949000
2.74999990	3.98714300	15.94949000
2.75999990	4.07572600	15.94949000
2.76999990	3.98714300	15.51888000
2.77999990	3.98714300	15.94949000
2.78999990	3.98714300	15.94949000
2.79999990	3.89856100	15.94949000
2.80999990	3.89856100	15.94949000
2.81999990	3.89856100	15.94949000
2.82999990	3.89856100	15.94949000
2.83999990	3.89856100	15.94949000
2.84999990	3.89856100	15.94949000
2.85999990	3.80997800	16.38164000
2.86999989	3.80997800	16.38164000
2.87999989	3.80997800	16.81225000
2.88999989	3.80997800	16.81225000
2.89999989	3.72139500	16.81225000
2.90999989	3.72139500	17.24286000
2.91999989	3.72139500	17.24286000
2.92999989	3.72139500	17.67501000
2.93999989	3.72139500	17.67501000
2.94999989	3.72139500	18.10562000
2.95999989	3.63281300	18.53623000
2.96999989	3.63281300	18.96838000
2.97999989	3.63281300	18.96838000
2.98999989	3.54423000	19.39899000
2.99999989	3.63281300	19.82960000
3.00999989	3.54423000	19.82960000
3.01999989	3.54423000	20.26175000
3.02999989	3.54423000	20.69236000
3.03999989	3.54423000	21.12297000
3.04999989	3.54423000	21.55512000
3.05999989	3.45564700	21.55512000
3.06999989	3.45564700	21.98573000
3.07999989	3.45564700	22.41634000
3.08999989	3.45564700	22.84695000
3.09999989	3.36706400	22.84695000
3.10999989	3.36706400	23.27909000
3.11999989	3.36706400	23.27909000
3.12999989	3.36706400	24.14032000
3.13999989	3.36706400	24.57246000
3.14999989	3.27848200	24.57246000
3.15999989	3.27848200	25.00307000
3.16999989	3.27848200	25.43368000
3.17999989	3.27848200	25.43368000
3.18999989	3.27848200	25.86583000
3.19999989	3.18989900	26.29644000
3.20999989	3.18989900	26.72705000
3.21999989	3.18989900	26.72705000
3.22999989	3.18989900	27.15920000
3.23999989	3.10131600	27.15920000
3.24999989	3.18989900	27.58981000
3.25999988	3.10131600	28.02042000
3.26999988	3.10131600	28.02042000
3.27999988	3.10131600	28.02042000
3.28999988	3.10131600	28.45257000
3.29999988	3.10131600	28.88318000
3.30999988	3.01242600	29.31379000
3.31999988	3.01242600	28.88318000
3.32999988	3.01242600	29.74594000
3.33999988	3.01242600	29.74594000
3.34999988	2.92384300	29.74594000
3.35999988	2.92384300	29.74594000
3.36999988	2.92384300	30.17655000
3.37999988	2.92384300	30.17655000
3.38999988	2.83526100	30.17655000
3.39999988	2.83526100	30.60716000
3.40999988	2.83526100	30.17655000
3.41999988	2.83526100	30.17655000
3.42999988	2.83526100	30.60716000
3.43999988	2.74667800	30.60716000
3.44999988	2.83526100	30.60716000
3.45999988	2.74667800	30.60716000
3.46999988	2.74667800	30.60716000
3.47999988	2.74667800	31.03931000
3.48999988	2.74667800	30.17655000
3.49999988	2.65809500	30.60716000
3.50999988	2.65809500	30.60716000
3.51999988	2.65809500	30.60716000
3.52999988	2.65809500	30.60716000
3.53999988	2.65809500	30.17655000
3.54999988	2.56951300	30.17655000
3.55999988	2.56951300	29.74594000
3.56999988	2.56951300	29.74594000
3.57999988	2.48093000	29.74594000
3.58999988	2.56951300	29.31379000
3.59999988	2.48093000	29.31379000
3.60999988	2.48093000	28.88318000
3.61999988	2.48093000	28.45257000
3.62999988	2.48093000	28.45257000
3.63999988	2.48093000	28.45257000
3.64999988	2.39234700	28.02042000
3.65999987	2.39234700	27.58981000
3.66999987	2.39234700	27.15920000
3.67999987	2.39234700	26.72705000
3.68999987	2.39234700	26.29644000
3.69999987	2.30376500	25.86583000
3.70999987	2.30376500	25.43368000
3.71999987	2.30376500	25.00307000
3.72999987	2.30376500	25.00307000
3.73999987	2.21518200	24.57246000
3.74999987	2.21518200	23.70971000
3.75999987	2.21518200	23.27909000
3.76999987	2.21518200	22.84695000
3.77999987	2.12659900	22.41634000
3.78999987	2.12659900	21.55512000
3.79999987	2.12659900	21.12297000
3.80999987	2.12659900	20.69236000
3.81999987	2.12659900	19.82960000
3.82999987	2.12659900	19.82960000
3.83999987	2.03770900	18.96838000
3.84999987	2.03770900	18.53623000
3.85999987	2.03770900	17.67501000
3.86999987	2.03770900	16.81225000
3.87999987	2.03770900	16.81225000
3.88999987	1.94912600	15.94949000
3.89999987	1.94912600	15.51888000
3.90999987	1.94912600	15.08827000
3.91999987	1.94912600	13.79491000
3.92999987	1.86054400	13.79491000
3.93999987	1.86054400	12.93215000
3.94999987	1.86054400	12.50154000
3.95999987	1.86054400	12.06939000
3.96999987	1.86054400	11.20817000
3.97999987	1.86054400	11.20817000
3.98999987	1.77196100	10.77756000
3.99999987	1.77196100	9.91480000
4.00999987	1.77196100	9.48419000
4.01999987	1.77196100	9.05204100
4.02999987	1.77196100	8.19082200
4.03999987	1.68337800	8.19082200
4.04999986	1.68337800	7.75867300
4.05999986	1.68337800	7.32806300
4.06999986	1.68337800	7.32806300
4.07999986	1.68337800	6.89745300
4.08999986	1.59479600	6.46530500
4.09999986	1.59479600	6.89745300
4.10999986	1.59479600	6.46530500
4.11999986	1.59479600	6.03469500
4.12999986	1.50621300	6.46530500
4.13999986	1.59479600	6.03469500
4.14999986	1.50621300	6.03469500
4.15999986	1.50621300	6.46530500
4.16999986	1.50621300	6.46530500
4.17999986	1.41763000	6.46530500
4.18999986	1.41763000	6.46530500
4.19999986	1.41763000	6.89745300
4.20999986	1.41763000	7.32806300
4.21999986	1.41763000	7.32806300
4.22999986	1.32904800	7.75867300
4.23999986	1.32904800	7.75867300
4.24999986	1.32904800	8.19082200
4.25999986	1.32904800	8.62143100
4.26999986	1.32904800	8.62143100
4.27999986	1.24046500	9.05204100
4.28999986	1.24046500	9.91480000
4.29999986	1.24046500	9.91480000
4.30999986	1.24046500	10.34541000
4.31999986	1.15188200	10.77756000
4.32999986	1.15188200	11.20817000
4.33999986	1.15188200	11.63878000
4.34999986	1.15188200	12.50154000
4.35999986	1.15188200	12.93215000
4.36999986	1.06330000	12.93215000
4.37999986	1.15188200	13.79491000
4.38999986	1.06330000	14.22552000
4.39999986	1.06330000	14.65613000
4.40999986	1.06330000	15.51888000
4.41999986	0.97440950	15.51888000
4.42999986	0.97440950	16.38164000
4.43999986	0.97440950	16.38164000
4.44999985	0.97440950	17.24286000
4.45999985	0.88582680	17.67501000
4.46999985	0.97440950	18.10562000
4.47999985	0.88582680	18.53623000
4.48999985	0.88582680	18.96838000
4.49999985	0.88582680	19.39899000
4.50999985	0.88582680	19.82960000
4.51999985	0.88582680	20.69236000
4.52999985	0.79724410	20.69236000
4.53999985	0.79724410	20.69236000
4.54999985	0.79724410	21.55512000
4.55999985	0.79724410	21.55512000
4.56999985	0.70866140	22.41634000
4.57999985	0.79724410	22.41634000
4.58999985	0.70866140	22.84695000
4.59999985	0.70866140	23.27909000
4.60999985	0.70866140	23.70971000
4.61999985	0.62007870	24.14032000
4.62999985	0.70866140	24.14032000
4.63999985	0.62007870	24.57246000
4.64999985	0.62007870	24.57246000
4.65999985	0.62007870	25.00307000
4.66999985	0.53149600	25.00307000
4.67999985	0.62007870	25.00307000
4.68999985	0.53149600	25.43368000
4.69999985	0.53149600	25.43368000
4.70999985	0.53149600	25.43368000
4.71999985	0.44291340	25.43368000
4.72999985	0.44291340	25.86583000
4.73999985	0.44291340	25.86583000
4.74999985	0.44291340	25.86583000
4.75999985	0.35433070	25.86583000
4.76999985	0.35433070	25.86583000
4.77999985	0.35433070	25.86583000
4.78999985	0.35433070	25.86583000
4.79999985	0.35433070	25.43368000
4.80999985	0.26574800	25.43368000
4.81999985	0.35433070	25.43368000
4.82999985	0.26574800	25.86583000
4.83999984	0.26574800	25.43368000
4.84999984	0.26574800	25.00307000
4.85999984	0.26574800	25.00307000
4.86999984	0.17716540	25.00307000
4.87999984	0.17716540	24.57246000
4.88999984	0.17716540	24.57246000
4.89999984	0.17716540	24.14032000
4.90999984	0.17716540	23.70971000
4.91999984	0.08858268	23.70971000
4.92999984	0.08858268	22.84695000
4.93999984	0.08858268	22.84695000
4.94999984	0.08858268	22.84695000
4.95999984	0.00000000	22.41634000
4.96999984	0.00000000	21.98573000
4.97999984	0.00000000	21.55512000
4.98999984	0.00000000	21.12297000
4.99999984	0.00000000	20.69236000
5.00999984	-0.08858268	20.26175000
5.01999984	-0.08858268	19.82960000
5.02999984	-0.08858268	19.39899000
5.03999984	-0.08858268	18.96838000
5.04999984	-0.08858268	18.10562000
5.05999984	-0.08858268	17.67501000
5.06999984	-0.17716540	17.24286000
5.07999984	-0.17716540	16.81225000
5.08999984	-0.17716540	16.38164000
5.09999984	-0.17716540	15.51888000
5.10999984	-0.17716540	15.51888000
5.11999984	-0.26574800	15.08827000
5.12999984	-0.26574800	14.65613000
5.13999984	-0.26574800	13.79491000
5.14999984	-0.26574800	13.79491000
5.15999984	-0.26574800	12.93215000
5.16999984	-0.35433070	12.50154000
5.17999984	-0.26574800	12.06939000
5.18999984	-0.35433070	11.63878000
5.19999984	-0.35433070	11.20817000
5.20999984	-0.35433070	10.77756000
5.21999984	-0.35433070	10.34541000
5.22999984	-0.44291340	10.34541000
5.23999983	-0.44291340	9.48419000
5.24999983	-0.44291340	9.05204100
5.25999983	-0.44291340	9.05204100
5.26999983	-0.44291340	8.19082200
5.27999983	-0.44291340	7.75867300
5.28999983	-0.44291340	7.75867300
5.29999983	-0.53149600	6.89745300
5.30999983	-0.53149600	6.46530500
5.31999983	-0.53149600	6.03469500
5.32999983	-0.53149600	6.03469500
5.33999983	-0.53149600	5.60408400
5.34999983	-0.62007870	4.74132600
5.35999983	-0.62007870	4.74132600
5.36999983	-0.62007870	4.31071600
5.37999983	-0.62007870	4.31071600
5.38999983	-0.62007870	3.44795700
5.39999983	-0.62007870	3.44795700
5.40999983	-0.70866140	2.58519900
5.41999983	-0.70866140	2.58519900
5.42999983	-0.70866140	1.72397900
5.43999983	-0.70866140	2.15458900
5.44999983	-0.70866140	1.72397900
5.45999983	-0.79724410	0.86122040
5.46999983	-0.70866140	0.86122040
5.47999983	-0.79724410	0.43061020
5.48999983	-0.79724410	0.00000000
5.49999983	-0.79724410	-0.43061020
5.50999983	-0.79724410	-0.86122040
5.51999983	-0.79724410	-0.86122040
5.52999983	-0.79724410	-1.29183100
5.53999983	-0.88582680	-1.29183100
5.54999983	-0.88582680	-1.72397900
5.55999983	-0.88582680	-2.15458900
5.56999983	-0.88582680	-2.58519900
5.57999983	-0.97440950	-2.58519900
5.58999983	-0.88582680	-3.01734700
5.59999983	-0.97440950	-3.44795700
5.60999983	-0.97440950	-3.87856800
5.61999983	-0.97440950	-3.87856800
5.62999983	-0.97440950	-4.31071600
5.63999982	-1.06330000	-4.31071600
5.64999982	-1.06330000	-4.74132600
5.65999982	-1.06330000	-4.74132600
5.66999982	-1.06330000	-5.17193600
5.67999982	-1.06330000	-5.60408400
5.68999982	-1.06330000	-5.60408400
5.69999982	-1.15188200	-6.03469500
5.70999982	-1.15188200	-6.03469500
5.71999982	-1.15188200	-6.46530500
5.72999982	-1.15188200	-6.89745300
5.73999982	-1.15188200	-6.89745300
5.74999982	-1.15188200	-7.32806300
5.75999982	-1.15188200	-7.75867300
5.76999982	-1.24046500	-7.75867300
5.77999982	-1.24046500	-7.75867300
5.78999982	-1.24046500	-8.19082200
5.79999982	-1.24046500	-8.19082200
5.80999982	-1.24046500	-8.62143100
5.81999982	-1.32904800	-9.05204100
5.82999982	-1.32904800	-9.05204100
5.83999982	-1.32904800	-9.48419000
5.84999982	-1.32904800	-9.48419000
5.85999982	-1.32904800	-9.91480000
5.86999982	-1.32904800	-9.91480000
5.87999982	-1.41763000	-10.34541000
5.88999982	-1.41763000	-10.34541000
5.89999982	-1.41763000	-10.77756000
5.90999982	-1.41763000	-10.77756000
5.91999982	-1.50621300	-10.77756000
5.92999982	-1.41763000	-11.20817000
5.93999982	-1.50621300	-11.20817000
5.94999982	-1.50621300	-11.63878000
5.95999982	-1.50621300	-11.63878000
5.96999982	-1.50621300	-12.06939000
5.97999982	-1.50621300	-12.06939000
5.98999982	-1.50621300	-12.06939000
5.99999982	-1.50621300	-12.50154000
6.00999982	-1.59479600	-12.50154000
6.01999982	-1.59479600	-12.93215000
6.02999981	-1.59479600	-12.93215000
6.03999981	-1.59479600	-12.93215000
6.04999981	-1.68337800	-13.36276000
6.05999981	-1.68337800	-13.36276000
6.06999981	-1.68337800	-13.79491000
6.07999981	-1.68337800	-13.36276000
6.08999981	-1.68337800	-13.79491000
6.09999981	-1.68337800	-14.22552000
6.10999981	-1.77196100	-14.22552000
6.11999981	-1.77196100	-14.22552000
6.12999981	-1.77196100	-14.65613000
6.13999981	-1.77196100	-14.65613000
6.14999981	-1.77196100	-14.22552000
6.15999981	-1.77196100	-14.65613000
6.16999981	-1.77196100	-15.08827000
6.17999981	-1.86054400	-15.08827000
6.18999981	-1.86054400	-15.08827000
6.19999981	-1.86054400	-15.51888000
6.20999981	-1.86054400	-15.94949000
6.21999981	-1.94912600	-15.51888000
6.22999981	-1.94912600	-15.51888000
6.23999981	-1.94912600	-16.38164000
6.24999981	-1.94912600	-15.94949000
6.25999981	-1.94912600	-15.94949000
6.26999981	-2.03770900	-16.38164000
6.27999981	-2.03770900	-16.38164000
6.28999981	-1.94912600	-16.38164000
6.29999981	-2.03770900	-16.81225000
6.30999981	-2.03770900	-16.81225000
6.31999981	-2.03770900	-16.81225000
6.32999981	-2.03770900	-16.81225000
6.33999981	-2.03770900	-16.81225000
6.34999981	-2.12659900	-17.24286000
6.35999981	-2.12659900	-17.24286000
6.36999981	-2.12659900	-17.24286000
6.37999981	-2.12659900	-17.24286000
6.38999981	-2.12659900	-17.67501000
6.39999981	-2.12659900	-17.67501000
6.40999981	-2.21518200	-17.67501000
6.41999981	-2.21518200	-17.67501000
6.42999980	-2.21518200	-18.10562000
6.43999980	-2.21518200	-17.67501000
6.44999980	-2.21518200	-18.10562000
6.45999980	-2.21518200	-18.10562000
6.46999980	-2.30376500	-18.10562000
6.47999980	-2.30376500	-18.10562000
6.48999980	-2.30376500	-18.53623000
6.49999980	-2.30376500	-18.53623000
6.50999980	-2.30376500	-18.53623000
6.51999980	-2.39234700	-18.53623000
6.52999980	-2.39234700	-18.53623000
6.53999980	-2.39234700	-18.96838000
6.54999980	-2.39234700	-18.53623000
6.55999980	-2.39234700	-18.96838000
6.56999980	-2.39234700	-18.96838000
6.57999980	-2.48093000	-18.96838000
6.58999980	-2.48093000	-18.96838000
6.59999980	-2.48093000	-18.96838000
6.60999980	-2.48093000	-19.39899000
6.61999980	-2.48093000	-19.39899000
6.62999980	-2.48093000	-19.39899000
6.63999980	-2.48093000	-19.39899000
6.64999980	-2.56951300	-19.39899000
6.65999980	-2.56951300	-19.39899000
6.66999980	-2.56951300	-19.39899000
6.67999980	-2.56951300	-19.39899000
6.68999980	-2.65809500	-19.39899000
6.69999980	-2.65809500	-19.39899000
6.70999980	-2.65809500	-19.82960000
6.71999980	-2.65809500	-19.39899000
6.72999980	-2.65809500	-19.82960000
6.73999980	-2.65809500	-19.82960000
6.74999980	-2.65809500	-19.39899000
6.75999980	-2.74667800	-19.82960000
6.76999980	-2.74667800	-19.82960000
6.77999980	-2.74667800	-19.82960000
6.78999980	-2.74667800	-20.26175000
6.79999980	-2.74667800	-20.26175000
6.80999980	-2.74667800	-20.26175000
6.81999979	-2.83526100	-20.26175000
6.82999979	-2.83526100	-20.69236000
6.83999979	-2.83526100	-20.26175000
6.84999979	-2.83526100	-20.26175000
6.85999979	-2.83526100	-20.69236000
6.86999979	-2.83526100	-20.26175000
6.87999979	-2.92384300	-20.26175000
6.88999979	-2.92384300	-20.26175000
6.89999979	-2.92384300	-20.69236000
6.90999979	-2.92384300	-20.26175000
6.91999979	-2.92384300	-20.69236000
6.92999979	-2.92384300	-20.69236000
6.93999979	-2.92384300	-20.69236000
6.94999979	-3.01242600	-20.69236000
6.95999979	-3.01242600	-20.69236000
6.96999979	-3.01242600	-20.69236000
6.97999979	-3.10131600	-20.69236000
6.98999979	-3.01242600	-20.69236000
6.99999979	-3.10131600	-20.69236000
7.00999979	-3.10131600	-21.12297000
7.01999979	-3.10131600	-21.12297000
7.02999979	-3.10131600	-21.12297000
7.03999979	-3.10131600	-21.12297000
7.04999979	-3.10131600	-21.12297000
7.05999979	-3.18989900	-21.12297000
7.06999979	-3.18989900	-21.12297000
7.07999979	-3.18989900	-21.55512000
7.08999979	-3.18989900	-21.55512000
7.09999979	-3.18989900	-21.12297000
7.10999979	-3.18989900	-21.12297000
7.11999979	-3.18989900	-21.12297000
7.12999979	-3.27848200	-21.12297000
7.13999979	-3.27848200	-21.12297000
7.14999979	-3.27848200	-21.55512000
7.15999979	-3.27848200	-21.55512000
7.16999979	-3.27848200	-21.55512000
7.17999979	-3.27848200	-21.55512000
7.18999979	-3.36706400	-21.12297000
7.19999979	-3.36706400	-21.55512000
7.20999979	-3.36706400	-21.55512000
7.21999978	-3.36706400	-21.55512000
7.22999978	-3.45564700	-21.98573000
7.23999978	-3.45564700	-21.55512000
7.24999978	-3.45564700	-21.55512000
7.25999978	-3.45564700	-21.55512000
7.26999978	-3.45564700	-21.55512000
7.27999978	-3.45564700	-21.98573000
7.28999978	-3.45564700	-21.98573000
7.29999978	-3.54423000	-21.55512000
7.30999978	-3.54423000	-21.98573000
7.31999978	-3.54423000	-21.98573000
7.32999978	-3.54423000	-21.98573000
7.33999978	-3.54423000	-21.98573000
7.34999978	-3.54423000	-21.98573000
7.35999978	-3.63281300	-21.98573000
7.36999978	-3.63281300	-21.98573000
7.37999978	-3.63281300	-21.98573000
7.38999978	-3.63281300	-22.41634000
7.39999978	-3.63281300	-21.98573000
7.40999978	-3.72139500	-21.98573000
7.41999978	-3.63281300	-21.98573000
7.42999978	-3.72139500	-21.98573000
7.43999978	-3.72139500	-22.41634000
7.44999978	-3.72139500	-21.98573000
7.45999978	-3.72139500	-21.98573000
7.46999978	-3.72139500	-21.98573000
7.47999978	-3.72139500	-22.41634000
7.48999978	-3.80997800	-22.41634000
7.49999978	-3.72139500	-22.41634000
7.50999978	-3.72139500	-21.98573000
7.51999978	-3.72139500	-21.98573000
7.52999978	-3.72139500	-21.98573000
7.53999978	-3.63281300	-21.98573000
7.54999978	-3.72139500	-22.41634000
7.55999978	-3.72139500	-22.41634000
7.56999978	-3.63281300	-21.98573000
7.57999978	-3.63281300	-22.41634000
7.58999978	-3.63281300	-21.98573000
7.59999978	-3.63281300	-21.98573000
7.60999978	-3.54423000	-22.41634000
7.61999977	-3.54423000	-22.41634000
7.62999977	-3.54423000	-22.41634000
7.63999977	-3.54423000	-21.98573000
7.64999977	-3.54423000	-22.41634000
7.65999977	-3.54423000	-22.41634000
7.66999977	-3.45564700	-21.98573000
7.67999977	-3.45564700	-21.98573000
7.68999977	-3.45564700	-22.41634000
7.69999977	-3.45564700	-22.41634000
7.70999977	-3.45564700	-22.41634000
7.71999977	-3.45564700	-22.41634000
7.72999977	-3.45564700	-22.41634000
7.73999977	-3.36706400	-22.41634000
7.74999977	-3.36706400	-21.98573000
7.75999977	-3.36706400	-21.98573000
7.76999977	-3.36706400	-22.41634000
7.77999977	-3.27848200	-22.41634000
7.78999977	-3.36706400	-22.41634000
7.79999977	-3.27848200	-22.84695000
7.80999977	-3.27848200	-22.41634000
7.81999977	-3.27848200	-22.41634000
7.82999977	-3.27848200	-22.41634000
7.83999977	-3.18989900	-22.41634000
7.84999977	-3.18989900	-22.41634000
7.85999977	-3.18989900	-22.41634000
7.86999977	-3.18989900	-22.41634000
7.87999977	-3.18989900	-22.41634000
7.88999977	-3.18989900	-21.98573000
7.89999977	-3.10131600	-22.41634000
7.90999977	-3.10131600	-22.41634000
7.91999977	-3.10131600	-22.41634000
7.92999977	-3.10131600	-22.41634000
7.93999977	-3.10131600	-22.41634000
7.94999977	-3.01242600	-22.41634000
7.95999977	-3.10131600	-22.84695000
7.96999977	-3.01242600	-22.41634000
7.97999977	-3.10131600	-22.84695000
7.98999977	-3.01242600	-22.41634000
7.99999977	-3.01242600	-22.41634000
8.00999976	-3.01242600	-22.41634000
8.01999976	-2.92384300	-22.41634000
8.02999976	-3.01242600	-22.41634000
8.03999976	-2.92384300	-22.41634000
8.04999976	-2.92384300	-22.41634000
8.05999976	-2.92384300	-22.41634000
8.06999976	-2.92384300	-22.84695000
8.07999976	-2.83526100	-22.41634000
8.08999976	-2.83526100	-22.41634000
8.09999976	-2.83526100	-22.41634000
8.10999976	-2.83526100	-22.84695000
8.11999976	-2.83526100	-22.41634000
8.12999976	-2.83526100	-22.41634000
8.13999976	-2.74667800	-22.41634000
8.14999976	-2.74667800	-22.41634000
8.15999976	-2.74667800	-22.84695000
8.16999976	-2.74667800	-22.41634000
8.17999976	-2.74667800	-21.98573000
8.18999976	-2.74667800	-22.41634000
8.19999976	-2.65809500	-22.84695000
8.20999976	-2.65809500	-22.84695000
8.21999976	-2.65809500	-22.41634000
8.22999976	-2.65809500	-22.41634000
8.23999976	-2.65809500	-22.41634000
8.24999976	-2.56951300	-22.41634000
8.25999976	-2.56951300	-22.41634000
8.26999976	-2.56951300	-22.41634000
8.27999976	-2.56951300	-22.41634000
8.28999976	-2.56951300	-22.41634000
8.29999976	-2.56951300	-22.41634000
8.30999976	-2.48093000	-22.41634000
8.31999976	-2.48093000	-22.84695000
8.32999976	-2.48093000	-22.41634000
8.33999976	-2.48093000	-22.41634000
8.34999976	-2.48093000	-22.41634000
8.35999976	-2.48093000	-22.41634000
8.36999976	-2.39234700	-22.41634000
8.37999976	-2.39234700	-22.41634000
8.38999976	-2.39234700	-22.41634000
8.39999976	-2.39234700	-22.41634000
8.40999975	-2.39234700	-22.84695000
8.41999975	-2.30376500	-22.41634000
8.42999975	-2.30376500	-22.41634000
8.43999975	-2.30376500	-22.41634000
8.44999975	-2.30376500	-22.41634000
8.45999975	-2.30376500	-21.98573000
8.46999975	-2.30376500	-22.41634000
8.47999975	-2.30376500	-22.41634000
8.48999975	-2.30376500	-22.41634000
8.49999975	-2.21518200	-22.41634000
8.50999975	-2.21518200	-22.41634000
8.51999975	-2.21518200	-22.41634000
8.52999975	-2.21518200	-22.41634000
8.53999975	-2.21518200	-21.98573000
8.54999975	-2.21518200	-22.41634000
8.55999975	-2.12659900	-22.41634000
8.56999975	-2.12659900	-22.41634000
8.57999975	-2.12659900	-22.41634000
8.58999975	-2.12659900	-22.41634000
8.59999975	-2.12659900	-22.41634000
8.60999975	-2.03770900	-22.41634000
8.61999975	-2.12659900	-22.41634000
8.62999975	-2.03770900	-22.41634000
8.63999975	-2.03770900	-22.41634000
8.64999975	-2.03770900	-21.98573000
8.65999975	-2.03770900	-21.98573000
8.66999975	-1.94912600	-22.41634000
8.67999975	-1.94912600	-21.98573000
8.68999975	-1.94912600	-22.41634000
8.69999975	-1.94912600	-21.98573000
8.70999975	-1.94912600	-22.41634000
8.71999975	-1.86054400	-21.98573000
8.72999975	-1.86054400	-22.41634000
8.73999975	-1.86054400	-21.98573000
8.74999975	-1.86054400	-21.98573000
8.75999975	-1.86054400	-21.98573000
8.76999975	-1.86054400	-21.98573000
8.77999975	-1.86054400	-21.98573000
8.78999975	-1.77196100	-21.98573000
8.79999974	-1.77196100	-21.98573000
8.80999974	-1.77196100	-21.98573000
8.81999974	-1.77196100	-21.98573000
8.82999974	-1.77196100	-21.98573000
8.83999974	-1.77196100	-21.98573000
8.84999974	-1.68337800	-21.98573000
8.85999974	-1.68337800	-21.98573000
8.86999974	-1.68337800	-21.98573000
8.87999974	-1.68337800	-21.98573000
8.88999974	-1.68337800	-21.98573000
8.89999974	-1.59479600	-21.98573000
8.90999974	-1.59479600	-21.98573000
8.91999974	-1.59479600	-21.98573000
8.92999974	-1.59479600	-21.98573000
8.93999974	-1.59479600	-21.98573000
8.94999974	-1.59479600	-21.98573000
8.95999974	-1.50621300	-21.98573000
8.96999974	-1.59479600	-21.55512000
8.97999974	-1.50621300	-21.98573000
8.98999974	-1.50621300	-21.98573000
8.99999974	-1.50621300	-21.98573000
9.00999974	-1.50621300	-21.98573000
9.01999974	-1.50621300	-21.55512000
