Frequency	Channel A	Channel B
(ms)	(V)	(mV)

0.00000000	-2.65824900	-34.48726000
0.01000000	-2.65824900	-34.91787000
0.02000000	-2.65824900	-34.91787000
0.03000000	-2.61395800	-34.48726000
0.04000000	-2.61395800	-34.48726000
0.05000000	-2.61395800	-34.48726000
0.06000000	-2.61395800	-34.48726000
0.07000000	-2.61395800	-34.48726000
0.08000000	-2.56951300	-34.48726000
0.09000000	-2.52522100	-34.05666000
0.10000000	-2.56951300	-34.05666000
0.11000000	-2.52522100	-34.05666000
0.12000000	-2.52522100	-34.05666000
0.13000000	-2.52522100	-34.48726000
0.14000000	-2.48093000	-34.05666000
0.15000000	-2.52522100	-34.05666000
0.16000000	-2.48093000	-34.05666000
0.17000000	-2.52522100	-33.62450000
0.18000000	-2.48093000	-34.05666000
0.19000000	-2.48093000	-34.05666000
0.19999999	-2.43663900	-34.05666000
0.20999999	-2.43663900	-34.05666000
0.21999999	-2.43663900	-34.05666000
0.22999999	-2.43663900	-33.62450000
0.23999999	-2.39234700	-33.62450000
0.24999999	-2.43663900	-33.62450000
0.25999999	-2.39234700	-33.62450000
0.26999999	-2.39234700	-33.62450000
0.27999999	-2.39234700	-33.62450000
0.28999999	-2.34805600	-33.62450000
0.29999999	-2.34805600	-33.62450000
0.30999999	-2.30376500	-33.62450000
0.31999999	-2.30376500	-33.19390000
0.32999999	-2.30376500	-33.19390000
0.33999999	-2.30376500	-33.19390000
0.34999999	-2.30376500	-33.19390000
0.35999999	-2.25947300	-33.19390000
0.36999999	-2.25947300	-33.19390000
0.37999999	-2.25947300	-33.19390000
0.38999999	-2.21518200	-33.19390000
0.39999999	-2.25947300	-33.19390000
0.40999999	-2.21518200	-33.19390000
0.41999999	-2.17089100	-32.76329000
0.42999999	-2.21518200	-33.19390000
0.43999999	-2.21518200	-32.76329000
0.44999999	-2.17089100	-32.76329000
0.45999999	-2.17089100	-33.19390000
0.46999999	-2.17089100	-32.76329000
0.47999999	-2.12659900	-32.76329000
0.48999999	-2.17089100	-32.76329000
0.49999999	-2.12659900	-32.33268000
0.50999999	-2.12659900	-32.33268000
0.51999999	-2.08230800	-32.33268000
0.52999999	-2.08230800	-32.33268000
0.53999999	-2.08230800	-32.76329000
0.54999999	-2.08230800	-32.76329000
0.55999999	-2.03786300	-32.33268000
0.56999999	-2.03786300	-32.33268000
0.57999999	-2.03786300	-32.33268000
0.58999999	-2.03786300	-32.33268000
0.59999998	-1.99357200	-31.90053000
0.60999998	-1.99357200	-31.90053000
0.61999998	-1.99357200	-32.33268000
0.62999998	-1.99357200	-31.90053000
0.63999998	-1.94928000	-31.90053000
0.64999998	-1.99357200	-31.90053000
0.65999998	-1.94928000	-31.90053000
0.66999998	-1.94928000	-31.90053000
0.67999998	-1.90498900	-31.90053000
0.68999998	-1.90498900	-31.90053000
0.69999998	-1.90498900	-31.46992000
0.70999998	-1.86069800	-31.46992000
0.71999998	-1.86069800	-31.46992000
0.72999998	-1.86069800	-31.46992000
0.73999998	-1.86069800	-31.46992000
0.74999998	-1.86069800	-31.46992000
0.75999998	-1.86069800	-31.46992000
0.76999998	-1.86069800	-31.46992000
0.77999998	-1.81640600	-31.03931000
0.78999998	-1.81640600	-31.03931000
0.79999998	-1.81640600	-31.03931000
0.80999998	-1.81640600	-31.03931000
0.81999998	-1.77211500	-31.03931000
0.82999998	-1.77211500	-31.46992000
0.83999998	-1.77211500	-31.03931000
0.84999998	-1.77211500	-31.03931000
0.85999998	-1.72782400	-31.03931000
0.86999998	-1.72782400	-31.03931000
0.87999998	-1.68353200	-31.03931000
0.88999998	-1.68353200	-30.60716000
0.89999998	-1.68353200	-30.60716000
0.90999998	-1.68353200	-30.60716000
0.91999998	-1.68353200	-30.60716000
0.92999998	-1.63924100	-30.60716000
0.93999998	-1.63924100	-30.60716000
0.94999998	-1.63924100	-30.17655000
0.95999998	-1.63924100	-30.17655000
0.96999998	-1.63924100	-30.60716000
0.97999998	-1.59495000	-30.60716000
0.98999997	-1.59495000	-30.60716000
0.99999997	-1.63924100	-30.60716000
1.00999997	-1.55065800	-30.60716000
1.01999997	-1.59495000	-30.17655000
1.02999997	-1.55065800	-30.17655000
1.03999997	-1.55065800	-30.17655000
1.04999997	-1.55065800	-30.17655000
1.05999997	-1.50621300	-30.17655000
1.06999997	-1.50621300	-30.17655000
1.07999997	-1.50621300	-30.17655000
1.08999997	-1.50621300	-30.17655000
1.09999997	-1.46192200	-30.60716000
1.10999997	-1.46192200	-30.17655000
1.11999997	-1.46192200	-30.17655000
1.12999997	-1.46192200	-30.17655000
1.13999997	-1.41763000	-30.17655000
1.14999997	-1.41763000	-30.17655000
1.15999997	-1.41763000	-30.60716000
1.16999997	-1.41763000	-30.60716000
1.17999997	-1.41763000	-30.17655000
1.18999997	-1.37333900	-30.60716000
1.19999997	-1.32904800	-30.17655000
1.20999997	-1.37333900	-30.60716000
1.21999997	-1.37333900	-30.60716000
1.22999997	-1.32904800	-30.60716000
1.23999997	-1.32904800	-30.17655000
1.24999997	-1.28475600	-30.60716000
1.25999997	-1.32904800	-30.60716000
1.26999997	-1.28475600	-30.17655000
1.27999997	-1.28475600	-30.60716000
1.28999997	-1.28475600	-30.60716000
1.29999997	-1.24046500	-30.60716000
1.30999997	-1.24046500	-30.60716000
1.31999997	-1.24046500	-30.60716000
1.32999997	-1.24046500	-30.60716000
1.33999997	-1.24046500	-30.60716000
1.34999997	-1.19617400	-30.60716000
1.35999997	-1.19617400	-31.03931000
1.36999997	-1.15188200	-30.60716000
1.37999997	-1.19617400	-30.60716000
1.38999996	-1.15188200	-30.60716000
1.39999996	-1.15188200	-31.03931000
1.40999996	-1.15188200	-30.60716000
1.41999996	-1.10759100	-31.03931000
1.42999996	-1.10759100	-30.60716000
1.43999996	-1.10759100	-31.03931000
1.44999996	-1.10759100	-31.03931000
1.45999996	-1.10759100	-31.03931000
1.46999996	-1.10759100	-31.03931000
1.47999996	-1.06330000	-30.60716000
1.48999996	-1.06330000	-30.60716000
1.49999996	-1.01885500	-31.03931000
1.50999996	-1.06330000	-31.03931000
1.51999996	-1.01885500	-31.03931000
1.52999996	-0.97456320	-31.03931000
1.53999996	-0.97456320	-31.03931000
1.54999996	-1.01885500	-31.03931000
1.55999996	-0.97456320	-31.03931000
1.56999996	-0.97456320	-30.60716000
1.57999996	-0.97456320	-31.03931000
1.58999996	-0.97456320	-31.03931000
1.59999996	-0.93027190	-31.03931000
1.60999996	-0.93027190	-31.03931000
1.61999996	-0.88598050	-30.60716000
1.62999996	-0.88598050	-31.03931000
1.63999996	-0.88598050	-31.03931000
1.64999996	-0.88598050	-30.60716000
1.65999996	-0.88598050	-31.03931000
1.66999996	-0.88598050	-30.60716000
1.67999996	-0.84168920	-31.03931000
1.68999996	-0.84168920	-31.03931000
1.69999996	-0.84168920	-31.03931000
1.70999996	-0.79739790	-31.03931000
1.71999996	-0.79739790	-31.03931000
1.72999996	-0.79739790	-30.60716000
1.73999996	-0.79739790	-31.03931000
1.74999996	-0.75310650	-31.03931000
1.75999996	-0.75310650	-30.60716000
1.76999996	-0.75310650	-31.03931000
1.77999996	-0.75310650	-31.03931000
1.78999995	-0.70881520	-30.60716000
1.79999995	-0.70881520	-30.60716000
1.80999995	-0.66452380	-30.60716000
1.81999995	-0.70881520	-30.60716000
1.82999995	-0.66452380	-30.17655000
1.83999995	-0.66452380	-30.17655000
1.84999995	-0.66452380	-30.17655000
1.85999995	-0.62023250	-30.17655000
1.86999995	-0.62023250	-30.17655000
1.87999995	-0.62023250	-30.17655000
1.88999995	-0.62023250	-30.17655000
1.89999995	-0.62023250	-30.17655000
1.90999995	-0.62023250	-30.17655000
1.91999995	-0.62023250	-30.17655000
1.92999995	-0.57594120	-30.17655000
1.93999995	-0.57594120	-29.74594000
1.94999995	-0.57594120	-29.74594000
1.95999995	-0.53164980	-29.74594000
1.96999995	-0.53164980	-29.74594000
1.97999995	-0.53164980	-29.31379000
1.98999995	-0.48720470	-29.74594000
1.99999995	-0.48720470	-29.31379000
2.00999995	-0.48720470	-29.31379000
2.01999995	-0.48720470	-29.74594000
2.02999995	-0.48720470	-29.31379000
2.03999995	-0.44291340	-29.31379000
2.04999995	-0.44291340	-29.31379000
2.05999995	-0.39862200	-29.31379000
2.06999995	-0.44291340	-28.88318000
2.07999995	-0.44291340	-28.88318000
2.08999995	-0.39862200	-28.88318000
2.09999995	-0.39862200	-28.88318000
2.10999995	-0.39862200	-28.45257000
2.11999995	-0.39862200	-28.88318000
2.12999995	-0.35433070	-28.45257000
2.13999995	-0.35433070	-28.45257000
2.14999995	-0.35433070	-28.88318000
2.15999995	-0.31003940	-28.45257000
2.16999995	-0.31003940	-28.45257000
2.17999994	-0.31003940	-28.45257000
2.18999994	-0.31003940	-28.88318000
2.19999994	-0.26574800	-28.45257000
2.20999994	-0.26574800	-28.45257000
2.21999994	-0.26574800	-28.45257000
2.22999994	-0.26574800	-28.45257000
2.23999994	-0.22145670	-28.45257000
2.24999994	-0.26574800	-28.45257000
2.25999994	-0.22145670	-28.45257000
2.26999994	-0.22145670	-28.02042000
2.27999994	-0.17716540	-28.02042000
2.28999994	-0.17716540	-28.02042000
2.29999994	-0.17716540	-28.02042000
2.30999994	-0.13287400	-28.02042000
2.31999994	-0.13287400	-28.02042000
2.32999994	-0.13287400	-28.02042000
2.33999994	-0.13287400	-28.02042000
2.34999994	-0.08858268	-28.02042000
2.35999994	-0.08858268	-28.02042000
2.36999994	-0.08858268	-28.02042000
2.37999994	-0.04429134	-28.02042000
2.38999994	-0.04429134	-28.02042000
2.39999994	-0.04429134	-28.02042000
2.40999994	0.00000000	-28.02042000
2.41999994	0.00000000	-28.02042000
2.42999994	0.00000000	-28.45257000
2.43999994	0.00000000	-28.45257000
2.44999994	0.00000000	-28.88318000
2.45999994	0.04429134	-28.45257000
2.46999994	0.04429134	-28.88318000
2.47999994	0.08858268	-29.31379000
2.48999994	0.08858268	-29.31379000
2.49999994	0.08858268	-29.74594000
2.50999994	0.08858268	-30.17655000
2.51999994	0.13287400	-30.17655000
2.52999994	0.13287400	-30.60716000
2.53999994	0.13287400	-30.60716000
2.54999994	0.17716540	-30.60716000
2.55999994	0.17716540	-31.46992000
2.56999994	0.17716540	-31.90053000
2.57999993	0.17716540	-31.90053000
2.58999993	0.22145670	-32.33268000
2.59999993	0.22145670	-32.33268000
2.60999993	0.26574800	-32.33268000
2.61999993	0.22145670	-32.76329000
2.62999993	0.26574800	-32.76329000
2.63999993	0.26574800	-32.76329000
2.64999993	0.31003940	-32.76329000
2.65999993	0.31003940	-32.76329000
2.66999993	0.31003940	-32.33268000
2.67999993	0.31003940	-32.33268000
2.68999993	0.31003940	-32.33268000
2.69999993	0.35433070	-32.33268000
2.70999993	0.35433070	-31.90053000
2.71999993	0.39862200	-31.46992000
2.72999993	0.39862200	-31.03931000
2.73999993	0.39862200	-30.60716000
2.74999993	0.44291340	-30.17655000
2.75999993	0.44291340	-29.74594000
2.76999993	0.44291340	-29.31379000
2.77999993	0.44291340	-28.45257000
2.78999993	0.48720470	-27.58981000
2.79999993	0.48720470	-26.72705000
2.80999993	0.48720470	-25.86583000
2.81999993	0.48720470	-25.43368000
2.82999993	0.53164980	-24.14032000
2.83999993	0.53164980	-23.27909000
2.84999993	0.57594120	-22.41634000
2.85999993	0.53164980	-21.12297000
2.86999993	0.57594120	-20.26175000
2.87999993	0.57594120	-19.39899000
2.88999993	0.57594120	-18.10562000
2.89999993	0.57594120	-16.81225000
2.90999993	0.62023250	-15.94949000
2.91999993	0.66452380	-14.65613000
2.92999993	0.66452380	-13.79491000
2.93999993	0.66452380	-12.50154000
2.94999993	0.62023250	-11.20817000
2.95999993	0.70881520	-10.34541000
2.96999992	0.70881520	-9.05204100
2.97999992	0.70881520	-7.75867300
2.98999992	0.75310650	-6.89745300
2.99999992	0.75310650	-5.60408400
3.00999992	0.75310650	-4.31071600
3.01999992	0.75310650	-3.44795700
3.02999992	0.79739790	-2.58519900
3.03999992	0.79739790	-1.29183100
3.04999992	0.79739790	0.00000000
3.05999992	0.84168920	0.86122040
3.06999992	0.84168920	2.15458900
3.07999992	0.84168920	3.01734700
3.08999992	0.88598050	4.31071600
3.09999992	0.84168920	4.74132600
3.10999992	0.88598050	6.03469500
3.11999992	0.88598050	7.32806300
3.12999992	0.88598050	7.75867300
3.13999992	0.93027190	9.05204100
3.14999992	0.93027190	9.91480000
3.15999992	0.93027190	11.20817000
3.16999992	0.93027190	11.63878000
3.17999992	0.97456320	12.93215000
3.18999992	0.97456320	13.79491000
3.19999992	0.97456320	14.22552000
3.20999992	1.01885500	15.51888000
3.21999992	1.01885500	16.38164000
3.22999992	1.01885500	17.24286000
3.23999992	1.01885500	17.67501000
3.24999992	1.06330000	18.53623000
3.25999992	1.06330000	19.39899000
3.26999992	1.10759100	19.82960000
3.27999992	1.10759100	20.69236000
3.28999992	1.10759100	21.55512000
3.29999992	1.10759100	22.41634000
3.30999992	1.10759100	22.84695000
3.31999992	1.15188200	23.27909000
3.32999992	1.15188200	24.14032000
3.33999992	1.15188200	24.57246000
3.34999992	1.19617400	25.43368000
3.35999992	1.19617400	25.86583000
3.36999991	1.19617400	26.29644000
3.37999991	1.24046500	26.72705000
3.38999991	1.24046500	27.58981000
3.39999991	1.24046500	28.02042000
3.40999991	1.24046500	28.02042000
3.41999991	1.28475600	28.88318000
3.42999991	1.28475600	29.31379000
3.43999991	1.28475600	29.74594000
3.44999991	1.28475600	30.17655000
3.45999991	1.32904800	30.60716000
3.46999991	1.37333900	30.60716000
3.47999991	1.37333900	31.03931000
3.48999991	1.37333900	31.46992000
3.49999991	1.37333900	31.90053000
3.50999991	1.41763000	32.33268000
3.51999991	1.41763000	32.33268000
3.52999991	1.41763000	32.76329000
3.53999991	1.41763000	33.19390000
3.54999991	1.41763000	33.62450000
3.55999991	1.46192200	33.62450000
3.56999991	1.46192200	34.05666000
3.57999991	1.46192200	34.05666000
3.58999991	1.50621300	34.48726000
3.59999991	1.50621300	34.91787000
3.60999991	1.55065800	34.91787000
3.61999991	1.55065800	34.91787000
3.62999991	1.55065800	34.91787000
3.63999991	1.55065800	34.91787000
3.64999991	1.55065800	35.35002000
3.65999991	1.59495000	35.35002000
3.66999991	1.59495000	35.35002000
3.67999991	1.59495000	35.35002000
3.68999991	1.63924100	35.35002000
3.69999991	1.63924100	35.35002000
3.70999991	1.63924100	35.35002000
3.71999991	1.63924100	35.35002000
3.72999991	1.68353200	35.35002000
3.73999991	1.68353200	34.91787000
3.74999991	1.68353200	35.35002000
3.75999991	1.68353200	34.91787000
3.76999990	1.72782400	34.91787000
3.77999990	1.72782400	34.91787000
3.78999990	1.72782400	34.48726000
3.79999990	1.77211500	34.91787000
3.80999990	1.77211500	34.05666000
3.81999990	1.77211500	34.48726000
3.82999990	1.77211500	34.05666000
3.83999990	1.81640600	33.62450000
3.84999990	1.81640600	33.62450000
3.85999990	1.86069800	33.19390000
3.86999990	1.86069800	33.19390000
3.87999990	1.86069800	32.76329000
3.88999990	1.90498900	32.76329000
3.89999990	1.90498900	31.90053000
3.90999990	1.90498900	31.46992000
3.91999990	1.90498900	31.03931000
3.92999990	1.94928000	31.03931000
3.93999990	1.94928000	30.60716000
3.94999990	1.99357200	30.17655000
3.95999990	1.94928000	29.74594000
3.96999990	1.99357200	29.31379000
3.97999990	1.99357200	28.88318000
3.98999990	1.99357200	28.45257000
3.99999990	2.03786300	28.02042000
4.00999990	1.99357200	27.58981000
4.01999990	1.99357200	27.15920000
4.02999990	2.08230800	26.29644000
4.03999990	2.03786300	26.29644000
4.04999990	2.08230800	25.43368000
4.05999990	2.08230800	25.00307000
4.06999990	2.12659900	24.57246000
4.07999990	2.12659900	23.70971000
4.08999990	2.17089100	23.27909000
4.09999990	2.17089100	22.84695000
4.10999990	2.12659900	22.41634000
4.11999990	2.17089100	21.55512000
4.12999990	2.21518200	21.12297000
4.13999990	2.21518200	20.69236000
4.14999990	2.21518200	20.26175000
4.15999989	2.21518200	19.39899000
4.16999989	2.21518200	18.96838000
4.17999989	2.21518200	18.53623000
4.18999989	2.25947300	18.10562000
4.19999989	2.25947300	17.24286000
4.20999989	2.25947300	16.81225000
4.21999989	2.30376500	16.38164000
4.22999989	2.34805600	15.94949000
4.23999989	2.30376500	15.51888000
4.24999989	2.30376500	15.08827000
4.25999989	2.34805600	15.08827000
4.26999989	2.34805600	14.65613000
4.27999989	2.39234700	14.22552000
4.28999989	2.39234700	13.79491000
4.29999989	2.39234700	13.79491000
4.30999989	2.43663900	13.79491000
4.31999989	2.39234700	13.36276000
4.32999989	2.48093000	13.36276000
4.33999989	2.48093000	12.93215000
4.34999989	2.43663900	12.93215000
4.35999989	2.48093000	12.93215000
4.36999989	2.48093000	12.93215000
4.37999989	2.48093000	12.93215000
4.38999989	2.48093000	12.93215000
4.39999989	2.52522100	12.93215000
4.40999989	2.52522100	13.36276000
4.41999989	2.52522100	13.36276000
4.42999989	2.56951300	13.36276000
4.43999989	2.56951300	13.79491000
4.44999989	2.61395800	14.22552000
4.45999989	2.56951300	14.65613000
4.46999989	2.61395800	14.65613000
4.47999989	2.61395800	15.51888000
4.48999989	2.61395800	15.94949000
4.49999989	2.61395800	16.38164000
4.50999989	2.65824900	16.38164000
4.51999989	2.70254100	17.24286000
4.52999989	2.65824900	17.67501000
4.53999989	2.70254100	18.10562000
4.54999989	2.70254100	18.96838000
4.55999988	2.70254100	19.39899000
4.56999988	2.74683200	19.82960000
4.57999988	2.74683200	20.26175000
4.58999988	2.74683200	20.69236000
4.59999988	2.79112300	21.55512000
4.60999988	2.79112300	21.98573000
4.61999988	2.79112300	22.41634000
4.62999988	2.83541500	23.27909000
4.63999988	2.83541500	23.70971000
4.64999988	2.83541500	24.57246000
4.65999988	2.83541500	24.57246000
4.66999988	2.87970600	25.43368000
4.67999988	2.87970600	25.86583000
4.68999988	2.87970600	26.29644000
4.69999988	2.92399700	26.72705000
4.70999988	2.92399700	27.15920000
4.71999988	2.92399700	28.02042000
4.72999988	2.96828900	28.02042000
4.73999988	2.96828900	28.88318000
4.74999988	2.96828900	28.88318000
4.75999988	2.96828900	29.31379000
4.76999988	3.01258000	29.74594000
4.77999988	3.01258000	30.17655000
4.78999988	3.01258000	30.60716000
4.79999988	3.05687100	31.03931000
4.80999988	3.01258000	31.46992000
4.81999988	3.05687100	31.90053000
4.82999988	3.05687100	32.33268000
4.83999988	3.05687100	32.33268000
4.84999988	3.05687100	32.76329000
4.85999988	3.10131600	33.19390000
4.86999988	3.10131600	33.62450000
4.87999988	3.14560800	33.19390000
4.88999988	3.14560800	34.05666000
4.89999988	3.18989900	34.05666000
4.90999988	3.14560800	34.48726000
4.91999988	3.14560800	34.48726000
4.92999988	3.18989900	34.48726000
4.93999988	3.18989900	34.48726000
4.94999987	3.23419000	34.91787000
4.95999987	3.18989900	34.91787000
4.96999987	3.27848200	35.35002000
4.97999987	3.23419000	35.35002000
4.98999987	3.27848200	35.35002000
4.99999987	3.27848200	35.35002000
5.00999987	3.32277300	35.35002000
5.01999987	3.32277300	35.35002000
5.02999987	3.32277300	35.35002000
5.03999987	3.32277300	35.35002000
5.04999987	3.36706400	35.35002000
5.05999987	3.36706400	35.35002000
5.06999987	3.36706400	34.91787000
5.07999987	3.41135600	35.35002000
5.08999987	3.41135600	34.91787000
5.09999987	3.41135600	34.48726000
5.10999987	3.41135600	34.48726000
5.11999987	3.41135600	34.05666000
5.12999987	3.45564700	34.05666000
5.13999987	3.45564700	34.05666000
5.14999987	3.45564700	33.62450000
5.15999987	3.45564700	33.62450000
5.16999987	3.41135600	33.19390000
5.17999987	3.41135600	32.76329000
5.18999987	3.41135600	32.76329000
5.19999987	3.41135600	32.33268000
5.20999987	3.36706400	32.33268000
5.21999987	3.41135600	31.46992000
5.22999987	3.32277300	31.46992000
5.23999987	3.32277300	31.46992000
5.24999987	3.32277300	30.60716000
5.25999987	3.32277300	30.60716000
5.26999987	3.32277300	30.60716000
5.27999987	3.32277300	30.17655000
5.28999987	3.27848200	29.74594000
5.29999987	3.27848200	29.74594000
5.30999987	3.23419000	29.74594000
5.31999987	3.23419000	28.88318000
5.32999987	3.23419000	29.31379000
5.33999987	3.23419000	28.88318000
5.34999986	3.23419000	28.88318000
5.35999986	3.18989900	28.45257000
5.36999986	3.18989900	28.88318000
5.37999986	3.14560800	28.45257000
5.38999986	3.18989900	28.45257000
5.39999986	3.14560800	28.45257000
5.40999986	3.10131600	28.45257000
5.41999986	3.10131600	28.45257000
5.42999986	3.10131600	28.45257000
5.43999986	3.10131600	28.45257000
5.44999986	3.05687100	28.45257000
5.45999986	3.05687100	28.88318000
5.46999986	3.05687100	28.45257000
5.47999986	3.05687100	28.45257000
5.48999986	3.01258000	28.88318000
5.49999986	3.01258000	28.45257000
5.50999986	3.01258000	28.88318000
5.51999986	2.96828900	28.45257000
5.52999986	2.96828900	28.88318000
5.53999986	2.96828900	29.31379000
5.54999986	2.92399700	29.31379000
5.55999986	2.92399700	28.88318000
5.56999986	2.92399700	29.31379000
5.57999986	2.92399700	29.74594000
5.58999986	2.87970600	29.74594000
5.59999986	2.87970600	29.74594000
5.60999986	2.87970600	30.17655000
5.61999986	2.83541500	30.17655000
5.62999986	2.87970600	30.60716000
5.63999986	2.79112300	30.60716000
5.64999986	2.79112300	30.60716000
5.65999986	2.79112300	31.03931000
5.66999986	2.79112300	31.03931000
5.67999986	2.74683200	31.46992000
5.68999986	2.74683200	31.90053000
5.69999986	2.74683200	31.90053000
5.70999986	2.70254100	32.33268000
5.71999986	2.74683200	32.33268000
5.72999986	2.70254100	32.33268000
5.73999985	2.65824900	32.76329000
5.74999985	2.65824900	33.19390000
5.75999985	2.65824900	33.19390000
5.76999985	2.65824900	33.62450000
5.77999985	2.61395800	34.05666000
5.78999985	2.65824900	34.05666000
5.79999985	2.65824900	34.48726000
5.80999985	2.61395800	34.48726000
5.81999985	2.56951300	34.91787000
5.82999985	2.56951300	34.91787000
5.83999985	2.56951300	35.35002000
5.84999985	2.56951300	35.35002000
5.85999985	2.52522100	35.78063000
5.86999985	2.52522100	35.78063000
5.87999985	2.48093000	35.78063000
5.88999985	2.48093000	36.64339000
5.89999985	2.48093000	36.64339000
5.90999985	2.48093000	37.07400000
5.91999985	2.43663900	37.07400000
5.92999985	2.48093000	37.07400000
5.93999985	2.43663900	37.93676000
5.94999985	2.43663900	37.50461000
5.95999985	2.39234700	37.93676000
5.96999985	2.39234700	37.93676000
5.97999985	2.39234700	38.36737000
5.98999985	2.34805600	38.79798000
5.99999985	2.34805600	38.79798000
6.00999985	2.30376500	38.79798000
6.01999985	2.34805600	38.79798000
6.02999985	2.34805600	39.23013000
6.03999985	2.30376500	39.23013000
6.04999985	2.25947300	39.23013000
6.05999985	2.25947300	39.23013000
6.06999985	2.30376500	39.66074000
6.07999985	2.25947300	39.66074000
6.08999985	2.25947300	39.66074000
6.09999985	2.21518200	40.09135000
6.10999985	2.21518200	39.66074000
6.11999985	2.21518200	39.66074000
6.12999985	2.17089100	39.66074000
6.13999984	2.17089100	39.66074000
6.14999984	2.17089100	39.66074000
6.15999984	2.17089100	40.09135000
6.16999984	2.12659900	39.66074000
6.17999984	2.12659900	39.66074000
6.18999984	2.12659900	39.66074000
6.19999984	2.12659900	39.66074000
6.20999984	2.08230800	39.66074000
6.21999984	2.08230800	39.66074000
6.22999984	2.08230800	39.23013000
6.23999984	2.03786300	38.79798000
6.24999984	2.03786300	38.79798000
6.25999984	1.99357200	38.79798000
6.26999984	1.99357200	38.79798000
6.27999984	1.99357200	38.36737000
6.28999984	1.94928000	38.36737000
6.29999984	1.94928000	38.36737000
6.30999984	1.94928000	37.93676000
6.31999984	1.94928000	37.50461000
6.32999984	1.90498900	37.50461000
6.33999984	1.90498900	37.07400000
6.34999984	1.90498900	36.64339000
6.35999984	1.90498900	36.21124000
6.36999984	1.86069800	36.21124000
6.37999984	1.86069800	35.78063000
6.38999984	1.81640600	35.35002000
6.39999984	1.81640600	35.35002000
6.40999984	1.86069800	34.48726000
6.41999984	1.81640600	34.48726000
6.42999984	1.81640600	34.05666000
6.43999984	1.77211500	33.62450000
6.44999984	1.77211500	33.19390000
6.45999984	1.77211500	32.76329000
6.46999984	1.77211500	32.33268000
6.47999984	1.68353200	31.46992000
6.48999984	1.72782400	31.03931000
6.49999984	1.68353200	30.60716000
6.50999984	1.68353200	30.17655000
6.51999984	1.68353200	30.17655000
6.52999984	1.72782400	29.31379000
6.53999983	1.63924100	28.88318000
6.54999983	1.63924100	28.02042000
6.55999983	1.63924100	27.58981000
6.56999983	1.63924100	27.15920000
6.57999983	1.63924100	26.72705000
6.58999983	1.63924100	25.86583000
6.59999983	1.55065800	25.43368000
6.60999983	1.55065800	25.00307000
6.61999983	1.55065800	24.57246000
6.62999983	1.55065800	23.70971000
6.63999983	1.55065800	23.27909000
6.64999983	1.50621300	22.84695000
6.65999983	1.50621300	22.41634000
6.66999983	1.50621300	21.55512000
6.67999983	1.50621300	21.12297000
6.68999983	1.46192200	20.69236000
6.69999983	1.41763000	20.26175000
6.70999983	1.41763000	19.82960000
6.71999983	1.41763000	18.96838000
6.72999983	1.37333900	18.53623000
6.73999983	1.41763000	18.10562000
6.74999983	1.37333900	18.10562000
6.75999983	1.37333900	17.24286000
6.76999983	1.37333900	17.24286000
6.77999983	1.37333900	16.38164000
6.78999983	1.32904800	15.94949000
6.79999983	1.32904800	15.51888000
6.80999983	1.32904800	15.51888000
6.81999983	1.32904800	15.08827000
6.82999983	1.28475600	15.08827000
6.83999983	1.28475600	14.65613000
6.84999983	1.28475600	14.65613000
6.85999983	1.24046500	14.22552000
6.86999983	1.24046500	14.22552000
6.87999983	1.19617400	13.79491000
6.88999983	1.19617400	13.79491000
6.89999983	1.19617400	13.79491000
6.90999983	1.15188200	13.79491000
6.91999983	1.15188200	13.79491000
6.92999982	1.15188200	13.36276000
6.93999982	1.15188200	13.79491000
6.94999982	1.10759100	13.36276000
6.95999982	1.10759100	13.79491000
6.96999982	1.10759100	14.22552000
6.97999982	1.10759100	14.22552000
6.98999982	1.06330000	14.22552000
6.99999982	1.06330000	14.65613000
7.00999982	1.01885500	15.08827000
7.01999982	1.01885500	15.08827000
7.02999982	1.01885500	15.51888000
7.03999982	1.01885500	15.94949000
7.04999982	0.97456320	15.94949000
7.05999982	0.97456320	16.38164000
7.06999982	0.93027190	16.81225000
7.07999982	0.97456320	17.24286000
7.08999982	0.93027190	17.24286000
7.09999982	0.93027190	18.10562000
7.10999982	0.88598050	18.53623000
7.11999982	0.93027190	18.96838000
7.12999982	0.88598050	19.39899000
7.13999982	0.88598050	19.82960000
7.14999982	0.88598050	20.26175000
7.15999982	0.84168920	20.69236000
7.16999982	0.84168920	21.12297000
7.17999982	0.84168920	21.55512000
7.18999982	0.79739790	21.98573000
7.19999982	0.79739790	22.41634000
7.20999982	0.79739790	23.27909000
7.21999982	0.79739790	23.27909000
7.22999982	0.75310650	24.14032000
7.23999982	0.75310650	24.14032000
7.24999982	0.75310650	24.57246000
7.25999982	0.75310650	25.43368000
7.26999982	0.75310650	25.86583000
7.27999982	0.70881520	26.29644000
7.28999982	0.70881520	26.72705000
7.29999982	0.66452380	27.15920000
7.30999982	0.62023250	27.58981000
7.31999982	0.62023250	28.02042000
7.32999981	0.62023250	28.45257000
7.33999981	0.62023250	29.31379000
7.34999981	0.57594120	29.31379000
7.35999981	0.62023250	29.74594000
7.36999981	0.57594120	29.74594000
7.37999981	0.57594120	30.17655000
7.38999981	0.53164980	31.03931000
7.39999981	0.57594120	31.03931000
7.40999981	0.53164980	31.46992000
7.41999981	0.53164980	31.90053000
7.42999981	0.53164980	32.33268000
7.43999981	0.48720470	32.76329000
7.44999981	0.48720470	33.19390000
7.45999981	0.48720470	33.62450000
7.46999981	0.44291340	33.19390000
7.47999981	0.44291340	33.19390000
7.48999981	0.44291340	34.05666000
7.49999981	0.39862200	34.05666000
7.50999981	0.39862200	34.05666000
7.51999981	0.35433070	34.48726000
7.52999981	0.35433070	34.48726000
7.53999981	0.35433070	34.91787000
7.54999981	0.35433070	34.91787000
7.55999981	0.31003940	34.91787000
7.56999981	0.31003940	34.91787000
7.57999981	0.31003940	35.35002000
7.58999981	0.31003940	35.35002000
7.59999981	0.26574800	35.35002000
7.60999981	0.26574800	35.35002000
7.61999981	0.22145670	34.91787000
7.62999981	0.22145670	35.35002000
7.63999981	0.22145670	34.91787000
7.64999981	0.22145670	34.91787000
7.65999981	0.17716540	35.35002000
7.66999981	0.17716540	34.91787000
7.67999981	0.17716540	34.91787000
7.68999981	0.17716540	34.48726000
7.69999981	0.13287400	34.48726000
7.70999981	0.13287400	34.05666000
7.71999980	0.13287400	33.62450000
7.72999980	0.13287400	33.62450000
7.73999980	0.08858268	33.19390000
7.74999980	0.13287400	33.19390000
7.75999980	0.04429134	32.76329000
7.76999980	0.08858268	32.33268000
7.77999980	0.04429134	31.90053000
7.78999980	0.04429134	31.90053000
7.79999980	0.00000000	31.03931000
7.80999980	0.00000000	31.03931000
7.81999980	0.00000000	30.17655000
7.82999980	0.00000000	29.74594000
7.83999980	0.00000000	29.31379000
7.84999980	-0.04429134	28.88318000
7.85999980	-0.08858268	28.02042000
7.86999980	-0.08858268	27.58981000
7.87999980	-0.08858268	27.15920000
7.88999980	-0.13287400	26.72705000
7.89999980	-0.08858268	25.86583000
7.90999980	-0.13287400	25.86583000
7.91999980	-0.17716540	25.00307000
7.92999980	-0.13287400	24.57246000
7.93999980	-0.17716540	23.70971000
7.94999980	-0.17716540	23.27909000
7.95999980	-0.22145670	22.41634000
7.96999980	-0.17716540	21.98573000
7.97999980	-0.22145670	21.55512000
7.98999980	-0.22145670	21.12297000
7.99999980	-0.26574800	20.26175000
8.00999980	-0.22145670	19.82960000
8.01999980	-0.26574800	19.82960000
8.02999980	-0.26574800	18.53623000
8.03999980	-0.26574800	18.10562000
8.04999980	-0.31003940	17.67501000
8.05999980	-0.31003940	17.24286000
8.06999980	-0.26574800	16.38164000
8.07999980	-0.31003940	16.38164000
8.08999980	-0.35433070	15.51888000
8.09999980	-0.35433070	14.65613000
8.10999980	-0.35433070	14.65613000
8.11999979	-0.35433070	14.22552000
8.12999979	-0.39862200	12.93215000
8.13999979	-0.35433070	12.93215000
8.14999979	-0.39862200	12.50154000
8.15999979	-0.39862200	11.63878000
8.16999979	-0.44291340	11.20817000
8.17999979	-0.44291340	10.77756000
8.18999979	-0.48720470	9.91480000
8.19999979	-0.48720470	9.91480000
8.20999979	-0.48720470	9.05204100
8.21999979	-0.48720470	8.62143100
8.22999979	-0.48720470	8.19082200
8.23999979	-0.48720470	7.75867300
8.24999979	-0.48720470	7.32806300
8.25999979	-0.53164980	6.89745300
8.26999979	-0.53164980	6.03469500
8.27999979	-0.53164980	6.03469500
8.28999979	-0.53164980	5.60408400
8.29999979	-0.53164980	4.74132600
8.30999979	-0.57594120	4.31071600
8.31999979	-0.57594120	3.87856800
8.32999979	-0.62023250	3.44795700
8.33999979	-0.62023250	3.01734700
8.34999979	-0.62023250	2.58519900
8.35999979	-0.62023250	2.15458900
8.36999979	-0.66452380	1.72397900
8.37999979	-0.66452380	0.86122040
8.38999979	-0.66452380	0.43061020
8.39999979	-0.66452380	0.43061020
8.40999979	-0.66452380	-0.43061020
8.41999979	-0.70881520	-0.43061020
8.42999979	-0.70881520	-0.86122040
8.43999979	-0.70881520	-1.72397900
8.44999979	-0.75310650	-2.15458900
8.45999979	-0.70881520	-2.58519900
8.46999979	-0.70881520	-3.01734700
8.47999979	-0.75310650	-3.44795700
8.48999979	-0.79739790	-3.44795700
8.49999979	-0.79739790	-3.87856800
8.50999979	-0.79739790	-4.74132600
8.51999978	-0.79739790	-4.74132600
8.52999978	-0.84168920	-5.17193600
8.53999978	-0.84168920	-5.60408400
8.54999978	-0.84168920	-5.60408400
8.55999978	-0.88598050	-6.46530500
8.56999978	-0.88598050	-6.46530500
8.57999978	-0.88598050	-7.32806300
8.58999978	-0.88598050	-7.75867300
8.59999978	-0.88598050	-8.19082200
8.60999978	-0.88598050	-8.62143100
8.61999978	-0.88598050	-8.62143100
8.62999978	-0.93027190	-9.05204100
8.63999978	-0.93027190	-9.48419000
8.64999978	-0.93027190	-9.91480000
8.65999978	-0.97456320	-10.34541000
8.66999978	-0.93027190	-10.77756000
8.67999978	-0.97456320	-10.77756000
8.68999978	-0.97456320	-11.63878000
8.69999978	-0.97456320	-11.63878000
8.70999978	-1.01885500	-12.06939000
8.71999978	-1.01885500	-12.50154000
8.72999978	-1.06330000	-12.93215000
8.73999978	-1.01885500	-13.36276000
8.74999978	-1.01885500	-13.79491000
8.75999978	-1.06330000	-13.79491000
8.76999978	-1.06330000	-14.22552000
8.77999978	-1.06330000	-14.65613000
8.78999978	-1.10759100	-15.08827000
8.79999978	-1.10759100	-15.08827000
8.80999978	-1.10759100	-15.51888000
8.81999978	-1.15188200	-15.94949000
8.82999978	-1.15188200	-16.38164000
8.83999978	-1.15188200	-16.38164000
8.84999978	-1.15188200	-16.81225000
8.85999978	-1.15188200	-16.81225000
8.86999978	-1.15188200	-17.24286000
8.87999978	-1.19617400	-17.67501000
8.88999978	-1.24046500	-18.10562000
8.89999978	-1.19617400	-18.53623000
8.90999977	-1.24046500	-18.53623000
8.91999977	-1.24046500	-18.96838000
8.92999977	-1.24046500	-19.39899000
8.93999977	-1.28475600	-19.82960000
8.94999977	-1.24046500	-19.82960000
8.95999977	-1.28475600	-19.82960000
8.96999977	-1.28475600	-20.26175000
8.97999977	-1.28475600	-20.69236000
8.98999977	-1.28475600	-21.12297000
8.99999977	-1.32904800	-21.55512000
9.00999977	-1.32904800	-21.55512000
9.01999977	-1.32904800	-21.98573000
9.02999977	-1.37333900	-21.98573000
9.03999977	-1.37333900	-21.98573000
9.04999977	-1.37333900	-22.41634000
9.05999977	-1.37333900	-22.84695000
9.06999977	-1.41763000	-23.27909000
9.07999977	-1.41763000	-23.27909000
9.08999977	-1.41763000	-23.27909000
9.09999977	-1.46192200	-23.70971000
9.10999977	-1.41763000	-23.70971000
9.11999977	-1.46192200	-24.14032000
9.12999977	-1.46192200	-24.57246000
9.13999977	-1.46192200	-24.57246000
9.14999977	-1.46192200	-24.57246000
9.15999977	-1.50621300	-25.00307000
9.16999977	-1.50621300	-25.00307000
9.17999977	-1.55065800	-25.43368000
9.18999977	-1.50621300	-25.43368000
9.19999977	-1.55065800	-25.86583000
9.20999977	-1.55065800	-25.86583000
9.21999977	-1.55065800	-25.86583000
9.22999977	-1.55065800	-26.29644000
9.23999977	-1.59495000	-26.29644000
9.24999977	-1.59495000	-26.72705000
9.25999977	-1.59495000	-26.72705000
9.26999977	-1.59495000	-27.15920000
9.27999977	-1.63924100	-26.72705000
9.28999977	-1.63924100	-27.15920000
9.29999977	-1.68353200	-27.58981000
9.30999976	-1.63924100	-27.58981000
9.31999976	-1.63924100	-27.58981000
9.32999976	-1.68353200	-28.02042000
9.33999976	-1.68353200	-27.58981000
9.34999976	-1.68353200	-28.02042000
9.35999976	-1.72782400	-28.02042000
9.36999976	-1.72782400	-28.02042000
9.37999976	-1.72782400	-28.45257000
9.38999976	-1.72782400	-28.45257000
9.39999976	-1.72782400	-28.45257000
9.40999976	-1.77211500	-28.45257000
9.41999976	-1.77211500	-28.45257000
9.42999976	-1.81640600	-28.45257000
9.43999976	-1.77211500	-28.88318000
9.44999976	-1.77211500	-28.88318000
9.45999976	-1.81640600	-28.88318000
9.46999976	-1.81640600	-28.88318000
9.47999976	-1.81640600	-28.88318000
9.48999976	-1.86069800	-28.88318000
9.49999976	-1.86069800	-29.31379000
9.50999976	-1.86069800	-29.31379000
9.51999976	-1.90498900	-29.31379000
9.52999976	-1.90498900	-29.31379000
9.53999976	-1.90498900	-29.31379000
9.54999976	-1.94928000	-29.31379000
9.55999976	-1.90498900	-29.31379000
9.56999976	-1.94928000	-29.31379000
9.57999976	-1.94928000	-29.31379000
9.58999976	-1.94928000	-29.31379000
9.59999976	-1.94928000	-29.31379000
9.60999976	-1.99357200	-29.31379000
9.61999976	-1.99357200	-29.31379000
9.62999976	-1.99357200	-29.31379000
9.63999976	-1.99357200	-29.74594000
9.64999976	-2.03786300	-29.74594000
9.65999976	-2.03786300	-29.74594000
9.66999976	-2.03786300	-29.31379000
9.67999976	-2.08230800	-29.31379000
9.68999976	-2.08230800	-29.31379000
9.69999975	-2.08230800	-29.31379000
9.70999975	-2.08230800	-29.31379000
9.71999975	-2.08230800	-29.31379000
9.72999975	-2.12659900	-29.31379000
9.73999975	-2.12659900	-29.31379000
9.74999975	-2.12659900	-29.31379000
9.75999975	-2.12659900	-29.31379000
9.76999975	-2.17089100	-29.31379000
9.77999975	-2.17089100	-29.31379000
9.78999975	-2.17089100	-29.31379000
9.79999975	-2.21518200	-29.31379000
9.80999975	-2.17089100	-29.31379000
9.81999975	-2.21518200	-29.31379000
9.82999975	-2.21518200	-28.88318000
9.83999975	-2.21518200	-29.31379000
9.84999975	-2.21518200	-28.88318000
9.85999975	-2.25947300	-28.88318000
9.86999975	-2.25947300	-28.88318000
9.87999975	-2.25947300	-29.31379000
9.88999975	-2.25947300	-28.88318000
9.89999975	-2.30376500	-28.45257000
9.90999975	-2.30376500	-28.88318000
9.91999975	-2.34805600	-28.88318000
9.92999975	-2.34805600	-28.45257000
9.93999975	-2.34805600	-28.88318000
9.94999975	-2.34805600	-28.45257000
9.95999975	-2.34805600	-28.45257000
9.96999975	-2.34805600	-28.45257000
9.97999975	-2.39234700	-28.45257000
9.98999975	-2.39234700	-28.45257000
9.99999975	-2.39234700	-28.45257000
10.00999975	-2.39234700	-28.02042000
10.01999975	-2.39234700	-28.02042000
10.02999975	-2.43663900	-28.02042000
