Frequency	Channel A	Channel B
(ms)	(V)	(mV)

0.00000000	-1.09418100	0.43061020
0.01000000	-1.07652600	0.43061020
0.02000000	-1.07652600	0.00000000
0.03000000	-1.07652600	0.43061020
0.04000000	-1.07652600	0.43061020
0.05000000	-1.05887100	0.43061020
0.06000000	-1.05887100	0.43061020
0.07000000	-1.05887100	0.43061020
0.08000000	-1.04127700	0.43061020
0.09000000	-1.04127700	0.43061020
0.10000000	-1.04127700	0.43061020
0.11000000	-1.04127700	0.43061020
0.12000000	-1.02362200	0.43061020
0.13000000	-1.02362200	0.43061020
0.14000000	-1.02362200	0.43061020
0.15000000	-1.00596700	0.43061020
0.16000000	-1.00596700	0.43061020
0.17000000	-1.00596700	0.43061020
0.18000000	-0.98831200	0.43061020
0.19000000	-0.98831200	0.43061020
0.19999999	-0.98831200	0.43061020
0.20999999	-0.97065700	0.43061020
0.21999999	-0.97065700	0.43061020
0.22999999	-0.97065700	0.43061020
0.23999999	-0.95300200	0.43061020
0.24999999	-0.95300200	0.43061020
0.25999999	-0.95300200	0.43061020
0.26999999	-0.95300200	0.43061020
0.27999999	-0.93534700	0.43061020
0.28999999	-0.93534700	0.43061020
0.29999999	-0.93534700	0.43061020
0.30999999	-0.91769190	0.43061020
0.31999999	-0.91769190	0.43061020
0.32999999	-0.91769190	0.43061020
0.33999999	-0.91769190	0.43061020
0.34999999	-0.90003690	0.43061020
0.35999999	-0.90003690	0.43061020
0.36999999	-0.90003690	0.43061020
0.37999999	-0.88238190	0.43061020
0.38999999	-0.88238190	0.86122040
0.39999999	-0.88238190	0.86122040
0.40999999	-0.86478840	0.86122040
0.41999999	-0.86478840	0.86122040
0.42999999	-0.86478840	0.43061020
0.43999999	-0.84713330	0.43061020
0.44999999	-0.84713330	0.43061020
0.45999999	-0.84713330	0.43061020
0.46999999	-0.84713330	0.43061020
0.47999999	-0.82947830	0.43061020
0.48999999	-0.82947830	0.43061020
0.49999999	-0.82947830	0.86122040
0.50999999	-0.81182330	0.43061020
0.51999999	-0.81182330	0.43061020
0.52999999	-0.81182330	0.43061020
0.53999999	-0.79416830	0.43061020
0.54999999	-0.79416830	0.43061020
0.55999999	-0.79416830	0.43061020
0.56999999	-0.79416830	0.43061020
0.57999999	-0.77651330	0.86122040
0.58999999	-0.77651330	0.86122040
0.59999998	-0.77651330	0.86122040
0.60999998	-0.75885830	0.43061020
0.61999998	-0.75885830	0.86122040
0.62999998	-0.75885830	0.43061020
0.63999998	-0.75885830	0.86122040
0.64999998	-0.74120320	0.86122040
0.65999998	-0.74120320	0.86122040
0.66999998	-0.74120320	0.86122040
0.67999998	-0.72354820	0.86122040
0.68999998	-0.72354820	0.43061020
0.69999998	-0.72354820	0.86122040
0.70999998	-0.70589320	0.86122040
0.71999998	-0.70589320	0.86122040
0.72999998	-0.70589320	0.43061020
0.73999998	-0.70589320	0.86122040
0.74999998	-0.68829970	0.86122040
0.75999998	-0.68829970	1.29183100
0.76999998	-0.67064470	1.29183100
0.77999998	-0.67064470	0.86122040
0.78999998	-0.67064470	0.86122040
0.79999998	-0.67064470	0.86122040
0.80999998	-0.65298970	0.86122040
0.81999998	-0.65298970	0.86122040
0.82999998	-0.65298970	1.29183100
0.83999998	-0.65298970	0.86122040
0.84999998	-0.63533470	0.86122040
0.85999998	-0.63533470	0.86122040
0.86999998	-0.63533470	0.86122040
0.87999998	-0.61767960	0.86122040
0.88999998	-0.61767960	1.29183100
0.89999998	-0.61767960	1.29183100
0.90999998	-0.60002460	0.86122040
0.91999998	-0.60002460	1.29183100
0.92999998	-0.60002460	1.29183100
0.93999998	-0.60002460	0.86122040
0.94999998	-0.58236960	1.29183100
0.95999998	-0.58236960	1.29183100
0.96999998	-0.56471460	0.86122040
0.97999998	-0.56471460	1.29183100
0.98999997	-0.56471460	1.29183100
0.99999997	-0.56471460	1.29183100
1.00999997	-0.54705950	1.29183100
1.01999997	-0.54705950	1.29183100
1.02999997	-0.54705950	1.29183100
1.03999997	-0.52940450	1.29183100
1.04999997	-0.52940450	1.29183100
1.05999997	-0.52940450	1.29183100
1.06999997	-0.51181100	1.29183100
1.07999997	-0.51181100	1.72397900
1.08999997	-0.51181100	1.29183100
1.09999997	-0.51181100	1.29183100
1.10999997	-0.49415600	1.72397900
1.11999997	-0.49415600	1.29183100
1.12999997	-0.49415600	1.72397900
1.13999997	-0.47650100	1.29183100
1.14999997	-0.47650100	1.72397900
1.15999997	-0.47650100	1.72397900
1.16999997	-0.45884600	1.72397900
1.17999997	-0.45884600	1.72397900
1.18999997	-0.45884600	1.29183100
1.19999997	-0.45884600	1.72397900
1.20999997	-0.44119100	1.72397900
1.21999997	-0.44119100	1.72397900
1.22999997	-0.44119100	1.72397900
1.23999997	-0.42353590	1.72397900
1.24999997	-0.42353590	1.72397900
1.25999997	-0.42353590	2.15458900
1.26999997	-0.40588090	1.72397900
1.27999997	-0.40588090	1.72397900
1.28999997	-0.40588090	1.72397900
1.29999997	-0.38822590	1.72397900
1.30999997	-0.38822590	1.72397900
1.31999997	-0.38822590	1.72397900
1.32999997	-0.38822590	1.72397900
1.33999997	-0.37057090	2.15458900
1.34999997	-0.37057090	1.72397900
1.35999997	-0.37057090	1.72397900
1.36999997	-0.35291590	1.72397900
1.37999997	-0.35291590	1.72397900
1.38999996	-0.35291590	2.15458900
1.39999996	-0.33532240	2.15458900
1.40999996	-0.33532240	2.15458900
1.41999996	-0.33532240	2.15458900
1.42999996	-0.33532240	1.72397900
1.43999996	-0.31766730	2.15458900
1.44999996	-0.31766730	1.72397900
1.45999996	-0.31766730	2.15458900
1.46999996	-0.30001230	2.15458900
1.47999996	-0.30001230	1.72397900
1.48999996	-0.30001230	1.72397900
1.49999996	-0.28235730	2.15458900
1.50999996	-0.28235730	1.72397900
1.51999996	-0.28235730	2.15458900
1.52999996	-0.26470230	2.15458900
1.53999996	-0.26470230	2.15458900
1.54999996	-0.26470230	2.15458900
1.55999996	-0.24704720	1.72397900
1.56999996	-0.24704720	2.15458900
1.57999996	-0.24704720	2.15458900
1.58999996	-0.24704720	2.58519900
1.59999996	-0.22939220	1.72397900
1.60999996	-0.22939220	2.15458900
1.61999996	-0.22939220	2.15458900
1.62999996	-0.21173720	2.15458900
1.63999996	-0.21173720	2.15458900
1.64999996	-0.21173720	2.58519900
1.65999996	-0.19408220	2.15458900
1.66999996	-0.19408220	2.15458900
1.67999996	-0.19408220	1.72397900
1.68999996	-0.17642720	1.72397900
1.69999996	-0.17642720	2.15458900
1.70999996	-0.17642720	2.15458900
1.71999996	-0.17642720	2.15458900
1.72999996	-0.15883370	2.15458900
1.73999996	-0.15883370	2.15458900
1.74999996	-0.15883370	1.72397900
1.75999996	-0.14117860	2.15458900
1.76999996	-0.14117860	2.15458900
1.77999996	-0.14117860	2.15458900
1.78999995	-0.12352360	1.72397900
1.79999995	-0.12352360	2.15458900
1.80999995	-0.12352360	2.15458900
1.81999995	-0.10586860	2.15458900
1.82999995	-0.10586860	2.58519900
1.83999995	-0.10586860	2.15458900
1.84999995	-0.08821359	2.15458900
1.85999995	-0.08821359	2.15458900
1.86999995	-0.08821359	2.15458900
1.87999995	-0.07055856	2.15458900
1.88999995	-0.07055856	2.15458900
1.89999995	-0.05290354	2.15458900
1.90999995	-0.05290354	2.15458900
1.91999995	-0.05290354	2.15458900
1.92999995	-0.05290354	2.15458900
1.93999995	-0.03524852	2.15458900
1.94999995	-0.03524852	1.72397900
1.95999995	-0.03524852	2.15458900
1.96999995	-0.01759350	1.72397900
1.97999995	-0.01759350	2.15458900
1.98999995	0.00000000	1.72397900
1.99999995	0.00000000	1.72397900
2.00999995	0.00000000	1.72397900
2.01999995	0.01759350	1.72397900
2.02999995	0.01759350	1.72397900
2.03999995	0.01759350	1.72397900
2.04999995	0.03524852	1.29183100
2.05999995	0.03524852	1.72397900
2.06999995	0.05290354	1.29183100
2.07999995	0.05290354	0.86122040
2.08999995	0.05290354	1.29183100
2.09999995	0.07055856	1.29183100
2.10999995	0.07055856	0.86122040
2.11999995	0.07055856	0.86122040
2.12999995	0.08821359	0.43061020
2.13999995	0.08821359	0.00000000
2.14999995	0.08821359	0.43061020
2.15999995	0.10586860	0.00000000
2.16999995	0.10586860	0.00000000
2.17999994	0.10586860	0.00000000
2.18999994	0.12352360	0.00000000
2.19999994	0.12352360	-0.86122040
2.20999994	0.14117860	-0.86122040
2.21999994	0.14117860	-0.86122040
2.22999994	0.14117860	-0.86122040
2.23999994	0.15883370	-1.29183100
2.24999994	0.15883370	-1.72397900
2.25999994	0.15883370	-1.72397900
2.26999994	0.17642720	-2.15458900
2.27999994	0.17642720	-2.58519900
2.28999994	0.19408220	-2.58519900
2.29999994	0.19408220	-3.01734700
2.30999994	0.19408220	-3.01734700
2.31999994	0.19408220	-3.44795700
2.32999994	0.21173720	-3.44795700
2.33999994	0.21173720	-3.87856800
2.34999994	0.22939220	-4.31071600
2.35999994	0.22939220	-4.74132600
2.36999994	0.22939220	-4.74132600
2.37999994	0.24704720	-5.17193600
2.38999994	0.24704720	-5.60408400
2.39999994	0.24704720	-6.03469500
2.40999994	0.26470230	-6.03469500
2.41999994	0.26470230	-6.46530500
2.42999994	0.26470230	-6.46530500
2.43999994	0.28235730	-7.32806300
2.44999994	0.28235730	-7.32806300
2.45999994	0.28235730	-7.75867300
2.46999994	0.30001230	-8.19082200
2.47999994	0.30001230	-8.62143100
2.48999994	0.30001230	-8.62143100
2.49999994	0.31766730	-9.48419000
2.50999994	0.31766730	-9.48419000
2.51999994	0.33532240	-9.91480000
2.52999994	0.33532240	-10.34541000
2.53999994	0.33532240	-10.77756000
2.54999994	0.35291590	-11.20817000
2.55999994	0.35291590	-11.63878000
2.56999994	0.35291590	-12.06939000
2.57999993	0.37057090	-12.06939000
2.58999993	0.37057090	-12.93215000
2.59999993	0.37057090	-12.93215000
2.60999993	0.38822590	-13.79491000
2.61999993	0.38822590	-14.22552000
2.62999993	0.38822590	-14.22552000
2.63999993	0.40588090	-14.65613000
2.64999993	0.40588090	-15.08827000
2.65999993	0.42353590	-15.94949000
2.66999993	0.42353590	-16.38164000
2.67999993	0.42353590	-16.38164000
2.68999993	0.44119100	-17.24286000
2.69999993	0.44119100	-17.67501000
2.70999993	0.44119100	-17.67501000
2.71999993	0.45884600	-18.53623000
2.72999993	0.45884600	-18.96838000
2.73999993	0.45884600	-18.96838000
2.74999993	0.47650100	-19.82960000
2.75999993	0.47650100	-20.69236000
2.76999993	0.47650100	-20.69236000
2.77999993	0.49415600	-21.12297000
2.78999993	0.49415600	-21.55512000
2.79999993	0.51181100	-21.98573000
2.80999993	0.51181100	-22.41634000
2.81999993	0.51181100	-23.27909000
2.82999993	0.52940450	-23.70971000
2.83999993	0.52940450	-23.70971000
2.84999993	0.52940450	-24.14032000
2.85999993	0.54705950	-25.00307000
2.86999993	0.54705950	-25.43368000
2.87999993	0.54705950	-25.43368000
2.88999993	0.56471460	-25.86583000
2.89999993	0.56471460	-26.29644000
2.90999993	0.56471460	-26.72705000
2.91999993	0.58236960	-27.15920000
2.92999993	0.58236960	-28.02042000
2.93999993	0.60002460	-28.02042000
2.94999993	0.60002460	-28.45257000
2.95999993	0.60002460	-28.45257000
2.96999992	0.61767960	-29.31379000
2.97999992	0.61767960	-29.74594000
2.98999992	0.61767960	-29.74594000
2.99999992	0.63533470	-30.17655000
3.00999992	0.63533470	-30.60716000
3.01999992	0.63533470	-31.03931000
3.02999992	0.65298970	-31.03931000
3.03999992	0.65298970	-31.46992000
3.04999992	0.65298970	-31.46992000
3.05999992	0.67064470	-31.90053000
3.06999992	0.67064470	-32.33268000
3.07999992	0.68829970	-32.76329000
3.08999992	0.68829970	-32.76329000
3.09999992	0.68829970	-32.76329000
3.10999992	0.70589320	-32.76329000
3.11999992	0.70589320	-32.76329000
3.12999992	0.70589320	-33.19390000
3.13999992	0.72354820	-33.19390000
3.14999992	0.72354820	-33.19390000
3.15999992	0.72354820	-33.62450000
3.16999992	0.74120320	-33.62450000
3.17999992	0.74120320	-33.62450000
3.18999992	0.74120320	-33.62450000
3.19999992	0.75885830	-33.19390000
3.20999992	0.75885830	-33.62450000
3.21999992	0.75885830	-33.62450000
3.22999992	0.77651330	-33.19390000
3.23999992	0.77651330	-33.19390000
3.24999992	0.79416830	-33.19390000
3.25999992	0.79416830	-33.19390000
3.26999992	0.79416830	-32.76329000
3.27999992	0.81182330	-32.76329000
3.28999992	0.81182330	-32.76329000
3.29999992	0.81182330	-32.33268000
3.30999992	0.82947830	-32.33268000
3.31999992	0.82947830	-31.90053000
3.32999992	0.82947830	-31.90053000
3.33999992	0.84713330	-31.46992000
3.34999992	0.84713330	-31.03931000
3.35999992	0.84713330	-31.03931000
3.36999991	0.86478840	-30.17655000
3.37999991	0.86478840	-30.17655000
3.38999991	0.86478840	-29.74594000
3.39999991	0.88238190	-29.31379000
3.40999991	0.88238190	-28.88318000
3.41999991	0.90003690	-28.45257000
3.42999991	0.90003690	-28.02042000
3.43999991	0.90003690	-27.58981000
3.44999991	0.91769190	-27.15920000
3.45999991	0.91769190	-26.72705000
3.46999991	0.91769190	-26.29644000
3.47999991	0.93534700	-25.86583000
3.48999991	0.93534700	-25.43368000
3.49999991	0.93534700	-25.00307000
3.50999991	0.95300200	-24.57246000
3.51999991	0.95300200	-24.14032000
3.52999991	0.95300200	-23.70971000
3.53999991	0.97065700	-22.84695000
3.54999991	0.97065700	-22.41634000
3.55999991	0.97065700	-21.98573000
3.56999991	0.98831200	-21.55512000
3.57999991	0.98831200	-21.12297000
3.58999991	1.00596700	-19.82960000
3.59999991	1.00596700	-19.82960000
3.60999991	1.00596700	-19.39899000
3.61999991	1.02362200	-18.53623000
3.62999991	1.02362200	-18.53623000
3.63999991	1.02362200	-17.67501000
3.64999991	1.04127700	-17.24286000
3.65999991	1.04127700	-16.38164000
3.66999991	1.04127700	-16.38164000
3.67999991	1.05887100	-15.94949000
3.68999991	1.05887100	-15.08827000
3.69999991	1.05887100	-14.65613000
3.70999991	1.07652600	-13.79491000
3.71999991	1.07652600	-13.36276000
3.72999991	1.09418100	-12.93215000
3.73999991	1.09418100	-12.06939000
3.74999991	1.09418100	-11.63878000
3.75999991	1.09418100	-11.20817000
3.76999990	1.11183600	-10.77756000
3.77999990	1.11183600	-9.91480000
3.78999990	1.12949100	-9.91480000
3.79999990	1.12949100	-9.05204100
3.80999990	1.12949100	-8.62143100
3.81999990	1.14714600	-7.75867300
3.82999990	1.14714600	-7.75867300
3.83999990	1.14714600	-6.89745300
3.84999990	1.16480100	-6.46530500
3.85999990	1.16480100	-6.03469500
3.86999990	1.16480100	-5.60408400
3.87999990	1.18245600	-5.17193600
3.88999990	1.18245600	-4.31071600
3.89999990	1.18245600	-3.87856800
3.90999990	1.20011100	-3.44795700
3.91999990	1.20011100	-3.01734700
3.92999990	1.21770400	-2.58519900
3.93999990	1.21770400	-2.15458900
3.94999990	1.21770400	-1.72397900
3.95999990	1.23535900	-1.29183100
3.96999990	1.23535900	-0.43061020
3.97999990	1.23535900	-0.43061020
3.98999990	1.25301400	0.43061020
3.99999990	1.25301400	0.86122040
4.00999990	1.25301400	1.29183100
4.01999990	1.27066900	1.72397900
4.02999990	1.27066900	2.15458900
4.03999990	1.27066900	2.58519900
4.04999990	1.28832400	3.01734700
4.05999990	1.28832400	3.44795700
4.06999990	1.30597900	3.87856800
4.07999990	1.30597900	4.31071600
4.08999990	1.30597900	4.74132600
4.09999990	1.32363400	5.17193600
4.10999990	1.32363400	5.17193600
4.11999990	1.32363400	5.60408400
4.12999990	1.34128900	6.03469500
4.13999990	1.34128900	6.46530500
4.14999990	1.34128900	6.89745300
4.15999989	1.35894400	6.89745300
4.16999989	1.35894400	7.75867300
4.17999989	1.35894400	7.75867300
4.18999989	1.37659900	8.19082200
4.19999989	1.37659900	8.62143100
4.20999989	1.37659900	8.62143100
4.21999989	1.39419300	9.48419000
4.22999989	1.39419300	9.48419000
4.23999989	1.41184800	9.91480000
4.24999989	1.41184800	9.91480000
4.25999989	1.41184800	10.34541000
4.26999989	1.42950300	10.77756000
4.27999989	1.42950300	10.77756000
4.28999989	1.42950300	11.20817000
4.29999989	1.44715800	11.63878000
4.30999989	1.44715800	11.63878000
4.31999989	1.44715800	11.63878000
4.32999989	1.46481300	12.06939000
4.33999989	1.46481300	12.50154000
4.34999989	1.46481300	12.50154000
4.35999989	1.48246800	12.93215000
4.36999989	1.48246800	13.36276000
4.37999989	1.48246800	13.36276000
4.38999989	1.50012300	13.79491000
4.39999989	1.50012300	13.79491000
4.40999989	1.50012300	14.22552000
4.41999989	1.51777800	14.22552000
4.42999989	1.51777800	14.65613000
4.43999989	1.51777800	14.65613000
4.44999989	1.53543300	15.08827000
4.45999989	1.53543300	15.08827000
4.46999989	1.53543300	15.08827000
4.47999989	1.55308800	15.08827000
4.48999989	1.55308800	15.51888000
4.49999989	1.55308800	15.51888000
4.50999989	1.57068200	15.94949000
4.51999989	1.57068200	15.94949000
4.52999989	1.58833700	15.94949000
4.53999989	1.58833700	15.94949000
4.54999989	1.58833700	16.38164000
4.55999988	1.60599200	16.38164000
4.56999988	1.60599200	16.38164000
4.57999988	1.60599200	16.81225000
4.58999988	1.62364700	16.81225000
4.59999988	1.62364700	16.81225000
4.60999988	1.64130200	17.24286000
4.61999988	1.64130200	16.81225000
4.62999988	1.64130200	17.67501000
4.63999988	1.65895700	17.24286000
4.64999988	1.65895700	17.67501000
4.65999988	1.65895700	17.24286000
4.66999988	1.65895700	17.67501000
4.67999988	1.67661200	17.67501000
4.68999988	1.67661200	17.67501000
4.69999988	1.67661200	17.67501000
4.70999988	1.69426700	17.67501000
4.71999988	1.69426700	17.67501000
4.72999988	1.67661200	17.67501000
4.73999988	1.67661200	17.67501000
4.74999988	1.67661200	18.10562000
4.75999988	1.65895700	18.10562000
4.76999988	1.65895700	17.67501000
4.77999988	1.65895700	17.67501000
4.78999988	1.64130200	18.10562000
4.79999988	1.64130200	18.10562000
4.80999988	1.64130200	17.67501000
4.81999988	1.62364700	17.67501000
4.82999988	1.62364700	18.10562000
4.83999988	1.62364700	17.67501000
4.84999988	1.60599200	18.10562000
4.85999988	1.60599200	18.10562000
4.86999988	1.60599200	18.10562000
4.87999988	1.58833700	18.53623000
4.88999988	1.58833700	18.10562000
4.89999988	1.57068200	18.10562000
4.90999988	1.57068200	18.10562000
4.91999988	1.57068200	18.53623000
4.92999988	1.55308800	18.10562000
4.93999988	1.55308800	18.53623000
4.94999987	1.55308800	18.10562000
4.95999987	1.53543300	18.53623000
4.96999987	1.53543300	18.10562000
4.97999987	1.51777800	18.53623000
4.98999987	1.51777800	18.53623000
4.99999987	1.51777800	18.53623000
5.00999987	1.50012300	18.53623000
5.01999987	1.50012300	18.53623000
5.02999987	1.50012300	18.96838000
5.03999987	1.50012300	18.96838000
5.04999987	1.48246800	18.96838000
5.05999987	1.48246800	18.96838000
5.06999987	1.46481300	18.96838000
5.07999987	1.46481300	18.96838000
5.08999987	1.46481300	18.96838000
5.09999987	1.44715800	18.96838000
5.10999987	1.44715800	18.96838000
5.11999987	1.44715800	18.96838000
5.12999987	1.42950300	19.39899000
5.13999987	1.42950300	19.39899000
5.14999987	1.41184800	19.39899000
5.15999987	1.41184800	19.82960000
5.16999987	1.41184800	19.39899000
5.17999987	1.39419300	19.82960000
5.18999987	1.39419300	19.82960000
5.19999987	1.39419300	19.39899000
5.20999987	1.37659900	19.82960000
5.21999987	1.37659900	19.82960000
5.22999987	1.37659900	19.82960000
5.23999987	1.35894400	19.82960000
5.24999987	1.35894400	19.82960000
5.25999987	1.35894400	20.26175000
5.26999987	1.34128900	20.26175000
5.27999987	1.34128900	19.82960000
5.28999987	1.32363400	20.26175000
5.29999987	1.32363400	20.26175000
5.30999987	1.32363400	20.26175000
5.31999987	1.30597900	20.26175000
5.32999987	1.30597900	20.26175000
5.33999987	1.30597900	20.26175000
5.34999986	1.28832400	20.26175000
5.35999986	1.28832400	20.69236000
5.36999986	1.28832400	20.69236000
5.37999986	1.27066900	20.69236000
5.38999986	1.27066900	20.69236000
5.39999986	1.27066900	20.26175000
5.40999986	1.25301400	20.69236000
5.41999986	1.25301400	20.69236000
5.42999986	1.23535900	20.69236000
5.43999986	1.23535900	21.12297000
5.44999986	1.21770400	20.69236000
5.45999986	1.21770400	21.12297000
5.46999986	1.21770400	21.12297000
5.47999986	1.21770400	21.12297000
5.48999986	1.20011100	21.12297000
5.49999986	1.20011100	21.12297000
5.50999986	1.20011100	21.12297000
5.51999986	1.18245600	21.12297000
5.52999986	1.18245600	21.12297000
5.53999986	1.16480100	21.12297000
5.54999986	1.16480100	21.12297000
5.55999986	1.16480100	21.55512000
5.56999986	1.14714600	21.12297000
5.57999986	1.14714600	21.55512000
5.58999986	1.14714600	21.55512000
5.59999986	1.12949100	21.55512000
5.60999986	1.12949100	21.55512000
5.61999986	1.12949100	21.12297000
5.62999986	1.11183600	21.12297000
5.63999986	1.11183600	21.55512000
5.64999986	1.11183600	21.55512000
5.65999986	1.09418100	21.55512000
5.66999986	1.09418100	21.55512000
5.67999986	1.07652600	21.12297000
5.68999986	1.07652600	21.12297000
5.69999986	1.07652600	21.55512000
5.70999986	1.05887100	21.12297000
5.71999986	1.05887100	21.55512000
5.72999986	1.05887100	21.12297000
5.73999985	1.04127700	21.12297000
5.74999985	1.04127700	21.12297000
5.75999985	1.04127700	21.12297000
5.76999985	1.02362200	21.12297000
5.77999985	1.02362200	21.12297000
5.78999985	1.00596700	20.69236000
5.79999985	1.00596700	21.12297000
5.80999985	1.00596700	20.69236000
5.81999985	0.98831200	20.69236000
5.82999985	0.98831200	20.69236000
5.83999985	0.98831200	20.69236000
5.84999985	0.97065700	20.69236000
5.85999985	0.97065700	20.69236000
5.86999985	0.95300200	20.69236000
5.87999985	0.95300200	20.26175000
5.88999985	0.95300200	20.26175000
5.89999985	0.93534700	20.26175000
5.90999985	0.93534700	20.26175000
5.91999985	0.93534700	19.82960000
5.92999985	0.91769190	20.26175000
5.93999985	0.91769190	19.82960000
5.94999985	0.91769190	19.82960000
5.95999985	0.90003690	19.39899000
5.96999985	0.90003690	19.39899000
5.97999985	0.88238190	19.82960000
5.98999985	0.88238190	19.39899000
5.99999985	0.88238190	18.96838000
6.00999985	0.86478840	19.39899000
6.01999985	0.86478840	18.96838000
6.02999985	0.86478840	18.96838000
6.03999985	0.84713330	18.96838000
6.04999985	0.84713330	18.53623000
6.05999985	0.84713330	18.53623000
6.06999985	0.82947830	18.10562000
6.07999985	0.82947830	18.10562000
6.08999985	0.82947830	18.10562000
6.09999985	0.81182330	18.10562000
6.10999985	0.81182330	17.67501000
6.11999985	0.81182330	17.67501000
6.12999985	0.79416830	17.24286000
6.13999984	0.79416830	17.24286000
6.14999984	0.77651330	16.81225000
6.15999984	0.77651330	16.81225000
6.16999984	0.77651330	16.81225000
6.17999984	0.75885830	16.38164000
6.18999984	0.75885830	16.38164000
6.19999984	0.75885830	15.94949000
6.20999984	0.74120320	15.94949000
6.21999984	0.74120320	15.51888000
6.22999984	0.74120320	15.51888000
6.23999984	0.72354820	15.51888000
6.24999984	0.72354820	15.08827000
6.25999984	0.70589320	15.08827000
6.26999984	0.70589320	14.22552000
6.27999984	0.70589320	14.22552000
6.28999984	0.68829970	13.79491000
6.29999984	0.68829970	13.79491000
6.30999984	0.68829970	13.36276000
6.31999984	0.67064470	12.93215000
6.32999984	0.67064470	12.93215000
6.33999984	0.67064470	12.93215000
6.34999984	0.65298970	12.50154000
6.35999984	0.65298970	12.06939000
6.36999984	0.65298970	12.06939000
6.37999984	0.63533470	11.63878000
6.38999984	0.63533470	11.20817000
6.39999984	0.61767960	11.20817000
6.40999984	0.61767960	10.77756000
6.41999984	0.61767960	10.34541000
6.42999984	0.60002460	9.91480000
6.43999984	0.60002460	9.48419000
6.44999984	0.60002460	9.48419000
6.45999984	0.58236960	9.05204100
6.46999984	0.58236960	8.62143100
6.47999984	0.58236960	8.19082200
6.48999984	0.56471460	8.19082200
6.49999984	0.56471460	7.75867300
6.50999984	0.56471460	7.32806300
6.51999984	0.54705950	6.89745300
6.52999984	0.54705950	6.89745300
6.53999983	0.52940450	6.46530500
6.54999983	0.52940450	6.03469500
6.55999983	0.52940450	5.60408400
6.56999983	0.51181100	5.17193600
6.57999983	0.51181100	4.74132600
6.58999983	0.51181100	4.31071600
6.59999983	0.49415600	4.31071600
6.60999983	0.49415600	3.87856800
6.61999983	0.49415600	3.44795700
6.62999983	0.47650100	3.01734700
6.63999983	0.47650100	2.58519900
6.64999983	0.45884600	2.15458900
6.65999983	0.45884600	1.72397900
6.66999983	0.45884600	1.29183100
6.67999983	0.44119100	0.86122040
6.68999983	0.44119100	0.00000000
6.69999983	0.44119100	0.00000000
6.70999983	0.42353590	-0.43061020
6.71999983	0.42353590	-1.29183100
6.72999983	0.42353590	-1.29183100
6.73999983	0.40588090	-2.15458900
6.74999983	0.40588090	-2.58519900
6.75999983	0.40588090	-3.01734700
6.76999983	0.38822590	-3.01734700
6.77999983	0.38822590	-3.87856800
6.78999983	0.37057090	-4.31071600
6.79999983	0.37057090	-4.74132600
6.80999983	0.37057090	-5.17193600
6.81999983	0.37057090	-5.60408400
6.82999983	0.35291590	-6.03469500
6.83999983	0.35291590	-6.89745300
6.84999983	0.33532240	-7.32806300
6.85999983	0.33532240	-7.75867300
6.86999983	0.33532240	-8.19082200
6.87999983	0.31766730	-8.62143100
6.88999983	0.31766730	-9.05204100
6.89999983	0.31766730	-9.48419000
6.90999983	0.30001230	-10.34541000
6.91999983	0.30001230	-10.34541000
6.92999982	0.30001230	-11.20817000
6.93999982	0.28235730	-11.63878000
6.94999982	0.28235730	-12.06939000
6.95999982	0.26470230	-12.50154000
6.96999982	0.26470230	-12.93215000
6.97999982	0.26470230	-13.36276000
6.98999982	0.24704720	-14.22552000
6.99999982	0.24704720	-14.65613000
7.00999982	0.22939220	-15.51888000
7.01999982	0.22939220	-15.51888000
7.02999982	0.22939220	-15.94949000
7.03999982	0.21173720	-16.38164000
7.04999982	0.21173720	-16.81225000
7.05999982	0.21173720	-17.67501000
7.06999982	0.19408220	-17.67501000
7.07999982	0.19408220	-18.10562000
7.08999982	0.19408220	-18.96838000
7.09999982	0.17642720	-19.39899000
7.10999982	0.17642720	-19.39899000
7.11999982	0.17642720	-19.82960000
7.12999982	0.15883370	-20.26175000
7.13999982	0.15883370	-20.69236000
7.14999982	0.15883370	-21.12297000
7.15999982	0.14117860	-21.55512000
7.16999982	0.14117860	-21.98573000
7.17999982	0.12352360	-22.41634000
7.18999982	0.12352360	-22.41634000
7.19999982	0.12352360	-22.84695000
7.20999982	0.10586860	-22.84695000
7.21999982	0.10586860	-23.27909000
7.22999982	0.10586860	-23.70971000
7.23999982	0.08821359	-24.14032000
7.24999982	0.08821359	-24.14032000
7.25999982	0.08821359	-24.57246000
7.26999982	0.07055856	-24.57246000
7.27999982	0.07055856	-25.00307000
7.28999982	0.05290354	-25.00307000
7.29999982	0.05290354	-25.43368000
7.30999982	0.05290354	-25.43368000
7.31999982	0.03524852	-25.43368000
7.32999981	0.03524852	-25.86583000
7.33999981	0.03524852	-25.43368000
7.34999981	0.01759350	-25.43368000
7.35999981	0.01759350	-25.43368000
7.36999981	0.01759350	-25.86583000
7.37999981	0.00000000	-25.43368000
7.38999981	0.00000000	-25.43368000
7.39999981	-0.01759350	-25.86583000
7.40999981	-0.01759350	-25.43368000
7.41999981	-0.01759350	-25.00307000
7.42999981	-0.03524852	-25.00307000
7.43999981	-0.03524852	-25.43368000
7.44999981	-0.03524852	-25.00307000
7.45999981	-0.05290354	-25.00307000
7.46999981	-0.05290354	-24.57246000
7.47999981	-0.05290354	-24.57246000
7.48999981	-0.07055856	-24.57246000
7.49999981	-0.07055856	-24.14032000
7.50999981	-0.07055856	-23.70971000
7.51999981	-0.08821359	-23.27909000
7.52999981	-0.08821359	-23.27909000
7.53999981	-0.10586860	-23.27909000
7.54999981	-0.10586860	-22.41634000
7.55999981	-0.10586860	-22.41634000
7.56999981	-0.10586860	-22.41634000
7.57999981	-0.12352360	-21.98573000
7.58999981	-0.12352360	-21.55512000
7.59999981	-0.14117860	-21.12297000
7.60999981	-0.14117860	-20.69236000
7.61999981	-0.14117860	-20.69236000
7.62999981	-0.14117860	-20.69236000
7.63999981	-0.15883370	-19.82960000
7.64999981	-0.15883370	-19.82960000
7.65999981	-0.15883370	-19.39899000
7.66999981	-0.17642720	-19.39899000
7.67999981	-0.17642720	-18.96838000
7.68999981	-0.17642720	-18.10562000
7.69999981	-0.19408220	-18.53623000
7.70999981	-0.19408220	-18.10562000
7.71999980	-0.19408220	-18.10562000
7.72999980	-0.21173720	-17.67501000
7.73999980	-0.21173720	-17.24286000
7.74999980	-0.21173720	-16.81225000
7.75999980	-0.22939220	-16.81225000
7.76999980	-0.22939220	-16.81225000
7.77999980	-0.22939220	-16.38164000
7.78999980	-0.24704720	-15.94949000
7.79999980	-0.24704720	-15.51888000
7.80999980	-0.24704720	-15.51888000
7.81999980	-0.26470230	-15.51888000
7.82999980	-0.26470230	-15.08827000
7.83999980	-0.26470230	-15.08827000
7.84999980	-0.26470230	-14.65613000
7.85999980	-0.28235730	-14.22552000
7.86999980	-0.28235730	-14.22552000
7.87999980	-0.28235730	-13.79491000
7.88999980	-0.30001230	-14.22552000
7.89999980	-0.30001230	-13.36276000
7.90999980	-0.30001230	-13.36276000
7.91999980	-0.31766730	-12.93215000
7.92999980	-0.31766730	-12.93215000
7.93999980	-0.31766730	-12.93215000
7.94999980	-0.33532240	-12.50154000
7.95999980	-0.33532240	-12.50154000
7.96999980	-0.33532240	-12.06939000
7.97999980	-0.33532240	-12.06939000
7.98999980	-0.35291590	-11.63878000
7.99999980	-0.35291590	-11.63878000
8.00999980	-0.35291590	-11.63878000
8.01999980	-0.37057090	-11.20817000
8.02999980	-0.37057090	-10.77756000
8.03999980	-0.37057090	-10.77756000
8.04999980	-0.38822590	-10.77756000
8.05999980	-0.38822590	-10.34541000
8.06999980	-0.38822590	-10.34541000
8.07999980	-0.40588090	-9.91480000
8.08999980	-0.40588090	-9.91480000
8.09999980	-0.40588090	-9.91480000
8.10999980	-0.40588090	-9.48419000
8.11999979	-0.42353590	-9.48419000
8.12999979	-0.42353590	-9.48419000
8.13999979	-0.42353590	-9.05204100
8.14999979	-0.44119100	-9.05204100
8.15999979	-0.44119100	-8.62143100
8.16999979	-0.44119100	-8.62143100
8.17999979	-0.45884600	-8.62143100
8.18999979	-0.45884600	-8.62143100
8.19999979	-0.45884600	-8.19082200
8.20999979	-0.45884600	-7.75867300
8.21999979	-0.47650100	-8.19082200
8.22999979	-0.47650100	-7.75867300
8.23999979	-0.47650100	-7.75867300
8.24999979	-0.49415600	-7.75867300
8.25999979	-0.49415600	-7.32806300
8.26999979	-0.49415600	-7.32806300
8.27999979	-0.51181100	-7.32806300
8.28999979	-0.51181100	-7.32806300
8.29999979	-0.51181100	-7.32806300
8.30999979	-0.51181100	-6.89745300
8.31999979	-0.52940450	-6.89745300
8.32999979	-0.52940450	-6.46530500
8.33999979	-0.52940450	-6.89745300
8.34999979	-0.54705950	-6.46530500
8.35999979	-0.54705950	-6.46530500
8.36999979	-0.54705950	-6.03469500
8.37999979	-0.56471460	-6.46530500
8.38999979	-0.56471460	-6.03469500
8.39999979	-0.56471460	-5.60408400
8.40999979	-0.58236960	-6.03469500
8.41999979	-0.58236960	-5.60408400
8.42999979	-0.58236960	-5.60408400
8.43999979	-0.60002460	-5.60408400
8.44999979	-0.60002460	-5.60408400
8.45999979	-0.60002460	-5.60408400
8.46999979	-0.60002460	-5.60408400
8.47999979	-0.61767960	-5.17193600
8.48999979	-0.61767960	-5.17193600
8.49999979	-0.61767960	-5.17193600
8.50999979	-0.63533470	-4.74132600
8.51999978	-0.63533470	-5.17193600
8.52999978	-0.63533470	-5.17193600
8.53999978	-0.63533470	-5.17193600
8.54999978	-0.65298970	-4.74132600
8.55999978	-0.65298970	-4.74132600
8.56999978	-0.65298970	-4.74132600
8.57999978	-0.67064470	-4.74132600
8.58999978	-0.67064470	-4.31071600
8.59999978	-0.67064470	-4.31071600
8.60999978	-0.67064470	-4.31071600
8.61999978	-0.68829970	-4.31071600
8.62999978	-0.68829970	-4.31071600
8.63999978	-0.70589320	-3.87856800
8.64999978	-0.70589320	-3.87856800
8.65999978	-0.70589320	-4.31071600
8.66999978	-0.72354820	-4.31071600
8.67999978	-0.72354820	-4.31071600
8.68999978	-0.72354820	-3.87856800
8.69999978	-0.72354820	-3.44795700
8.70999978	-0.74120320	-3.87856800
8.71999978	-0.74120320	-3.44795700
8.72999978	-0.74120320	-3.44795700
8.73999978	-0.74120320	-3.87856800
8.74999978	-0.75885830	-3.44795700
8.75999978	-0.75885830	-3.44795700
8.76999978	-0.75885830	-3.44795700
8.77999978	-0.77651330	-3.44795700
8.78999978	-0.77651330	-3.44795700
8.79999978	-0.77651330	-3.44795700
8.80999978	-0.79416830	-3.44795700
8.81999978	-0.79416830	-3.44795700
8.82999978	-0.79416830	-3.44795700
8.83999978	-0.81182330	-3.44795700
8.84999978	-0.81182330	-3.44795700
8.85999978	-0.81182330	-3.01734700
8.86999978	-0.81182330	-3.44795700
8.87999978	-0.82947830	-3.01734700
8.88999978	-0.82947830	-3.01734700
8.89999978	-0.82947830	-3.01734700
8.90999977	-0.82947830	-3.01734700
8.91999977	-0.84713330	-3.01734700
8.92999977	-0.84713330	-2.58519900
8.93999977	-0.84713330	-2.58519900
8.94999977	-0.86478840	-2.58519900
8.95999977	-0.86478840	-2.58519900
8.96999977	-0.88238190	-3.01734700
8.97999977	-0.88238190	-3.01734700
8.98999977	-0.88238190	-2.58519900
8.99999977	-0.88238190	-2.15458900
9.00999977	-0.88238190	-2.58519900
9.01999977	-0.90003690	-2.15458900
9.02999977	-0.90003690	-2.58519900
9.03999977	-0.91769190	-2.58519900
9.04999977	-0.91769190	-2.15458900
9.05999977	-0.91769190	-2.15458900
9.06999977	-0.91769190	-2.15458900
9.07999977	-0.93534700	-2.15458900
9.08999977	-0.93534700	-2.15458900
9.09999977	-0.93534700	-2.15458900
9.10999977	-0.93534700	-2.15458900
9.11999977	-0.95300200	-2.15458900
9.12999977	-0.95300200	-2.15458900
9.13999977	-0.97065700	-2.15458900
9.14999977	-0.97065700	-2.15458900
9.15999977	-0.97065700	-2.15458900
9.16999977	-0.97065700	-2.15458900
9.17999977	-0.98831200	-2.15458900
9.18999977	-0.98831200	-1.72397900
9.19999977	-0.98831200	-1.72397900
9.20999977	-0.98831200	-1.72397900
9.21999977	-1.00596700	-1.72397900
9.22999977	-1.00596700	-1.72397900
9.23999977	-1.02362200	-1.72397900
9.24999977	-1.02362200	-1.29183100
9.25999977	-1.02362200	-1.29183100
9.26999977	-1.04127700	-1.72397900
9.27999977	-1.04127700	-1.29183100
9.28999977	-1.04127700	-1.72397900
9.29999977	-1.04127700	-1.29183100
9.30999976	-1.05887100	-1.29183100
9.31999976	-1.05887100	-1.29183100
9.32999976	-1.05887100	-1.29183100
9.33999976	-1.07652600	-1.29183100
9.34999976	-1.07652600	-1.29183100
9.35999976	-1.07652600	-1.29183100
9.36999976	-1.09418100	-1.29183100
9.37999976	-1.09418100	-1.29183100
9.38999976	-1.09418100	-1.29183100
9.39999976	-1.09418100	-0.86122040
9.40999976	-1.11183600	-0.86122040
9.41999976	-1.11183600	-0.86122040
9.42999976	-1.11183600	-0.86122040
9.43999976	-1.12949100	-1.29183100
9.44999976	-1.12949100	-0.43061020
9.45999976	-1.12949100	-0.86122040
9.46999976	-1.12949100	-0.86122040
9.47999976	-1.14714600	-0.43061020
9.48999976	-1.14714600	-0.86122040
9.49999976	-1.14714600	-0.43061020
9.50999976	-1.14714600	-0.86122040
9.51999976	-1.16480100	-0.43061020
9.52999976	-1.16480100	-0.43061020
9.53999976	-1.18245600	-0.43061020
9.54999976	-1.18245600	-0.43061020
9.55999976	-1.18245600	-0.43061020
9.56999976	-1.18245600	0.00000000
9.57999976	-1.20011100	0.00000000
9.58999976	-1.20011100	0.00000000
9.59999976	-1.20011100	0.00000000
9.60999976	-1.21770400	0.00000000
9.61999976	-1.21770400	0.00000000
9.62999976	-1.21770400	0.00000000
9.63999976	-1.21770400	0.00000000
9.64999976	-1.23535900	0.43061020
9.65999976	-1.23535900	0.00000000
9.66999976	-1.23535900	0.00000000
9.67999976	-1.25301400	0.43061020
9.68999976	-1.25301400	0.43061020
9.69999975	-1.25301400	0.00000000
9.70999975	-1.27066900	0.43061020
9.71999975	-1.27066900	0.43061020
9.72999975	-1.27066900	0.43061020
9.73999975	-1.27066900	0.86122040
9.74999975	-1.28832400	0.43061020
9.75999975	-1.28832400	0.86122040
9.76999975	-1.28832400	0.43061020
9.77999975	-1.30597900	0.86122040
9.78999975	-1.30597900	0.86122040
9.79999975	-1.30597900	0.86122040
9.80999975	-1.32363400	0.43061020
9.81999975	-1.32363400	0.86122040
9.82999975	-1.32363400	0.86122040
9.83999975	-1.32363400	0.86122040
9.84999975	-1.34128900	0.86122040
9.85999975	-1.34128900	0.86122040
9.86999975	-1.34128900	0.86122040
9.87999975	-1.35894400	1.29183100
9.88999975	-1.35894400	1.29183100
9.89999975	-1.35894400	1.29183100
9.90999975	-1.35894400	1.29183100
9.91999975	-1.35894400	1.29183100
9.92999975	-1.37659900	1.29183100
9.93999975	-1.37659900	1.29183100
9.94999975	-1.39419300	1.29183100
9.95999975	-1.39419300	1.29183100
9.96999975	-1.39419300	1.29183100
9.97999975	-1.41184800	1.72397900
9.98999975	-1.41184800	1.72397900
9.99999975	-1.41184800	1.72397900
10.00999975	-1.42950300	1.72397900
10.01999975	-1.42950300	1.72397900
10.02999975	-1.42950300	1.72397900
