Frequency	Channel A	Channel B
(ms)	(V)	(mV)

0.00000000	-3.63296600	-6.89745300
0.01000000	-3.63296600	-6.89745300
0.02000000	-3.67725800	-7.32806300
0.03000000	-3.67725800	-7.32806300
0.04000000	-3.67725800	-7.32806300
0.05000000	-3.72154900	-7.75867300
0.06000000	-3.72154900	-7.32806300
0.07000000	-3.72154900	-7.75867300
0.08000000	-3.72154900	-7.75867300
0.09000000	-3.72154900	-7.75867300
0.10000000	-3.72154900	-7.75867300
0.11000000	-3.67725800	-7.75867300
0.12000000	-3.67725800	-8.19082200
0.13000000	-3.67725800	-8.19082200
0.14000000	-3.67725800	-8.19082200
0.15000000	-3.63296600	-8.62143100
0.16000000	-3.63296600	-8.62143100
0.17000000	-3.63296600	-9.05204100
0.18000000	-3.58852100	-8.62143100
0.19000000	-3.58852100	-9.05204100
0.19999999	-3.58852100	-9.05204100
0.20999999	-3.58852100	-9.48419000
0.21999999	-3.54423000	-9.48419000
0.22999999	-3.49993800	-9.48419000
0.23999999	-3.49993800	-9.48419000
0.24999999	-3.45564700	-9.48419000
0.25999999	-3.49993800	-9.48419000
0.26999999	-3.45564700	-9.48419000
0.27999999	-3.45564700	-9.48419000
0.28999999	-3.45564700	-9.91480000
0.29999999	-3.45564700	-9.91480000
0.30999999	-3.41135600	-10.34541000
0.31999999	-3.36706400	-9.91480000
0.32999999	-3.36706400	-10.34541000
0.33999999	-3.36706400	-10.34541000
0.34999999	-3.36706400	-9.91480000
0.35999999	-3.32277300	-10.34541000
0.36999999	-3.32277300	-10.34541000
0.37999999	-3.32277300	-10.77756000
0.38999999	-3.27848200	-10.77756000
0.39999999	-3.27848200	-10.77756000
0.40999999	-3.27848200	-10.77756000
0.41999999	-3.27848200	-10.77756000
0.42999999	-3.27848200	-10.77756000
0.43999999	-3.27848200	-10.77756000
0.44999999	-3.23419000	-11.20817000
0.45999999	-3.18989900	-11.20817000
0.46999999	-3.18989900	-11.20817000
0.47999999	-3.18989900	-11.20817000
0.48999999	-3.18989900	-11.20817000
0.49999999	-3.14560800	-11.20817000
0.50999999	-3.14560800	-11.20817000
0.51999999	-3.14560800	-11.20817000
0.52999999	-3.10131600	-11.63878000
0.53999999	-3.10131600	-11.20817000
0.54999999	-3.10131600	-11.20817000
0.55999999	-3.05687100	-11.20817000
0.56999999	-3.05687100	-11.63878000
0.57999999	-3.05687100	-11.63878000
0.58999999	-3.01258000	-11.63878000
0.59999998	-3.01258000	-11.63878000
0.60999998	-2.96828900	-12.06939000
0.61999998	-3.01258000	-11.63878000
0.62999998	-2.96828900	-11.63878000
0.63999998	-2.96828900	-12.06939000
0.64999998	-2.96828900	-11.63878000
0.65999998	-2.92399700	-12.06939000
0.66999998	-2.92399700	-12.06939000
0.67999998	-2.92399700	-12.06939000
0.68999998	-2.87970600	-12.06939000
0.69999998	-2.87970600	-12.06939000
0.70999998	-2.87970600	-12.50154000
0.71999998	-2.83541500	-12.50154000
0.72999998	-2.83541500	-12.06939000
0.73999998	-2.83541500	-12.50154000
0.74999998	-2.83541500	-12.50154000
0.75999998	-2.79112300	-12.50154000
0.76999998	-2.74683200	-12.93215000
0.77999998	-2.74683200	-12.50154000
0.78999998	-2.74683200	-12.50154000
0.79999998	-2.74683200	-12.50154000
0.80999998	-2.70254100	-12.50154000
0.81999998	-2.74683200	-12.93215000
0.82999998	-2.65824900	-12.93215000
0.83999998	-2.70254100	-12.93215000
0.84999998	-2.65824900	-12.93215000
0.85999998	-2.65824900	-12.93215000
0.86999998	-2.65824900	-12.93215000
0.87999998	-2.65824900	-12.93215000
0.88999998	-2.56951300	-13.36276000
0.89999998	-2.61395800	-13.36276000
0.90999998	-2.61395800	-13.36276000
0.91999998	-2.56951300	-13.36276000
0.92999998	-2.56951300	-13.36276000
0.93999998	-2.56951300	-13.36276000
0.94999998	-2.48093000	-13.36276000
0.95999998	-2.48093000	-13.36276000
0.96999998	-2.52522100	-12.93215000
0.97999998	-2.48093000	-13.36276000
0.98999997	-2.48093000	-13.36276000
0.99999997	-2.48093000	-13.79491000
1.00999997	-2.43663900	-13.79491000
1.01999997	-2.43663900	-13.79491000
1.02999997	-2.43663900	-13.79491000
1.03999997	-2.43663900	-13.79491000
1.04999997	-2.39234700	-14.22552000
1.05999997	-2.39234700	-13.79491000
1.06999997	-2.39234700	-14.22552000
1.07999997	-2.34805600	-13.79491000
1.08999997	-2.34805600	-13.79491000
1.09999997	-2.30376500	-13.79491000
1.10999997	-2.30376500	-14.22552000
1.11999997	-2.25947300	-13.79491000
1.12999997	-2.30376500	-14.22552000
1.13999997	-2.25947300	-14.22552000
1.14999997	-2.21518200	-14.22552000
1.15999997	-2.25947300	-14.22552000
1.16999997	-2.21518200	-14.22552000
1.17999997	-2.21518200	-14.22552000
1.18999997	-2.21518200	-14.22552000
1.19999997	-2.17089100	-14.65613000
1.20999997	-2.17089100	-14.65613000
1.21999997	-2.17089100	-14.65613000
1.22999997	-2.17089100	-14.22552000
1.23999997	-2.12659900	-14.65613000
1.24999997	-2.08230800	-14.65613000
1.25999997	-2.12659900	-14.65613000
1.26999997	-2.08230800	-15.08827000
1.27999997	-2.03786300	-14.65613000
1.28999997	-2.08230800	-15.08827000
1.29999997	-2.03786300	-15.08827000
1.30999997	-2.03786300	-15.08827000
1.31999997	-2.03786300	-15.08827000
1.32999997	-1.99357200	-15.08827000
1.33999997	-2.03786300	-15.08827000
1.34999997	-1.94928000	-15.08827000
1.35999997	-1.94928000	-15.08827000
1.36999997	-1.94928000	-15.51888000
1.37999997	-1.94928000	-15.51888000
1.38999996	-1.90498900	-15.08827000
1.39999996	-1.94928000	-15.94949000
1.40999996	-1.90498900	-15.94949000
1.41999996	-1.90498900	-15.51888000
1.42999996	-1.86069800	-15.51888000
1.43999996	-1.86069800	-15.94949000
1.44999996	-1.81640600	-15.94949000
1.45999996	-1.81640600	-15.94949000
1.46999996	-1.77211500	-15.94949000
1.47999996	-1.81640600	-15.94949000
1.48999996	-1.77211500	-15.94949000
1.49999996	-1.77211500	-15.94949000
1.50999996	-1.77211500	-15.94949000
1.51999996	-1.72782400	-16.38164000
1.52999996	-1.68353200	-15.94949000
1.53999996	-1.72782400	-16.38164000
1.54999996	-1.72782400	-16.38164000
1.55999996	-1.68353200	-16.38164000
1.56999996	-1.68353200	-16.81225000
1.57999996	-1.63924100	-16.38164000
1.58999996	-1.63924100	-16.81225000
1.59999996	-1.63924100	-16.81225000
1.60999996	-1.59495000	-17.24286000
1.61999996	-1.59495000	-16.81225000
1.62999996	-1.55065800	-17.24286000
1.63999996	-1.59495000	-17.24286000
1.64999996	-1.55065800	-16.81225000
1.65999996	-1.55065800	-17.24286000
1.66999996	-1.50621300	-17.24286000
1.67999996	-1.50621300	-17.24286000
1.68999996	-1.50621300	-17.24286000
1.69999996	-1.50621300	-17.24286000
1.70999996	-1.50621300	-17.67501000
1.71999996	-1.46192200	-17.24286000
1.72999996	-1.46192200	-17.67501000
1.73999996	-1.41763000	-17.67501000
1.74999996	-1.41763000	-17.67501000
1.75999996	-1.41763000	-17.67501000
1.76999996	-1.41763000	-18.10562000
1.77999996	-1.41763000	-17.67501000
1.78999995	-1.37333900	-18.10562000
1.79999995	-1.37333900	-18.10562000
1.80999995	-1.32904800	-18.10562000
1.81999995	-1.32904800	-18.10562000
1.82999995	-1.32904800	-18.53623000
1.83999995	-1.28475600	-18.53623000
1.84999995	-1.28475600	-18.53623000
1.85999995	-1.28475600	-18.53623000
1.86999995	-1.24046500	-18.53623000
1.87999995	-1.24046500	-18.53623000
1.88999995	-1.19617400	-18.96838000
1.89999995	-1.19617400	-18.96838000
1.90999995	-1.19617400	-18.53623000
1.91999995	-1.19617400	-18.96838000
1.92999995	-1.19617400	-18.96838000
1.93999995	-1.15188200	-19.39899000
1.94999995	-1.15188200	-18.96838000
1.95999995	-1.10759100	-19.39899000
1.96999995	-1.10759100	-19.39899000
1.97999995	-1.10759100	-19.39899000
1.98999995	-1.10759100	-19.82960000
1.99999995	-1.10759100	-19.39899000
2.00999995	-1.10759100	-19.82960000
2.01999995	-1.06330000	-19.82960000
2.02999995	-1.06330000	-19.39899000
2.03999995	-1.01885500	-19.82960000
2.04999995	-0.97456320	-19.82960000
2.05999995	-0.97456320	-19.82960000
2.06999995	-0.97456320	-20.26175000
2.07999995	-0.97456320	-20.26175000
2.08999995	-0.97456320	-19.82960000
2.09999995	-0.93027190	-20.26175000
2.10999995	-0.93027190	-20.26175000
2.11999995	-0.93027190	-20.26175000
2.12999995	-0.88598050	-20.69236000
2.13999995	-0.88598050	-20.69236000
2.14999995	-0.88598050	-20.69236000
2.15999995	-0.88598050	-20.69236000
2.16999995	-0.88598050	-21.12297000
2.17999994	-0.84168920	-21.12297000
2.18999994	-0.79739790	-21.12297000
2.19999994	-0.79739790	-21.12297000
2.20999994	-0.79739790	-21.12297000
2.21999994	-0.75310650	-21.12297000
2.22999994	-0.75310650	-21.12297000
2.23999994	-0.75310650	-21.55512000
2.24999994	-0.75310650	-21.55512000
2.25999994	-0.70881520	-21.12297000
2.26999994	-0.70881520	-21.55512000
2.27999994	-0.70881520	-21.55512000
2.28999994	-0.70881520	-21.98573000
2.29999994	-0.66452380	-21.55512000
2.30999994	-0.66452380	-21.55512000
2.31999994	-0.62023250	-21.55512000
2.32999994	-0.62023250	-21.98573000
2.33999994	-0.57594120	-21.55512000
2.34999994	-0.62023250	-21.55512000
2.35999994	-0.53164980	-21.98573000
2.36999994	-0.57594120	-21.55512000
2.37999994	-0.53164980	-21.98573000
2.38999994	-0.53164980	-21.98573000
2.39999994	-0.53164980	-21.98573000
2.40999994	-0.53164980	-21.98573000
2.41999994	-0.48720470	-21.98573000
2.42999994	-0.53164980	-21.98573000
2.43999994	-0.48720470	-21.98573000
2.44999994	-0.44291340	-22.41634000
2.45999994	-0.44291340	-21.98573000
2.46999994	-0.44291340	-21.98573000
2.47999994	-0.39862200	-22.41634000
2.48999994	-0.39862200	-22.41634000
2.49999994	-0.39862200	-22.41634000
2.50999994	-0.35433070	-22.41634000
2.51999994	-0.35433070	-22.41634000
2.52999994	-0.35433070	-22.41634000
2.53999994	-0.35433070	-22.41634000
2.54999994	-0.31003940	-22.84695000
2.55999994	-0.31003940	-22.84695000
2.56999994	-0.31003940	-22.84695000
2.57999993	-0.26574800	-22.41634000
2.58999993	-0.26574800	-22.84695000
2.59999993	-0.26574800	-22.84695000
2.60999993	-0.22145670	-23.27909000
2.61999993	-0.22145670	-22.84695000
2.62999993	-0.17716540	-22.84695000
2.63999993	-0.17716540	-22.84695000
2.64999993	-0.17716540	-23.27909000
2.65999993	-0.17716540	-22.84695000
2.66999993	-0.13287400	-22.84695000
2.67999993	-0.13287400	-23.27909000
2.68999993	-0.13287400	-23.27909000
2.69999993	-0.08858268	-23.27909000
2.70999993	-0.08858268	-23.27909000
2.71999993	-0.08858268	-22.84695000
2.72999993	-0.04429134	-23.27909000
2.73999993	-0.04429134	-22.84695000
2.74999993	0.00000000	-23.27909000
2.75999993	0.00000000	-23.27909000
2.76999993	0.04429134	-23.27909000
2.77999993	0.04429134	-22.84695000
2.78999993	0.04429134	-22.84695000
2.79999993	0.08858268	-22.41634000
2.80999993	0.08858268	-22.41634000
2.81999993	0.13287400	-22.41634000
2.82999993	0.08858268	-22.41634000
2.83999993	0.17716540	-21.55512000
2.84999993	0.13287400	-21.55512000
2.85999993	0.17716540	-21.12297000
2.86999993	0.17716540	-20.26175000
2.87999993	0.22145670	-20.26175000
2.88999993	0.22145670	-19.39899000
2.89999993	0.22145670	-18.96838000
2.90999993	0.26574800	-18.53623000
2.91999993	0.26574800	-17.67501000
2.92999993	0.31003940	-17.24286000
2.93999993	0.31003940	-16.38164000
2.94999993	0.31003940	-15.94949000
2.95999993	0.35433070	-15.51888000
2.96999992	0.35433070	-14.65613000
2.97999992	0.39862200	-13.79491000
2.98999992	0.35433070	-13.36276000
2.99999992	0.39862200	-12.50154000
3.00999992	0.44291340	-11.63878000
3.01999992	0.44291340	-10.77756000
3.02999992	0.44291340	-9.91480000
3.03999992	0.48720470	-9.48419000
3.04999992	0.48720470	-8.62143100
3.05999992	0.48720470	-8.19082200
3.06999992	0.53164980	-7.32806300
3.07999992	0.53164980	-6.46530500
3.08999992	0.53164980	-5.60408400
3.09999992	0.53164980	-5.17193600
3.10999992	0.57594120	-4.31071600
3.11999992	0.57594120	-3.87856800
3.12999992	0.62023250	-2.58519900
3.13999992	0.62023250	-2.15458900
3.14999992	0.62023250	-1.72397900
3.15999992	0.62023250	-0.86122040
3.16999992	0.70881520	0.00000000
3.17999992	0.70881520	0.43061020
3.18999992	0.70881520	0.86122040
3.19999992	0.70881520	1.72397900
3.20999992	0.70881520	2.15458900
3.21999992	0.75310650	3.44795700
3.22999992	0.79739790	3.87856800
3.23999992	0.79739790	4.31071600
3.24999992	0.79739790	5.17193600
3.25999992	0.84168920	5.60408400
3.26999992	0.84168920	6.03469500
3.27999992	0.88598050	6.89745300
3.28999992	0.88598050	7.32806300
3.29999992	0.88598050	7.75867300
3.30999992	0.88598050	8.19082200
3.31999992	0.93027190	9.05204100
3.32999992	0.93027190	9.05204100
3.33999992	0.97456320	9.48419000
3.34999992	0.97456320	9.91480000
3.35999992	0.97456320	10.77756000
3.36999991	0.97456320	11.20817000
3.37999991	1.01885500	11.20817000
3.38999991	1.06330000	11.63878000
3.39999991	1.06330000	12.06939000
3.40999991	1.06330000	12.06939000
3.41999991	1.10759100	12.50154000
3.42999991	1.10759100	12.93215000
3.43999991	1.10759100	13.36276000
3.44999991	1.15188200	13.79491000
3.45999991	1.15188200	13.79491000
3.46999991	1.15188200	14.22552000
3.47999991	1.19617400	14.22552000
3.48999991	1.19617400	14.22552000
3.49999991	1.24046500	14.65613000
3.50999991	1.24046500	15.08827000
3.51999991	1.24046500	15.08827000
3.52999991	1.24046500	15.08827000
3.53999991	1.28475600	15.08827000
3.54999991	1.28475600	15.08827000
3.55999991	1.32904800	15.08827000
3.56999991	1.32904800	15.08827000
3.57999991	1.32904800	15.51888000
3.58999991	1.37333900	15.08827000
3.59999991	1.37333900	15.08827000
3.60999991	1.37333900	15.08827000
3.61999991	1.41763000	14.65613000
3.62999991	1.41763000	14.65613000
3.63999991	1.46192200	14.65613000
3.64999991	1.41763000	14.65613000
3.65999991	1.50621300	14.22552000
3.66999991	1.50621300	13.79491000
3.67999991	1.50621300	13.36276000
3.68999991	1.50621300	13.36276000
3.69999991	1.55065800	12.93215000
3.70999991	1.55065800	12.93215000
3.71999991	1.59495000	12.50154000
3.72999991	1.59495000	12.06939000
3.73999991	1.63924100	11.63878000
3.74999991	1.63924100	11.63878000
3.75999991	1.63924100	10.77756000
3.76999990	1.68353200	10.34541000
3.77999990	1.68353200	9.91480000
3.78999990	1.68353200	9.48419000
3.79999990	1.72782400	9.05204100
3.80999990	1.72782400	8.19082200
3.81999990	1.72782400	8.19082200
3.82999990	1.77211500	7.32806300
3.83999990	1.77211500	6.46530500
3.84999990	1.77211500	6.03469500
3.85999990	1.81640600	6.03469500
3.86999990	1.81640600	5.17193600
3.87999990	1.81640600	4.74132600
3.88999990	1.86069800	3.87856800
3.89999990	1.90498900	3.44795700
3.90999990	1.90498900	3.01734700
3.91999990	1.90498900	2.15458900
3.92999990	1.90498900	1.72397900
3.93999990	1.94928000	1.29183100
3.94999990	1.94928000	0.43061020
3.95999990	1.94928000	0.00000000
3.96999990	2.03786300	-0.43061020
3.97999990	2.03786300	-0.86122040
3.98999990	2.03786300	-1.29183100
3.99999990	2.08230800	-1.29183100
4.00999990	2.03786300	-2.15458900
4.01999990	2.03786300	-2.15458900
4.02999990	2.03786300	-3.01734700
4.03999990	2.08230800	-3.01734700
4.04999990	2.08230800	-3.44795700
4.05999990	2.12659900	-3.44795700
4.06999990	2.17089100	-3.44795700
4.07999990	2.17089100	-3.44795700
4.08999990	2.17089100	-3.44795700
4.09999990	2.17089100	-3.87856800
4.10999990	2.21518200	-3.44795700
4.11999990	2.21518200	-3.87856800
4.12999990	2.21518200	-3.44795700
4.13999990	2.25947300	-3.44795700
4.14999990	2.30376500	-3.01734700
4.15999989	2.30376500	-3.01734700
4.16999989	2.30376500	-2.58519900
4.17999989	2.34805600	-2.58519900
4.18999989	2.34805600	-2.15458900
4.19999989	2.34805600	-2.15458900
4.20999989	2.39234700	-1.29183100
4.21999989	2.39234700	-0.86122040
4.22999989	2.39234700	-0.86122040
4.23999989	2.43663900	-0.43061020
4.24999989	2.43663900	0.00000000
4.25999989	2.48093000	0.86122040
4.26999989	2.48093000	1.29183100
4.27999989	2.48093000	1.72397900
4.28999989	2.48093000	2.15458900
4.29999989	2.48093000	2.58519900
4.30999989	2.52522100	3.01734700
4.31999989	2.56951300	3.44795700
4.32999989	2.56951300	4.31071600
4.33999989	2.56951300	5.17193600
4.34999989	2.61395800	5.17193600
4.35999989	2.61395800	6.03469500
4.36999989	2.61395800	6.46530500
4.37999989	2.65824900	6.89745300
4.38999989	2.65824900	7.32806300
4.39999989	2.70254100	7.75867300
4.40999989	2.70254100	8.62143100
4.41999989	2.70254100	9.05204100
4.42999989	2.74683200	9.48419000
4.43999989	2.74683200	9.91480000
4.44999989	2.74683200	10.77756000
4.45999989	2.74683200	10.77756000
4.46999989	2.79112300	11.20817000
4.47999989	2.79112300	11.63878000
4.48999989	2.87970600	12.06939000
4.49999989	2.83541500	12.06939000
4.50999989	2.87970600	12.50154000
4.51999989	2.87970600	12.93215000
4.52999989	2.92399700	13.36276000
4.53999989	2.87970600	13.36276000
4.54999989	2.92399700	13.79491000
4.55999988	2.92399700	13.79491000
4.56999988	2.96828900	14.22552000
4.57999988	2.96828900	14.22552000
4.58999988	2.96828900	14.65613000
4.59999988	3.01258000	14.65613000
4.60999988	3.01258000	14.65613000
4.61999988	3.01258000	14.65613000
4.62999988	3.05687100	14.65613000
4.63999988	3.10131600	14.65613000
4.64999988	3.05687100	15.08827000
4.65999988	3.10131600	14.65613000
4.66999988	3.14560800	15.08827000
4.67999988	3.14560800	14.65613000
4.68999988	3.18989900	14.65613000
4.69999988	3.18989900	14.65613000
4.70999988	3.18989900	14.65613000
4.71999988	3.18989900	14.22552000
4.72999988	3.23419000	14.22552000
4.73999988	3.23419000	13.79491000
4.74999988	3.27848200	13.79491000
4.75999988	3.27848200	13.36276000
4.76999988	3.27848200	12.93215000
4.77999988	3.27848200	12.50154000
4.78999988	3.27848200	12.50154000
4.79999988	3.32277300	12.06939000
4.80999988	3.32277300	11.63878000
4.81999988	3.36706400	11.20817000
4.82999988	3.36706400	10.77756000
4.83999988	3.36706400	10.77756000
4.84999988	3.41135600	9.91480000
4.85999988	3.45564700	9.48419000
4.86999988	3.45564700	8.62143100
4.87999988	3.45564700	8.19082200
4.88999988	3.45564700	7.75867300
4.89999988	3.49993800	7.32806300
4.90999988	3.54423000	6.89745300
4.91999988	3.49993800	6.03469500
4.92999988	3.54423000	5.17193600
4.93999988	3.54423000	5.17193600
4.94999987	3.58852100	4.74132600
4.95999987	3.58852100	3.87856800
4.96999987	3.58852100	3.44795700
4.97999987	3.63296600	2.58519900
4.98999987	3.63296600	2.15458900
4.99999987	3.67725800	1.72397900
5.00999987	3.67725800	1.29183100
5.01999987	3.72154900	0.86122040
5.02999987	3.67725800	0.43061020
5.03999987	3.72154900	0.00000000
5.04999987	3.76584000	-0.43061020
5.05999987	3.76584000	-0.43061020
5.06999987	3.76584000	-0.86122040
5.07999987	3.81013200	-1.29183100
5.08999987	3.81013200	-1.29183100
5.09999987	3.81013200	-1.29183100
5.10999987	3.81013200	-1.29183100
5.11999987	3.85442300	-1.72397900
5.12999987	3.85442300	-1.29183100
5.13999987	3.89871400	-1.29183100
5.14999987	3.89871400	-1.29183100
5.15999987	3.89871400	-1.29183100
5.16999987	3.89871400	-1.29183100
5.17999987	3.94300600	-1.29183100
5.18999987	3.94300600	-0.86122040
5.19999987	3.98729700	-0.43061020
5.20999987	3.98729700	0.00000000
5.21999987	3.98729700	0.00000000
5.22999987	4.03158900	0.43061020
5.23999987	4.03158900	0.86122040
5.24999987	4.07588000	1.29183100
5.25999987	4.07588000	1.72397900
5.26999987	4.07588000	2.15458900
5.27999987	4.12017100	2.58519900
5.28999987	4.12017100	3.01734700
5.29999987	4.12017100	3.44795700
5.30999987	4.12017100	3.87856800
5.31999987	4.16461600	4.31071600
5.32999987	4.16461600	4.74132600
5.33999987	4.16461600	5.17193600
5.34999986	4.20890800	5.60408400
5.35999986	4.25319900	6.46530500
5.36999986	4.25319900	6.46530500
5.37999986	4.29749000	7.32806300
5.38999986	4.25319900	7.75867300
5.39999986	4.29749000	8.19082200
5.40999986	4.29749000	8.19082200
5.41999986	4.34178200	8.62143100
5.42999986	4.34178200	9.48419000
5.43999986	4.34178200	9.91480000
5.44999986	4.38607300	9.91480000
5.45999986	4.38607300	10.77756000
5.46999986	4.43036400	11.20817000
5.47999986	4.43036400	11.20817000
5.48999986	4.38607300	11.63878000
5.49999986	4.34178200	12.06939000
5.50999986	4.34178200	12.50154000
5.51999986	4.34178200	12.93215000
5.52999986	4.29749000	12.93215000
5.53999986	4.29749000	13.79491000
5.54999986	4.25319900	13.36276000
5.55999986	4.29749000	14.22552000
5.56999986	4.25319900	14.65613000
5.57999986	4.25319900	14.65613000
5.58999986	4.20890800	15.08827000
5.59999986	4.20890800	15.08827000
5.60999986	4.20890800	15.51888000
5.61999986	4.16461600	15.94949000
5.62999986	4.16461600	15.94949000
5.63999986	4.16461600	16.38164000
5.64999986	4.12017100	16.38164000
5.65999986	4.07588000	16.38164000
5.66999986	4.12017100	16.81225000
5.67999986	4.07588000	16.81225000
5.68999986	4.07588000	17.24286000
5.69999986	4.03158900	17.67501000
5.70999986	4.07588000	17.67501000
5.71999986	4.03158900	17.67501000
5.72999986	3.98729700	18.10562000
5.73999985	3.94300600	18.53623000
5.74999985	3.98729700	18.53623000
5.75999985	3.94300600	18.53623000
5.76999985	3.89871400	18.96838000
5.77999985	3.89871400	19.39899000
5.78999985	3.85442300	19.39899000
5.79999985	3.85442300	19.39899000
5.80999985	3.85442300	19.39899000
5.81999985	3.85442300	19.39899000
5.82999985	3.81013200	19.82960000
5.83999985	3.81013200	19.82960000
5.84999985	3.76584000	20.26175000
5.85999985	3.76584000	19.82960000
5.86999985	3.76584000	19.82960000
5.87999985	3.72154900	20.26175000
5.88999985	3.72154900	20.26175000
5.89999985	3.67725800	20.26175000
5.90999985	3.67725800	20.69236000
5.91999985	3.67725800	20.69236000
5.92999985	3.63296600	20.69236000
5.93999985	3.63296600	20.69236000
5.94999985	3.67725800	20.69236000
5.95999985	3.58852100	20.69236000
5.96999985	3.58852100	20.69236000
5.97999985	3.58852100	20.69236000
5.98999985	3.54423000	20.69236000
5.99999985	3.54423000	20.69236000
6.00999985	3.54423000	20.69236000
6.01999985	3.49993800	20.26175000
6.02999985	3.49993800	20.69236000
6.03999985	3.49993800	20.26175000
6.04999985	3.45564700	19.82960000
6.05999985	3.45564700	20.26175000
6.06999985	3.41135600	20.26175000
6.07999985	3.41135600	19.82960000
6.08999985	3.41135600	19.82960000
6.09999985	3.36706400	19.82960000
6.10999985	3.36706400	19.39899000
6.11999985	3.36706400	18.96838000
6.12999985	3.32277300	18.53623000
6.13999984	3.27848200	18.53623000
6.14999984	3.32277300	18.53623000
6.15999984	3.27848200	18.10562000
6.16999984	3.27848200	18.10562000
6.17999984	3.23419000	17.67501000
6.18999984	3.23419000	17.24286000
6.19999984	3.18989900	16.81225000
6.20999984	3.14560800	16.81225000
6.21999984	3.18989900	15.94949000
6.22999984	3.14560800	15.94949000
6.23999984	3.14560800	15.51888000
6.24999984	3.10131600	15.08827000
6.25999984	3.14560800	15.08827000
6.26999984	3.10131600	14.22552000
6.27999984	3.10131600	13.79491000
6.28999984	3.05687100	13.36276000
6.29999984	3.05687100	12.93215000
6.30999984	3.05687100	12.50154000
6.31999984	3.01258000	12.06939000
6.32999984	2.96828900	11.63878000
6.33999984	2.96828900	11.20817000
6.34999984	2.96828900	10.77756000
6.35999984	2.92399700	9.91480000
6.36999984	2.92399700	9.48419000
6.37999984	2.87970600	9.05204100
6.38999984	2.87970600	8.19082200
6.39999984	2.87970600	7.75867300
6.40999984	2.87970600	7.32806300
6.41999984	2.83541500	6.89745300
6.42999984	2.83541500	6.46530500
6.43999984	2.79112300	5.60408400
6.44999984	2.79112300	5.17193600
6.45999984	2.79112300	4.74132600
6.46999984	2.79112300	4.31071600
6.47999984	2.74683200	3.87856800
6.48999984	2.74683200	3.44795700
6.49999984	2.70254100	3.01734700
6.50999984	2.70254100	2.15458900
6.51999984	2.65824900	1.72397900
6.52999984	2.65824900	1.72397900
6.53999983	2.61395800	1.29183100
6.54999983	2.61395800	0.86122040
6.55999983	2.61395800	0.43061020
6.56999983	2.56951300	0.43061020
6.57999983	2.61395800	0.00000000
6.58999983	2.56951300	0.00000000
6.59999983	2.56951300	0.00000000
6.60999983	2.52522100	0.00000000
6.61999983	2.52522100	-0.86122040
6.62999983	2.52522100	-0.43061020
6.63999983	2.48093000	-0.43061020
6.64999983	2.48093000	-0.43061020
6.65999983	2.43663900	-0.43061020
6.66999983	2.43663900	-0.43061020
6.67999983	2.43663900	0.00000000
6.68999983	2.39234700	0.00000000
6.69999983	2.39234700	0.43061020
6.70999983	2.39234700	0.43061020
6.71999983	2.39234700	0.43061020
6.72999983	2.34805600	0.86122040
6.73999983	2.30376500	0.86122040
6.74999983	2.30376500	1.29183100
6.75999983	2.25947300	1.72397900
6.76999983	2.30376500	2.15458900
6.77999983	2.25947300	2.15458900
6.78999983	2.25947300	2.58519900
6.79999983	2.25947300	3.01734700
6.80999983	2.21518200	3.44795700
6.81999983	2.17089100	4.31071600
6.82999983	2.17089100	4.31071600
6.83999983	2.12659900	4.74132600
6.84999983	2.12659900	5.17193600
6.85999983	2.12659900	6.03469500
6.86999983	2.12659900	6.03469500
6.87999983	2.08230800	6.03469500
6.88999983	2.03786300	6.89745300
6.89999983	2.08230800	7.32806300
6.90999983	2.03786300	8.19082200
6.91999983	1.99357200	7.75867300
6.92999982	1.99357200	8.62143100
6.93999982	1.99357200	9.05204100
6.94999982	1.99357200	9.48419000
6.95999982	1.94928000	9.91480000
6.96999982	1.94928000	9.91480000
6.97999982	1.94928000	10.77756000
6.98999982	1.90498900	10.77756000
6.99999982	1.90498900	11.63878000
7.00999982	1.86069800	12.06939000
7.01999982	1.81640600	12.06939000
7.02999982	1.81640600	12.50154000
7.03999982	1.81640600	12.93215000
7.04999982	1.81640600	13.36276000
7.05999982	1.81640600	13.36276000
7.06999982	1.77211500	13.79491000
7.07999982	1.77211500	14.22552000
7.08999982	1.77211500	14.65613000
7.09999982	1.72782400	15.08827000
7.10999982	1.72782400	14.65613000
7.11999982	1.68353200	15.51888000
7.12999982	1.72782400	15.08827000
7.13999982	1.68353200	15.51888000
7.14999982	1.63924100	15.94949000
7.15999982	1.63924100	15.51888000
7.16999982	1.59495000	15.94949000
7.17999982	1.59495000	15.94949000
7.18999982	1.55065800	16.38164000
7.19999982	1.55065800	15.94949000
7.20999982	1.55065800	16.38164000
7.21999982	1.50621300	16.38164000
7.22999982	1.50621300	16.38164000
7.23999982	1.50621300	16.38164000
7.24999982	1.50621300	16.81225000
7.25999982	1.46192200	16.38164000
7.26999982	1.46192200	16.38164000
7.27999982	1.41763000	16.38164000
7.28999982	1.41763000	16.38164000
7.29999982	1.41763000	16.38164000
7.30999982	1.37333900	16.38164000
7.31999982	1.37333900	15.94949000
7.32999981	1.37333900	15.51888000
7.33999981	1.37333900	15.08827000
7.34999981	1.32904800	15.51888000
7.35999981	1.28475600	15.08827000
7.36999981	1.28475600	15.08827000
7.37999981	1.28475600	14.65613000
7.38999981	1.24046500	14.22552000
7.39999981	1.19617400	13.79491000
7.40999981	1.19617400	13.79491000
7.41999981	1.19617400	13.36276000
7.42999981	1.19617400	12.50154000
7.43999981	1.15188200	12.06939000
7.44999981	1.15188200	11.63878000
7.45999981	1.15188200	11.20817000
7.46999981	1.10759100	10.77756000
7.47999981	1.10759100	10.34541000
7.48999981	1.06330000	9.91480000
7.49999981	1.06330000	9.48419000
7.50999981	1.06330000	9.05204100
7.51999981	1.01885500	8.19082200
7.52999981	1.06330000	7.75867300
7.53999981	1.01885500	6.89745300
7.54999981	0.97456320	6.46530500
7.55999981	0.97456320	6.03469500
7.56999981	0.97456320	5.17193600
7.57999981	0.93027190	4.74132600
7.58999981	0.93027190	4.31071600
7.59999981	0.93027190	3.87856800
7.60999981	0.88598050	3.01734700
7.61999981	0.88598050	2.58519900
7.62999981	0.84168920	2.58519900
7.63999981	0.84168920	1.72397900
7.64999981	0.84168920	1.29183100
7.65999981	0.79739790	0.86122040
7.66999981	0.79739790	0.43061020
7.67999981	0.75310650	0.43061020
7.68999981	0.75310650	0.00000000
7.69999981	0.75310650	-0.43061020
7.70999981	0.70881520	-0.43061020
7.71999980	0.70881520	-0.43061020
7.72999980	0.70881520	-0.86122040
7.73999980	0.66452380	-0.43061020
7.74999980	0.66452380	-0.86122040
7.75999980	0.62023250	-0.86122040
7.76999980	0.62023250	-0.86122040
7.77999980	0.62023250	-0.86122040
7.78999980	0.57594120	-0.43061020
7.79999980	0.57594120	-0.43061020
7.80999980	0.53164980	0.00000000
7.81999980	0.53164980	0.43061020
7.82999980	0.48720470	0.43061020
7.83999980	0.53164980	0.86122040
7.84999980	0.48720470	1.29183100
7.85999980	0.48720470	1.72397900
7.86999980	0.48720470	1.72397900
7.87999980	0.44291340	2.15458900
7.88999980	0.39862200	2.58519900
7.89999980	0.44291340	3.01734700
7.90999980	0.39862200	3.87856800
7.91999980	0.35433070	4.31071600
7.92999980	0.35433070	4.74132600
7.93999980	0.35433070	5.17193600
7.94999980	0.31003940	5.60408400
7.95999980	0.31003940	6.46530500
7.96999980	0.31003940	6.46530500
7.97999980	0.26574800	6.89745300
7.98999980	0.31003940	7.32806300
7.99999980	0.22145670	7.75867300
8.00999980	0.22145670	8.19082200
8.01999980	0.22145670	9.05204100
8.02999980	0.22145670	9.48419000
8.03999980	0.13287400	9.48419000
8.04999980	0.17716540	10.34541000
8.05999980	0.13287400	10.34541000
8.06999980	0.13287400	10.77756000
8.07999980	0.08858268	11.20817000
8.08999980	0.13287400	11.63878000
8.09999980	0.08858268	12.06939000
8.10999980	0.04429134	12.50154000
8.11999979	0.04429134	12.50154000
8.12999979	0.00000000	13.36276000
8.13999979	0.04429134	13.36276000
8.14999979	0.00000000	13.36276000
8.15999979	-0.04429134	13.79491000
8.16999979	-0.04429134	14.22552000
8.17999979	-0.08858268	14.65613000
8.18999979	-0.08858268	14.65613000
8.19999979	-0.08858268	14.65613000
8.20999979	-0.13287400	15.08827000
8.21999979	-0.13287400	15.08827000
8.22999979	-0.13287400	15.08827000
8.23999979	-0.13287400	14.65613000
8.24999979	-0.17716540	15.08827000
8.25999979	-0.22145670	14.65613000
8.26999979	-0.22145670	15.08827000
8.27999979	-0.22145670	15.08827000
8.28999979	-0.22145670	15.08827000
8.29999979	-0.26574800	15.08827000
8.30999979	-0.26574800	15.08827000
8.31999979	-0.26574800	15.08827000
8.32999979	-0.31003940	15.08827000
8.33999979	-0.31003940	14.65613000
8.34999979	-0.35433070	14.65613000
8.35999979	-0.31003940	14.65613000
8.36999979	-0.35433070	14.22552000
8.37999979	-0.35433070	14.65613000
8.38999979	-0.35433070	14.22552000
8.39999979	-0.39862200	13.79491000
8.40999979	-0.39862200	14.22552000
8.41999979	-0.39862200	14.22552000
8.42999979	-0.44291340	13.79491000
8.43999979	-0.44291340	13.79491000
8.44999979	-0.44291340	13.36276000
8.45999979	-0.44291340	13.79491000
8.46999979	-0.48720470	13.79491000
8.47999979	-0.48720470	13.36276000
8.48999979	-0.53164980	13.36276000
8.49999979	-0.53164980	13.36276000
8.50999979	-0.53164980	12.93215000
8.51999978	-0.53164980	12.93215000
8.52999978	-0.53164980	12.93215000
8.53999978	-0.57594120	12.50154000
8.54999978	-0.57594120	12.50154000
8.55999978	-0.62023250	12.50154000
8.56999978	-0.62023250	12.06939000
8.57999978	-0.62023250	12.06939000
8.58999978	-0.66452380	12.06939000
8.59999978	-0.66452380	11.63878000
8.60999978	-0.66452380	12.06939000
8.61999978	-0.70881520	12.06939000
8.62999978	-0.70881520	11.20817000
8.63999978	-0.75310650	11.20817000
8.64999978	-0.70881520	11.20817000
8.65999978	-0.75310650	10.77756000
8.66999978	-0.75310650	11.20817000
8.67999978	-0.79739790	10.34541000
8.68999978	-0.79739790	10.77756000
8.69999978	-0.79739790	10.34541000
8.70999978	-0.84168920	10.34541000
8.71999978	-0.84168920	9.91480000
8.72999978	-0.84168920	9.91480000
8.73999978	-0.88598050	9.48419000
8.74999978	-0.88598050	9.48419000
8.75999978	-0.88598050	9.48419000
8.76999978	-0.88598050	9.48419000
8.77999978	-0.88598050	9.05204100
8.78999978	-0.88598050	8.62143100
8.79999978	-0.93027190	8.62143100
8.80999978	-0.97456320	8.62143100
8.81999978	-0.93027190	8.19082200
8.82999978	-0.97456320	8.19082200
8.83999978	-1.01885500	8.19082200
8.84999978	-1.01885500	7.75867300
8.85999978	-1.01885500	8.19082200
8.86999978	-1.01885500	7.75867300
8.87999978	-1.06330000	7.75867300
8.88999978	-1.06330000	7.75867300
8.89999978	-1.06330000	6.89745300
8.90999977	-1.10759100	7.32806300
8.91999977	-1.10759100	6.89745300
8.92999977	-1.15188200	6.89745300
8.93999977	-1.15188200	6.89745300
8.94999977	-1.15188200	6.46530500
8.95999977	-1.15188200	6.03469500
8.96999977	-1.19617400	6.46530500
8.97999977	-1.19617400	6.03469500
8.98999977	-1.19617400	5.60408400
8.99999977	-1.24046500	5.60408400
9.00999977	-1.24046500	5.60408400
9.01999977	-1.24046500	5.17193600
9.02999977	-1.24046500	5.17193600
9.03999977	-1.28475600	4.74132600
9.04999977	-1.28475600	5.17193600
9.05999977	-1.32904800	5.17193600
9.06999977	-1.32904800	4.74132600
9.07999977	-1.32904800	4.74132600
9.08999977	-1.37333900	4.74132600
9.09999977	-1.37333900	4.31071600
9.10999977	-1.37333900	4.31071600
9.11999977	-1.37333900	3.87856800
9.12999977	-1.41763000	3.87856800
9.13999977	-1.41763000	3.87856800
9.14999977	-1.41763000	3.87856800
9.15999977	-1.41763000	3.44795700
9.16999977	-1.41763000	3.44795700
9.17999977	-1.46192200	3.44795700
9.18999977	-1.46192200	3.44795700
9.19999977	-1.50621300	3.01734700
9.20999977	-1.50621300	3.01734700
9.21999977	-1.50621300	3.01734700
9.22999977	-1.55065800	3.01734700
9.23999977	-1.59495000	3.01734700
9.24999977	-1.55065800	2.58519900
9.25999977	-1.59495000	2.58519900
9.26999977	-1.59495000	2.58519900
9.27999977	-1.59495000	2.58519900
9.28999977	-1.59495000	2.15458900
9.29999977	-1.63924100	2.15458900
9.30999976	-1.63924100	1.72397900
9.31999976	-1.68353200	1.72397900
9.32999976	-1.68353200	2.15458900
9.33999976	-1.72782400	1.72397900
9.34999976	-1.68353200	1.72397900
9.35999976	-1.68353200	1.72397900
9.36999976	-1.72782400	1.29183100
9.37999976	-1.77211500	1.29183100
9.38999976	-1.77211500	1.29183100
9.39999976	-1.77211500	1.29183100
9.40999976	-1.77211500	1.29183100
9.41999976	-1.81640600	1.29183100
9.42999976	-1.81640600	0.86122040
9.43999976	-1.86069800	0.86122040
9.44999976	-1.86069800	0.86122040
9.45999976	-1.86069800	0.86122040
9.46999976	-1.86069800	0.86122040
9.47999976	-1.90498900	0.86122040
9.48999976	-1.90498900	0.43061020
9.49999976	-1.94928000	0.86122040
9.50999976	-1.90498900	0.86122040
9.51999976	-1.94928000	0.43061020
9.52999976	-1.94928000	0.43061020
9.53999976	-1.94928000	0.43061020
9.54999976	-1.99357200	0.00000000
9.55999976	-1.99357200	0.00000000
9.56999976	-1.94928000	0.00000000
9.57999976	-2.03786300	0.00000000
9.58999976	-2.03786300	0.00000000
9.59999976	-2.08230800	0.00000000
9.60999976	-2.08230800	-0.43061020
9.61999976	-2.08230800	-0.43061020
9.62999976	-2.08230800	-0.43061020
9.63999976	-2.12659900	-0.43061020
9.64999976	-2.08230800	-0.43061020
9.65999976	-2.12659900	-0.86122040
9.66999976	-2.17089100	-0.43061020
9.67999976	-2.17089100	-0.43061020
9.68999976	-2.17089100	-0.43061020
9.69999975	-2.21518200	-0.43061020
9.70999975	-2.17089100	-0.86122040
9.71999975	-2.21518200	-0.43061020
9.72999975	-2.21518200	-0.86122040
9.73999975	-2.25947300	-0.86122040
9.74999975	-2.25947300	-0.86122040
9.75999975	-2.25947300	-0.86122040
9.76999975	-2.25947300	-0.86122040
9.77999975	-2.30376500	-0.86122040
9.78999975	-2.30376500	-1.29183100
9.79999975	-2.30376500	-1.29183100
9.80999975	-2.34805600	-1.29183100
9.81999975	-2.34805600	-1.29183100
9.82999975	-2.34805600	-1.29183100
9.83999975	-2.39234700	-1.72397900
9.84999975	-2.39234700	-1.72397900
9.85999975	-2.43663900	-1.29183100
9.86999975	-2.43663900	-1.72397900
9.87999975	-2.48093000	-1.72397900
9.88999975	-2.43663900	-2.15458900
9.89999975	-2.43663900	-1.72397900
9.90999975	-2.48093000	-2.15458900
9.91999975	-2.48093000	-2.15458900
9.92999975	-2.48093000	-2.58519900
9.93999975	-2.48093000	-2.15458900
9.94999975	-2.56951300	-2.15458900
9.95999975	-2.56951300	-2.15458900
9.96999975	-2.52522100	-2.15458900
9.97999975	-2.56951300	-2.58519900
9.98999975	-2.56951300	-2.15458900
9.99999975	-2.61395800	-2.58519900
10.00999975	-2.61395800	-2.58519900
10.01999975	-2.61395800	-3.01734700
10.02999975	-2.61395800	-3.01734700
