Frequency	Channel A	Channel B
(ms)	(V)	(mV)

0.00000000	-2.79112300	4.65551200
0.01000000	-2.79112300	4.65551200
0.02000000	-2.79112300	4.65551200
0.03000000	-2.79112300	4.65551200
0.04000000	-2.79112300	4.65551200
0.05000000	-2.83541500	4.48326700
0.06000000	-2.83541500	4.48326700
0.07000000	-2.87970600	4.31102400
0.08000000	-2.87970600	4.31102400
0.09000000	-2.87970600	4.31102400
0.10000000	-2.87970600	4.48326700
0.11000000	-2.87970600	3.96592000
0.12000000	-2.92399700	4.13816400
0.13000000	-2.92399700	4.31102400
0.14000000	-2.96828900	4.13816400
0.15000000	-2.96828900	3.96592000
0.16000000	-2.96828900	4.13816400
0.17000000	-3.01258000	3.96592000
0.18000000	-3.01258000	3.79367600
0.19000000	-3.05687100	3.62081700
0.19999999	-3.05687100	3.44857300
0.20999999	-3.05687100	3.62081700
0.21999999	-3.10131600	3.44857300
0.22999999	-3.10131600	3.62081700
0.23999999	-3.10131600	3.44857300
0.24999999	-3.14560800	3.79367600
0.25999999	-3.14560800	3.62081700
0.26999999	-3.14560800	3.44857300
0.27999999	-3.18989900	3.44857300
0.28999999	-3.18989900	3.62081700
0.29999999	-3.18989900	3.44857300
0.30999999	-3.18989900	3.27632900
0.31999999	-3.18989900	3.44857300
0.32999999	-3.23419000	3.10346900
0.33999999	-3.23419000	3.10346900
0.34999999	-3.27848200	3.44857300
0.35999999	-3.27848200	3.10346900
0.36999999	-3.27848200	3.10346900
0.37999999	-3.27848200	3.10346900
0.38999999	-3.32277300	2.75898100
0.39999999	-3.36706400	3.10346900
0.40999999	-3.32277300	2.75898100
0.41999999	-3.36706400	2.93122500
0.42999999	-3.36706400	2.75898100
0.43999999	-3.36706400	2.75898100
0.44999999	-3.41135600	2.58612200
0.45999999	-3.41135600	2.75898100
0.46999999	-3.41135600	2.41387800
0.47999999	-3.41135600	2.58612200
0.48999999	-3.45564700	2.58612200
0.49999999	-3.45564700	2.58612200
0.50999999	-3.49993800	2.24163400
0.51999999	-3.49993800	2.06877400
0.52999999	-3.49993800	2.24163400
0.53999999	-3.54423000	2.24163400
0.54999999	-3.54423000	2.24163400
0.55999999	-3.58852100	2.06877400
0.56999999	-3.58852100	2.24163400
0.57999999	-3.58852100	2.06877400
0.58999999	-3.58852100	1.89653000
0.59999998	-3.58852100	1.72428600
0.60999998	-3.63296600	1.89653000
0.61999998	-3.63296600	1.89653000
0.62999998	-3.67725800	2.06877400
0.63999998	-3.67725800	1.89653000
0.64999998	-3.72154900	1.72428600
0.65999998	-3.72154900	1.72428600
0.66999998	-3.72154900	1.72428600
0.67999998	-3.72154900	1.72428600
0.68999998	-3.76584000	1.20693900
0.69999998	-3.76584000	1.72428600
0.70999998	-3.81013200	1.37918300
0.71999998	-3.81013200	1.55142700
0.72999998	-3.81013200	1.37918300
0.73999998	-3.81013200	1.03408000
0.74999998	-3.81013200	1.55142700
0.75999998	-3.85442300	1.37918300
0.76999998	-3.89871400	0.86183560
0.77999998	-3.89871400	1.03408000
0.78999998	-3.89871400	0.86183560
0.79999998	-3.89871400	1.03408000
0.80999998	-3.94300600	1.03408000
0.81999998	-3.89871400	1.03408000
0.82999998	-3.94300600	0.68959150
0.83999998	-3.94300600	0.86183560
0.84999998	-3.89871400	0.51673230
0.85999998	-3.89871400	0.86183560
0.86999998	-3.89871400	0.68959150
0.87999998	-3.85442300	0.68959150
0.88999998	-3.89871400	0.51673230
0.89999998	-3.85442300	0.17224410
0.90999998	-3.81013200	0.51673230
0.91999998	-3.81013200	0.51673230
0.92999998	-3.81013200	0.34448820
0.93999998	-3.81013200	0.00000000
0.94999998	-3.81013200	0.17224410
0.95999998	-3.76584000	0.00000000
0.96999998	-3.76584000	0.00000000
0.97999998	-3.76584000	-0.34448820
0.98999997	-3.72154900	-0.34448820
0.99999997	-3.67725800	-0.17224410
1.00999997	-3.72154900	-0.34448820
1.01999997	-3.67725800	-0.51673230
1.02999997	-3.67725800	-0.34448820
1.03999997	-3.63296600	-0.68959150
1.04999997	-3.67725800	-0.68959150
1.05999997	-3.63296600	-0.68959150
1.06999997	-3.58852100	-0.68959150
1.07999997	-3.58852100	-0.68959150
1.08999997	-3.58852100	-0.86183560
1.09999997	-3.54423000	-0.68959150
1.10999997	-3.54423000	-0.68959150
1.11999997	-3.49993800	-1.20693900
1.12999997	-3.49993800	-1.20693900
1.13999997	-3.49993800	-0.86183560
1.14999997	-3.49993800	-1.20693900
1.15999997	-3.45564700	-1.20693900
1.16999997	-3.49993800	-1.37918300
1.17999997	-3.45564700	-1.55142700
1.18999997	-3.41135600	-1.37918300
1.19999997	-3.45564700	-1.55142700
1.20999997	-3.41135600	-1.55142700
1.21999997	-3.36706400	-1.72428600
1.22999997	-3.36706400	-1.89653000
1.23999997	-3.32277300	-1.72428600
1.24999997	-3.36706400	-2.06877400
1.25999997	-3.32277300	-2.06877400
1.26999997	-3.32277300	-2.06877400
1.27999997	-3.27848200	-2.06877400
1.28999997	-3.27848200	-2.06877400
1.29999997	-3.27848200	-2.24163400
1.30999997	-3.27848200	-2.24163400
1.31999997	-3.23419000	-2.41387800
1.32999997	-3.23419000	-2.24163400
1.33999997	-3.18989900	-2.24163400
1.34999997	-3.18989900	-2.75898100
1.35999997	-3.18989900	-2.58612200
1.36999997	-3.14560800	-2.41387800
1.37999997	-3.18989900	-2.41387800
1.38999996	-3.14560800	-2.75898100
1.39999996	-3.14560800	-2.58612200
1.40999996	-3.10131600	-2.41387800
1.41999996	-3.10131600	-2.93122500
1.42999996	-3.10131600	-2.75898100
1.43999996	-3.10131600	-2.93122500
1.44999996	-3.01258000	-3.10346900
1.45999996	-3.01258000	-2.93122500
1.46999996	-3.05687100	-2.93122500
1.47999996	-3.01258000	-2.93122500
1.48999996	-3.01258000	-3.27632900
1.49999996	-2.96828900	-3.27632900
1.50999996	-2.96828900	-3.27632900
1.51999996	-2.96828900	-3.44857300
1.52999996	-2.92399700	-3.27632900
1.53999996	-2.87970600	-3.27632900
1.54999996	-2.92399700	-3.27632900
1.55999996	-2.87970600	-3.27632900
1.56999996	-2.87970600	-3.44857300
1.57999996	-2.83541500	-3.62081700
1.58999996	-2.83541500	-3.44857300
1.59999996	-2.83541500	-3.62081700
1.60999996	-2.83541500	-3.79367600
1.61999996	-2.79112300	-3.79367600
1.62999996	-2.79112300	-3.62081700
1.63999996	-2.74683200	-3.79367600
1.64999996	-2.74683200	-4.13816400
1.65999996	-2.74683200	-4.13816400
1.66999996	-2.70254100	-3.96592000
1.67999996	-2.70254100	-4.13816400
1.68999996	-2.70254100	-3.79367600
1.69999996	-2.65824900	-4.13816400
1.70999996	-2.65824900	-4.31102400
1.71999996	-2.65824900	-4.31102400
1.72999996	-2.65824900	-4.31102400
1.73999996	-2.61395800	-4.31102400
1.74999996	-2.61395800	-3.79367600
1.75999996	-2.56951300	-4.31102400
1.76999996	-2.56951300	-4.31102400
1.77999996	-2.56951300	-4.31102400
1.78999995	-2.56951300	-4.31102400
1.79999995	-2.52522100	-4.48326700
1.80999995	-2.52522100	-4.31102400
1.81999995	-2.52522100	-4.31102400
1.82999995	-2.48093000	-4.31102400
1.83999995	-2.48093000	-4.48326700
1.84999995	-2.48093000	-4.13816400
1.85999995	-2.48093000	-4.65551200
1.86999995	-2.43663900	-4.48326700
1.87999995	-2.43663900	-4.48326700
1.88999995	-2.39234700	-4.31102400
1.89999995	-2.39234700	-4.48326700
1.90999995	-2.39234700	-4.48326700
1.91999995	-2.34805600	-4.31102400
1.92999995	-2.34805600	-4.65551200
1.93999995	-2.34805600	-4.65551200
1.94999995	-2.34805600	-4.48326700
1.95999995	-2.30376500	-4.82775500
1.96999995	-2.30376500	-4.65551200
1.97999995	-2.25947300	-4.65551200
1.98999995	-2.25947300	-4.65551200
1.99999995	-2.21518200	-4.65551200
2.00999995	-2.25947300	-4.48326700
2.01999995	-2.21518200	-4.65551200
2.02999995	-2.21518200	-4.65551200
2.03999995	-2.17089100	-4.65551200
2.04999995	-2.17089100	-4.65551200
2.05999995	-2.17089100	-4.65551200
2.06999995	-2.12659900	-4.65551200
2.07999995	-2.12659900	-4.65551200
2.08999995	-2.12659900	-4.82775500
2.09999995	-2.08230800	-5.00061500
2.10999995	-2.08230800	-4.65551200
2.11999995	-2.08230800	-4.82775500
2.12999995	-2.03786300	-5.00061500
2.13999995	-2.03786300	-4.65551200
2.14999995	-2.03786300	-5.00061500
2.15999995	-1.99357200	-5.00061500
2.16999995	-1.99357200	-5.00061500
2.17999994	-1.99357200	-5.00061500
2.18999994	-1.94928000	-4.82775500
2.19999994	-1.94928000	-5.00061500
2.20999994	-1.94928000	-4.82775500
2.21999994	-1.94928000	-5.00061500
2.22999994	-1.90498900	-5.00061500
2.23999994	-1.90498900	-5.17285900
2.24999994	-1.86069800	-5.00061500
2.25999994	-1.90498900	-5.00061500
2.26999994	-1.81640600	-5.00061500
2.27999994	-1.81640600	-5.00061500
2.28999994	-1.81640600	-5.17285900
2.29999994	-1.77211500	-5.00061500
2.30999994	-1.81640600	-5.00061500
2.31999994	-1.77211500	-5.00061500
2.32999994	-1.77211500	-5.17285900
2.33999994	-1.72782400	-5.00061500
2.34999994	-1.72782400	-5.00061500
2.35999994	-1.72782400	-5.34510300
2.36999994	-1.68353200	-5.17285900
2.37999994	-1.72782400	-5.17285900
2.38999994	-1.63924100	-5.00061500
2.39999994	-1.63924100	-5.51796200
2.40999994	-1.63924100	-5.17285900
2.41999994	-1.63924100	-5.34510300
2.42999994	-1.63924100	-5.00061500
2.43999994	-1.59495000	-5.51796200
2.44999994	-1.59495000	-5.17285900
2.45999994	-1.59495000	-5.17285900
2.46999994	-1.59495000	-5.51796200
2.47999994	-1.55065800	-5.17285900
2.48999994	-1.50621300	-5.17285900
2.49999994	-1.50621300	-5.17285900
2.50999994	-1.50621300	-5.51796200
2.51999994	-1.50621300	-5.34510300
2.52999994	-1.46192200	-5.51796200
2.53999994	-1.46192200	-5.51796200
2.54999994	-1.46192200	-5.51796200
2.55999994	-1.41763000	-5.34510300
2.56999994	-1.41763000	-5.86245000
2.57999993	-1.37333900	-5.34510300
2.58999993	-1.37333900	-5.51796200
2.59999993	-1.37333900	-5.51796200
2.60999993	-1.32904800	-5.86245000
2.61999993	-1.32904800	-5.51796200
2.62999993	-1.32904800	-5.86245000
2.63999993	-1.32904800	-5.86245000
2.64999993	-1.28475600	-5.86245000
2.65999993	-1.28475600	-5.86245000
2.66999993	-1.28475600	-5.86245000
2.67999993	-1.24046500	-6.03531000
2.68999993	-1.24046500	-6.03531000
2.69999993	-1.24046500	-6.03531000
2.70999993	-1.19617400	-6.03531000
2.71999993	-1.19617400	-5.86245000
2.72999993	-1.19617400	-6.03531000
2.73999993	-1.15188200	-6.03531000
2.74999993	-1.15188200	-6.03531000
2.75999993	-1.15188200	-6.03531000
2.76999993	-1.15188200	-6.20755400
2.77999993	-1.06330000	-6.20755400
2.78999993	-1.10759100	-6.20755400
2.79999993	-1.06330000	-6.55265700
2.80999993	-1.06330000	-6.37979800
2.81999993	-1.01885500	-6.20755400
2.82999993	-1.01885500	-6.20755400
2.83999993	-1.01885500	-6.55265700
2.84999993	-1.01885500	-6.20755400
2.85999993	-0.97456320	-6.37979800
2.86999993	-0.97456320	-6.37979800
2.87999993	-0.97456320	-6.55265700
2.88999993	-0.93027190	-6.72490100
2.89999993	-0.93027190	-6.37979800
2.90999993	-0.88598050	-6.89714500
2.91999993	-0.93027190	-6.72490100
2.92999993	-0.88598050	-6.89714500
2.93999993	-0.88598050	-6.37979800
2.94999993	-0.84168920	-6.89714500
2.95999993	-0.84168920	-6.72490100
2.96999992	-0.84168920	-7.07000400
2.97999992	-0.79739790	-7.24224900
2.98999992	-0.79739790	-6.89714500
2.99999992	-0.79739790	-7.24224900
3.00999992	-0.75310650	-7.07000400
3.01999992	-0.75310650	-6.89714500
3.02999992	-0.75310650	-6.89714500
3.03999992	-0.75310650	-6.89714500
3.04999992	-0.70881520	-6.89714500
3.05999992	-0.66452380	-7.07000400
3.06999992	-0.70881520	-7.07000400
3.07999992	-0.66452380	-7.41449300
3.08999992	-0.62023250	-7.58735200
3.09999992	-0.62023250	-7.58735200
3.10999992	-0.66452380	-7.24224900
3.11999992	-0.62023250	-7.24224900
3.12999992	-0.62023250	-7.24224900
3.13999992	-0.57594120	-7.58735200
3.14999992	-0.57594120	-7.41449300
3.15999992	-0.57594120	-7.58735200
3.16999992	-0.53164980	-7.58735200
3.17999992	-0.53164980	-7.58735200
3.18999992	-0.48720470	-7.58735200
3.19999992	-0.48720470	-7.58735200
3.20999992	-0.48720470	-7.75959600
3.21999992	-0.44291340	-7.75959600
3.22999992	-0.44291340	-7.58735200
3.23999992	-0.44291340	-7.75959600
3.24999992	-0.39862200	-7.75959600
3.25999992	-0.39862200	-7.93184000
3.26999992	-0.39862200	-7.75959600
3.27999992	-0.35433070	-7.93184000
3.28999992	-0.35433070	-8.10469900
3.29999992	-0.35433070	-8.10469900
3.30999992	-0.31003940	-8.10469900
3.31999992	-0.31003940	-8.10469900
3.32999992	-0.31003940	-8.27694300
3.33999992	-0.26574800	-8.10469900
3.34999992	-0.26574800	-8.44918800
3.35999992	-0.26574800	-8.44918800
3.36999991	-0.26574800	-8.10469900
3.37999991	-0.22145670	-8.10469900
3.38999991	-0.22145670	-8.62204700
3.39999991	-0.22145670	-8.44918800
3.40999991	-0.17716540	-8.62204700
3.41999991	-0.17716540	-8.44918800
3.42999991	-0.13287400	-8.27694300
3.43999991	-0.13287400	-8.27694300
3.44999991	-0.13287400	-8.44918800
3.45999991	-0.08858268	-8.44918800
3.46999991	-0.08858268	-8.44918800
3.47999991	-0.08858268	-8.62204700
3.48999991	-0.04429134	-8.44918800
3.49999991	-0.04429134	-8.62204700
3.50999991	0.00000000	-8.44918800
3.51999991	0.00000000	-8.27694300
3.52999991	0.00000000	-8.62204700
3.53999991	0.04429134	-8.27694300
3.54999991	0.08858268	-8.27694300
3.55999991	0.08858268	-8.10469900
3.56999991	0.08858268	-8.10469900
3.57999991	0.13287400	-8.10469900
3.58999991	0.13287400	-7.75959600
3.59999991	0.17716540	-7.58735200
3.60999991	0.17716540	-7.24224900
3.61999991	0.22145670	-7.24224900
3.62999991	0.17716540	-6.89714500
3.63999991	0.22145670	-6.37979800
3.64999991	0.22145670	-6.03531000
3.65999991	0.26574800	-5.86245000
3.66999991	0.26574800	-5.51796200
3.67999991	0.26574800	-5.00061500
3.68999991	0.31003940	-4.65551200
3.69999991	0.31003940	-4.31102400
3.70999991	0.31003940	-3.96592000
3.71999991	0.35433070	-3.44857300
3.72999991	0.39862200	-2.93122500
3.73999991	0.39862200	-2.58612200
3.74999991	0.39862200	-2.41387800
3.75999991	0.44291340	-1.89653000
3.76999990	0.44291340	-1.20693900
3.77999990	0.44291340	-0.86183560
3.78999990	0.44291340	-0.34448820
3.79999990	0.48720470	0.00000000
3.80999990	0.48720470	0.51673230
3.81999990	0.48720470	0.86183560
3.82999990	0.57594120	1.55142700
3.83999990	0.53164980	1.89653000
3.84999990	0.57594120	2.24163400
3.85999990	0.62023250	2.75898100
3.86999990	0.62023250	3.10346900
3.87999990	0.66452380	3.44857300
3.88999990	0.66452380	3.96592000
3.89999990	0.70881520	4.48326700
3.90999990	0.70881520	4.82775500
3.91999990	0.70881520	5.17285900
3.92999990	0.70881520	5.51796200
3.93999990	0.75310650	5.86245000
3.94999990	0.75310650	6.20755400
3.95999990	0.75310650	6.55265700
3.96999990	0.79739790	6.89714500
3.97999990	0.79739790	7.24224900
3.98999990	0.79739790	7.41449300
3.99999990	0.84168920	7.75959600
4.00999990	0.84168920	8.10469900
4.01999990	0.88598050	8.62204700
4.02999990	0.88598050	8.27694300
4.03999990	0.93027190	8.62204700
4.04999990	0.93027190	8.96653500
4.05999990	0.97456320	8.96653500
4.06999990	0.97456320	9.13877900
4.07999990	0.97456320	9.48388300
4.08999990	0.97456320	9.65612700
4.09999990	1.01885500	9.65612700
4.10999990	1.06330000	10.00123000
4.11999990	1.01885500	10.17347000
4.12999990	1.06330000	10.34633000
4.13999990	1.06330000	10.00123000
4.14999990	1.10759100	10.34633000
4.15999989	1.10759100	10.34633000
4.16999989	1.15188200	10.17347000
4.17999989	1.15188200	10.00123000
4.18999989	1.19617400	10.34633000
4.19999989	1.19617400	10.34633000
4.20999989	1.24046500	10.00123000
4.21999989	1.24046500	10.00123000
4.22999989	1.24046500	10.00123000
4.23999989	1.24046500	10.00123000
4.24999989	1.28475600	9.31163800
4.25999989	1.28475600	9.48388300
4.26999989	1.32904800	9.13877900
4.27999989	1.32904800	8.79429100
4.28999989	1.32904800	8.62204700
4.29999989	1.37333900	8.27694300
4.30999989	1.37333900	7.93184000
4.31999989	1.37333900	7.58735200
4.32999989	1.41763000	7.41449300
4.33999989	1.46192200	7.24224900
4.34999989	1.46192200	6.55265700
4.35999989	1.46192200	6.20755400
4.36999989	1.50621300	5.86245000
4.37999989	1.50621300	5.34510300
4.38999989	1.50621300	4.82775500
4.39999989	1.55065800	4.48326700
4.40999989	1.55065800	3.96592000
4.41999989	1.59495000	3.62081700
4.42999989	1.59495000	2.75898100
4.43999989	1.63924100	2.24163400
4.44999989	1.59495000	1.89653000
4.45999989	1.63924100	1.37918300
4.46999989	1.63924100	0.86183560
4.47999989	1.68353200	0.00000000
4.48999989	1.68353200	-0.34448820
4.49999989	1.72782400	-0.86183560
4.50999989	1.72782400	-1.72428600
4.51999989	1.72782400	-2.06877400
4.52999989	1.77211500	-2.58612200
4.53999989	1.77211500	-2.93122500
4.54999989	1.77211500	-3.79367600
4.55999988	1.81640600	-4.31102400
4.56999988	1.81640600	-5.00061500
4.57999988	1.86069800	-5.17285900
4.58999988	1.86069800	-5.69020700
4.59999988	1.86069800	-6.37979800
4.60999988	1.90498900	-6.72490100
4.61999988	1.90498900	-6.89714500
4.62999988	1.94928000	-7.41449300
4.63999988	1.94928000	-7.75959600
4.64999988	1.99357200	-7.93184000
4.65999988	1.99357200	-8.44918800
4.66999988	1.99357200	-8.44918800
4.67999988	2.03786300	-8.96653500
4.68999988	2.03786300	-8.96653500
4.69999988	2.08230800	-8.96653500
4.70999988	2.08230800	-8.96653500
4.71999988	2.08230800	-8.79429100
4.72999988	2.08230800	-9.31163800
4.73999988	2.12659900	-8.79429100
4.74999988	2.17089100	-8.62204700
4.75999988	2.17089100	-8.62204700
4.76999988	2.17089100	-8.62204700
4.77999988	2.21518200	-8.27694300
4.78999988	2.21518200	-7.93184000
4.79999988	2.21518200	-7.58735200
4.80999988	2.21518200	-7.58735200
4.81999988	2.25947300	-6.89714500
4.82999988	2.25947300	-6.55265700
4.83999988	2.30376500	-6.37979800
4.84999988	2.30376500	-5.86245000
4.85999988	2.30376500	-5.34510300
4.86999988	2.34805600	-4.65551200
4.87999988	2.39234700	-4.31102400
4.88999988	2.39234700	-3.79367600
4.89999988	2.39234700	-3.27632900
4.90999988	2.39234700	-2.93122500
4.91999988	2.43663900	-2.41387800
4.92999988	2.43663900	-1.72428600
4.93999988	2.48093000	-1.55142700
4.94999987	2.48093000	-0.68959150
4.95999987	2.52522100	-0.34448820
4.96999987	2.52522100	0.34448820
4.97999987	2.52522100	1.20693900
4.98999987	2.56951300	1.37918300
4.99999987	2.56951300	1.72428600
5.00999987	2.56951300	2.24163400
5.01999987	2.61395800	2.75898100
5.02999987	2.65824900	3.27632900
5.03999987	2.61395800	3.44857300
5.04999987	2.65824900	3.62081700
5.05999987	2.65824900	4.31102400
5.06999987	2.70254100	4.65551200
5.07999987	2.70254100	4.82775500
5.08999987	2.70254100	5.34510300
5.09999987	2.74683200	5.51796200
5.10999987	2.74683200	5.69020700
5.11999987	2.79112300	5.86245000
5.12999987	2.79112300	6.20755400
5.13999987	2.79112300	6.20755400
5.14999987	2.83541500	6.72490100
5.15999987	2.83541500	6.55265700
5.16999987	2.83541500	7.07000400
5.17999987	2.87970600	6.89714500
5.18999987	2.92399700	7.41449300
5.19999987	2.87970600	7.07000400
5.20999987	2.92399700	7.07000400
5.21999987	2.96828900	6.89714500
5.22999987	2.96828900	7.07000400
5.23999987	2.96828900	7.07000400
5.24999987	3.01258000	6.89714500
5.25999987	3.01258000	7.07000400
5.26999987	3.01258000	6.89714500
5.27999987	3.05687100	6.55265700
5.28999987	3.05687100	6.20755400
5.29999987	3.10131600	6.03531000
5.30999987	3.10131600	5.86245000
5.31999987	3.14560800	5.34510300
5.32999987	3.14560800	5.34510300
5.33999987	3.14560800	5.00061500
5.34999986	3.14560800	4.82775500
5.35999986	3.18989900	4.31102400
5.36999986	3.23419000	3.96592000
5.37999986	3.23419000	3.44857300
5.38999986	3.23419000	3.44857300
5.39999986	3.23419000	2.41387800
5.40999986	3.27848200	2.24163400
5.41999986	3.27848200	1.89653000
5.42999986	3.32277300	1.03408000
5.43999986	3.32277300	0.51673230
5.44999986	3.36706400	0.17224410
5.45999986	3.36706400	-0.34448820
5.46999986	3.36706400	-1.03408000
5.47999986	3.41135600	-1.55142700
5.48999986	3.41135600	-1.72428600
5.49999986	3.45564700	-2.58612200
5.50999986	3.45564700	-3.27632900
5.51999986	3.45564700	-3.62081700
5.52999986	3.49993800	-3.79367600
5.53999986	3.49993800	-5.00061500
5.54999986	3.49993800	-5.00061500
5.55999986	3.49993800	-5.86245000
5.56999986	3.54423000	-6.03531000
5.57999986	3.54423000	-6.72490100
5.58999986	3.58852100	-6.89714500
5.59999986	3.58852100	-7.58735200
5.60999986	3.63296600	-7.58735200
5.61999986	3.63296600	-8.10469900
5.62999986	3.63296600	-8.27694300
5.63999986	3.67725800	-8.62204700
5.64999986	3.67725800	-8.44918800
5.65999986	3.67725800	-8.79429100
5.66999986	3.72154900	-9.31163800
5.67999986	3.72154900	-8.96653500
5.68999986	3.72154900	-8.96653500
5.69999986	3.76584000	-8.96653500
5.70999986	3.76584000	-8.96653500
5.71999986	3.81013200	-8.96653500
5.72999986	3.81013200	-8.44918800
5.73999985	3.85442300	-8.44918800
5.74999985	3.85442300	-8.27694300
5.75999985	3.89871400	-8.10469900
5.76999985	3.89871400	-7.93184000
5.77999985	3.94300600	-7.41449300
5.78999985	3.94300600	-7.24224900
5.79999985	3.94300600	-7.24224900
5.80999985	3.94300600	-6.37979800
5.81999985	3.98729700	-6.37979800
5.82999985	3.94300600	-5.51796200
5.83999985	4.03158900	-5.17285900
5.84999985	4.03158900	-4.65551200
5.85999985	4.03158900	-3.79367600
5.86999985	4.07588000	-3.44857300
5.87999985	4.07588000	-3.27632900
5.88999985	4.07588000	-2.41387800
5.89999985	4.12017100	-2.24163400
5.90999985	4.12017100	-1.37918300
5.91999985	4.12017100	-1.03408000
5.92999985	4.16461600	-0.51673230
5.93999985	4.16461600	0.00000000
5.94999985	4.20890800	0.51673230
5.95999985	4.20890800	0.86183560
5.96999985	4.20890800	1.37918300
5.97999985	4.25319900	1.89653000
5.98999985	4.25319900	2.41387800
5.99999985	4.29749000	2.75898100
6.00999985	4.29749000	3.27632900
6.01999985	4.29749000	3.62081700
6.02999985	4.34178200	3.62081700
6.03999985	4.34178200	4.31102400
6.04999985	4.38607300	4.82775500
6.05999985	4.38607300	5.17285900
6.06999985	4.38607300	5.34510300
6.07999985	4.38607300	5.69020700
6.08999985	4.43036400	6.20755400
6.09999985	4.43036400	6.20755400
6.10999985	4.47465600	6.20755400
6.11999985	4.47465600	6.37979800
6.12999985	4.51894700	6.72490100
6.13999984	4.51894700	6.89714500
6.14999984	4.56323800	7.07000400
6.15999984	4.56323800	7.07000400
6.16999984	4.60753000	7.07000400
6.17999984	4.60753000	7.07000400
6.18999984	4.60753000	7.07000400
6.19999984	4.65197500	7.24224900
6.20999984	4.60753000	7.24224900
6.21999984	4.65197500	7.58735200
6.22999984	4.65197500	7.24224900
6.23999984	4.65197500	7.07000400
6.24999984	4.60753000	6.55265700
6.25999984	4.60753000	6.72490100
6.26999984	4.60753000	6.72490100
6.27999984	4.60753000	6.20755400
6.28999984	4.56323800	6.03531000
6.29999984	4.51894700	6.03531000
6.30999984	4.51894700	5.69020700
6.31999984	4.51894700	5.69020700
6.32999984	4.51894700	5.69020700
6.33999984	4.47465600	5.69020700
6.34999984	4.43036400	5.51796200
6.35999984	4.43036400	5.34510300
6.36999984	4.43036400	5.17285900
6.37999984	4.38607300	5.34510300
6.38999984	4.38607300	5.17285900
6.39999984	4.34178200	5.17285900
6.40999984	4.34178200	5.17285900
6.41999984	4.34178200	5.00061500
6.42999984	4.34178200	5.17285900
6.43999984	4.29749000	5.17285900
6.44999984	4.25319900	5.17285900
6.45999984	4.25319900	5.17285900
6.46999984	4.25319900	5.00061500
6.47999984	4.25319900	5.17285900
6.48999984	4.20890800	5.34510300
6.49999984	4.20890800	5.34510300
6.50999984	4.16461600	5.34510300
6.51999984	4.16461600	5.51796200
6.52999984	4.12017100	5.69020700
6.53999983	4.12017100	6.03531000
6.54999983	4.12017100	6.20755400
6.55999983	4.07588000	6.20755400
6.56999983	4.03158900	6.20755400
6.57999983	4.03158900	6.20755400
6.58999983	3.98729700	6.89714500
6.59999983	4.03158900	6.72490100
6.60999983	4.03158900	7.07000400
6.61999983	3.98729700	7.07000400
6.62999983	3.94300600	7.07000400
6.63999983	3.94300600	7.58735200
6.64999983	3.94300600	7.75959600
6.65999983	3.94300600	7.93184000
6.66999983	3.89871400	7.93184000
6.67999983	3.85442300	8.27694300
6.68999983	3.85442300	8.62204700
6.69999983	3.85442300	8.79429100
6.70999983	3.85442300	8.96653500
6.71999983	3.81013200	8.96653500
6.72999983	3.81013200	9.65612700
6.73999983	3.76584000	10.00123000
6.74999983	3.76584000	10.00123000
6.75999983	3.72154900	10.51858000
6.76999983	3.67725800	10.34633000
6.77999983	3.67725800	10.34633000
6.78999983	3.67725800	10.86368000
6.79999983	3.67725800	11.03592000
6.80999983	3.67725800	11.20817000
6.81999983	3.63296600	11.38103000
6.82999983	3.58852100	11.38103000
6.83999983	3.58852100	11.55327000
6.84999983	3.58852100	11.72552000
6.85999983	3.58852100	12.24286000
6.86999983	3.58852100	12.58797000
6.87999983	3.54423000	12.41572000
6.88999983	3.49993800	12.58797000
6.89999983	3.49993800	12.76021000
6.90999983	3.45564700	12.58797000
6.91999983	3.45564700	12.93307000
6.92999982	3.41135600	12.93307000
6.93999982	3.45564700	13.27756000
6.94999982	3.41135600	13.10531000
6.95999982	3.41135600	13.27756000
6.96999982	3.36706400	13.44980000
6.97999982	3.36706400	13.10531000
6.98999982	3.36706400	13.44980000
6.99999982	3.32277300	13.10531000
7.00999982	3.27848200	13.44980000
7.01999982	3.27848200	13.44980000
7.02999982	3.27848200	13.44980000
7.03999982	3.23419000	13.10531000
7.04999982	3.23419000	12.93307000
7.05999982	3.23419000	12.58797000
7.06999982	3.18989900	12.93307000
7.07999982	3.18989900	12.93307000
7.08999982	3.14560800	12.58797000
7.09999982	3.14560800	12.41572000
7.10999982	3.10131600	12.41572000
7.11999982	3.10131600	12.07062000
7.12999982	3.10131600	12.07062000
7.13999982	3.05687100	11.72552000
7.14999982	3.01258000	11.20817000
7.15999982	3.05687100	10.86368000
7.16999982	3.01258000	11.03592000
7.17999982	3.01258000	10.51858000
7.18999982	2.96828900	10.00123000
7.19999982	2.96828900	9.65612700
7.20999982	2.92399700	9.48388300
7.21999982	2.92399700	8.96653500
7.22999982	2.92399700	8.79429100
7.23999982	2.92399700	8.27694300
7.24999982	2.87970600	7.75959600
7.25999982	2.83541500	7.58735200
7.26999982	2.83541500	6.89714500
7.27999982	2.83541500	6.55265700
7.28999982	2.83541500	6.03531000
7.29999982	2.79112300	5.69020700
7.30999982	2.79112300	4.82775500
7.31999982	2.79112300	4.48326700
7.32999981	2.74683200	3.62081700
7.33999981	2.74683200	3.62081700
7.34999981	2.70254100	2.93122500
7.35999981	2.70254100	2.24163400
7.36999981	2.70254100	1.89653000
7.37999981	2.61395800	1.03408000
7.38999981	2.65824900	0.86183560
7.39999981	2.61395800	0.00000000
7.40999981	2.56951300	-0.34448820
7.41999981	2.61395800	-0.86183560
7.42999981	2.56951300	-1.20693900
7.43999981	2.52522100	-1.72428600
7.44999981	2.52522100	-2.41387800
7.45999981	2.52522100	-2.58612200
7.46999981	2.48093000	-3.10346900
7.47999981	2.48093000	-3.96592000
7.48999981	2.43663900	-4.31102400
7.49999981	2.43663900	-4.82775500
7.50999981	2.43663900	-5.00061500
7.51999981	2.43663900	-5.34510300
7.52999981	2.39234700	-5.51796200
7.53999981	2.34805600	-6.03531000
7.54999981	2.34805600	-6.37979800
7.55999981	2.34805600	-6.55265700
7.56999981	2.30376500	-6.72490100
7.57999981	2.30376500	-6.72490100
7.58999981	2.30376500	-6.89714500
7.59999981	2.25947300	-7.24224900
7.60999981	2.25947300	-7.58735200
7.61999981	2.21518200	-6.89714500
7.62999981	2.21518200	-7.24224900
7.63999981	2.17089100	-7.24224900
7.64999981	2.17089100	-7.24224900
7.65999981	2.17089100	-7.07000400
7.66999981	2.12659900	-6.89714500
7.67999981	2.12659900	-6.89714500
7.68999981	2.08230800	-6.72490100
7.69999981	2.12659900	-6.37979800
7.70999981	2.08230800	-6.03531000
7.71999980	2.03786300	-5.69020700
7.72999980	2.08230800	-5.86245000
7.73999980	2.03786300	-5.17285900
7.74999980	1.99357200	-5.00061500
7.75999980	1.94928000	-4.65551200
7.76999980	1.99357200	-4.13816400
7.77999980	1.94928000	-3.79367600
7.78999980	1.94928000	-3.44857300
7.79999980	1.90498900	-2.93122500
7.80999980	1.90498900	-2.41387800
7.81999980	1.86069800	-2.06877400
7.82999980	1.86069800	-2.06877400
7.83999980	1.86069800	-0.86183560
7.84999980	1.86069800	-0.68959150
7.85999980	1.81640600	-0.34448820
7.86999980	1.77211500	0.17224410
7.87999980	1.77211500	0.51673230
7.88999980	1.77211500	1.03408000
7.89999980	1.77211500	1.55142700
7.90999980	1.72782400	2.06877400
7.91999980	1.72782400	2.41387800
7.92999980	1.68353200	2.41387800
7.93999980	1.68353200	3.10346900
7.94999980	1.68353200	3.62081700
7.95999980	1.63924100	3.96592000
7.96999980	1.63924100	4.31102400
7.97999980	1.59495000	5.00061500
7.98999980	1.59495000	5.34510300
7.99999980	1.59495000	5.51796200
8.00999980	1.59495000	5.69020700
8.01999980	1.55065800	6.37979800
8.02999980	1.55065800	6.55265700
8.03999980	1.50621300	6.72490100
8.04999980	1.50621300	7.07000400
8.05999980	1.50621300	7.41449300
8.06999980	1.46192200	7.41449300
8.07999980	1.41763000	7.41449300
8.08999980	1.41763000	7.93184000
8.09999980	1.41763000	8.27694300
8.10999980	1.37333900	8.27694300
8.11999979	1.37333900	8.10469900
8.12999979	1.37333900	8.44918800
8.13999979	1.32904800	8.44918800
8.14999979	1.28475600	8.62204700
8.15999979	1.28475600	8.62204700
8.16999979	1.28475600	8.44918800
8.17999979	1.24046500	8.44918800
8.18999979	1.24046500	8.79429100
8.19999979	1.19617400	8.27694300
8.20999979	1.19617400	8.27694300
8.21999979	1.19617400	8.27694300
8.22999979	1.15188200	7.93184000
8.23999979	1.15188200	7.93184000
8.24999979	1.15188200	7.75959600
8.25999979	1.15188200	7.58735200
8.26999979	1.10759100	7.41449300
8.27999979	1.10759100	6.89714500
8.28999979	1.06330000	6.37979800
8.29999979	1.06330000	6.20755400
8.30999979	1.01885500	5.69020700
8.31999979	1.01885500	5.34510300
8.32999979	1.01885500	5.17285900
8.33999979	0.97456320	4.48326700
8.34999979	0.97456320	4.13816400
8.35999979	0.93027190	3.79367600
8.36999979	0.93027190	3.10346900
8.37999979	0.93027190	2.75898100
8.38999979	0.93027190	2.06877400
8.39999979	0.88598050	1.55142700
8.40999979	0.84168920	0.86183560
8.41999979	0.84168920	0.17224410
8.42999979	0.84168920	-0.17224410
8.43999979	0.79739790	-0.68959150
8.44999979	0.79739790	-1.20693900
8.45999979	0.75310650	-1.72428600
8.46999979	0.75310650	-2.58612200
8.47999979	0.75310650	-2.93122500
8.48999979	0.70881520	-3.27632900
8.49999979	0.70881520	-3.79367600
8.50999979	0.70881520	-4.13816400
8.51999978	0.66452380	-4.31102400
8.52999978	0.66452380	-5.00061500
8.53999978	0.62023250	-5.86245000
8.54999978	0.62023250	-5.86245000
8.55999978	0.57594120	-6.03531000
8.56999978	0.57594120	-6.55265700
8.57999978	0.57594120	-6.72490100
8.58999978	0.57594120	-6.89714500
8.59999978	0.53164980	-6.89714500
8.60999978	0.53164980	-7.07000400
8.61999978	0.48720470	-7.07000400
8.62999978	0.48720470	-6.89714500
8.63999978	0.48720470	-6.89714500
8.64999978	0.44291340	-6.72490100
8.65999978	0.39862200	-6.37979800
8.66999978	0.39862200	-6.37979800
8.67999978	0.39862200	-6.20755400
8.68999978	0.35433070	-5.69020700
8.69999978	0.35433070	-5.86245000
8.70999978	0.35433070	-5.34510300
8.71999978	0.31003940	-4.82775500
8.72999978	0.31003940	-4.31102400
8.73999978	0.31003940	-3.79367600
8.74999978	0.26574800	-3.79367600
8.75999978	0.26574800	-3.27632900
8.76999978	0.22145670	-2.93122500
8.77999978	0.22145670	-2.06877400
8.78999978	0.17716540	-1.72428600
8.79999978	0.17716540	-1.20693900
8.80999978	0.17716540	-0.68959150
8.81999978	0.13287400	-0.34448820
8.82999978	0.13287400	0.51673230
8.83999978	0.08858268	0.68959150
8.84999978	0.08858268	1.20693900
8.85999978	0.08858268	1.37918300
8.86999978	0.04429134	1.89653000
8.87999978	0.04429134	2.58612200
8.88999978	0.04429134	3.10346900
8.89999978	-0.04429134	3.44857300
8.90999977	0.00000000	3.79367600
8.91999977	-0.04429134	4.48326700
8.92999977	-0.04429134	4.48326700
8.93999977	-0.08858268	5.00061500
8.94999977	-0.08858268	5.34510300
8.95999977	-0.13287400	5.86245000
8.96999977	-0.13287400	5.69020700
8.97999977	-0.13287400	6.37979800
8.98999977	-0.13287400	6.55265700
8.99999977	-0.17716540	6.55265700
9.00999977	-0.17716540	6.72490100
9.01999977	-0.22145670	6.89714500
9.02999977	-0.22145670	7.07000400
9.03999977	-0.22145670	7.24224900
9.04999977	-0.22145670	7.24224900
9.05999977	-0.26574800	7.41449300
9.06999977	-0.26574800	7.58735200
9.07999977	-0.31003940	7.75959600
9.08999977	-0.31003940	7.75959600
9.09999977	-0.31003940	7.93184000
9.10999977	-0.35433070	7.75959600
9.11999977	-0.35433070	7.93184000
9.12999977	-0.39862200	7.93184000
9.13999977	-0.39862200	8.10469900
9.14999977	-0.39862200	8.27694300
9.15999977	-0.39862200	8.62204700
9.16999977	-0.44291340	8.44918800
9.17999977	-0.44291340	8.44918800
9.18999977	-0.48720470	8.62204700
9.19999977	-0.44291340	8.44918800
9.20999977	-0.48720470	8.62204700
9.21999977	-0.48720470	8.62204700
9.22999977	-0.48720470	8.27694300
9.23999977	-0.53164980	8.79429100
9.24999977	-0.53164980	8.62204700
9.25999977	-0.57594120	8.62204700
9.26999977	-0.57594120	8.79429100
9.27999977	-0.62023250	8.79429100
9.28999977	-0.66452380	8.62204700
9.29999977	-0.62023250	8.79429100
9.30999976	-0.62023250	8.62204700
9.31999976	-0.66452380	8.96653500
9.32999976	-0.66452380	8.79429100
9.33999976	-0.70881520	8.62204700
9.34999976	-0.70881520	8.79429100
9.35999976	-0.70881520	8.79429100
9.36999976	-0.70881520	9.13877900
9.37999976	-0.75310650	8.62204700
9.38999976	-0.75310650	8.62204700
9.39999976	-0.79739790	8.79429100
9.40999976	-0.79739790	8.79429100
9.41999976	-0.79739790	8.79429100
9.42999976	-0.79739790	8.79429100
9.43999976	-0.84168920	8.62204700
9.44999976	-0.84168920	8.44918800
9.45999976	-0.84168920	8.27694300
9.46999976	-0.88598050	8.62204700
9.47999976	-0.88598050	8.79429100
9.48999976	-0.88598050	8.44918800
9.49999976	-0.93027190	8.62204700
9.50999976	-0.88598050	8.27694300
9.51999976	-0.93027190	8.27694300
9.52999976	-0.97456320	8.27694300
9.53999976	-0.97456320	8.27694300
9.54999976	-0.97456320	8.27694300
9.55999976	-1.01885500	8.27694300
9.56999976	-1.01885500	8.10469900
9.57999976	-1.01885500	8.27694300
9.58999976	-1.06330000	7.93184000
9.59999976	-1.01885500	7.93184000
9.60999976	-1.06330000	7.93184000
9.61999976	-1.06330000	7.75959600
9.62999976	-1.10759100	7.93184000
9.63999976	-1.10759100	7.93184000
9.64999976	-1.10759100	7.75959600
9.65999976	-1.15188200	7.93184000
9.66999976	-1.15188200	7.93184000
9.67999976	-1.19617400	7.93184000
9.68999976	-1.19617400	7.75959600
9.69999975	-1.24046500	7.93184000
9.70999975	-1.24046500	7.41449300
9.71999975	-1.24046500	7.41449300
9.72999975	-1.24046500	7.93184000
9.73999975	-1.28475600	7.75959600
9.74999975	-1.24046500	7.75959600
9.75999975	-1.28475600	7.24224900
9.76999975	-1.32904800	7.41449300
9.77999975	-1.28475600	7.41449300
9.78999975	-1.37333900	7.24224900
9.79999975	-1.32904800	7.24224900
9.80999975	-1.37333900	7.75959600
9.81999975	-1.37333900	7.07000400
9.82999975	-1.37333900	7.07000400
9.83999975	-1.41763000	7.24224900
9.84999975	-1.46192200	7.07000400
9.85999975	-1.41763000	7.24224900
9.86999975	-1.46192200	6.89714500
9.87999975	-1.46192200	7.24224900
9.88999975	-1.46192200	7.07000400
9.89999975	-1.50621300	6.89714500
9.90999975	-1.50621300	6.89714500
9.91999975	-1.55065800	6.89714500
9.92999975	-1.55065800	6.55265700
9.93999975	-1.55065800	6.55265700
9.94999975	-1.55065800	6.89714500
9.95999975	-1.59495000	6.89714500
9.96999975	-1.59495000	6.72490100
9.97999975	-1.63924100	6.55265700
9.98999975	-1.59495000	6.89714500
9.99999975	-1.68353200	6.55265700
10.00999975	-1.68353200	6.37979800
10.01999975	-1.68353200	6.55265700
10.02999975	-1.68353200	6.20755400
