Frequency	Channel A	Channel B
(ms)	(V)	(mV)

0.00000000	-1.63924100	3.87856800
0.01000000	-1.63924100	4.31071600
0.02000000	-1.63924100	4.31071600
0.03000000	-1.68353200	3.87856800
0.04000000	-1.68353200	4.31071600
0.05000000	-1.68353200	4.31071600
0.06000000	-1.68353200	4.31071600
0.07000000	-1.68353200	4.31071600
0.08000000	-1.68353200	4.31071600
0.09000000	-1.68353200	4.74132600
0.10000000	-1.68353200	4.31071600
0.11000000	-1.72782400	4.31071600
0.12000000	-1.72782400	4.74132600
0.13000000	-1.68353200	4.74132600
0.14000000	-1.72782400	4.74132600
0.15000000	-1.72782400	4.74132600
0.16000000	-1.72782400	4.74132600
0.17000000	-1.77211500	4.74132600
0.18000000	-1.72782400	4.74132600
0.19000000	-1.77211500	4.74132600
0.19999999	-1.77211500	4.74132600
0.20999999	-1.77211500	4.74132600
0.21999999	-1.77211500	4.31071600
0.22999999	-1.81640600	5.17193600
0.23999999	-1.77211500	4.74132600
0.24999999	-1.81640600	5.17193600
0.25999999	-1.86069800	5.17193600
0.26999999	-1.81640600	4.74132600
0.27999999	-1.81640600	5.17193600
0.28999999	-1.81640600	5.17193600
0.29999999	-1.86069800	4.74132600
0.30999999	-1.86069800	5.17193600
0.31999999	-1.86069800	5.17193600
0.32999999	-1.86069800	5.17193600
0.33999999	-1.86069800	5.17193600
0.34999999	-1.86069800	5.17193600
0.35999999	-1.86069800	5.17193600
0.36999999	-1.86069800	5.17193600
0.37999999	-1.81640600	5.17193600
0.38999999	-1.81640600	5.17193600
0.39999999	-1.81640600	5.17193600
0.40999999	-1.81640600	5.17193600
0.41999999	-1.81640600	5.17193600
0.42999999	-1.81640600	5.17193600
0.43999999	-1.77211500	5.17193600
0.44999999	-1.77211500	5.17193600
0.45999999	-1.72782400	5.17193600
0.46999999	-1.77211500	5.60408400
0.47999999	-1.77211500	5.17193600
0.48999999	-1.77211500	5.60408400
0.49999999	-1.72782400	5.60408400
0.50999999	-1.72782400	5.60408400
0.51999999	-1.77211500	5.60408400
0.52999999	-1.72782400	5.60408400
0.53999999	-1.72782400	5.60408400
0.54999999	-1.72782400	5.60408400
0.55999999	-1.72782400	5.60408400
0.56999999	-1.68353200	5.60408400
0.57999999	-1.72782400	5.60408400
0.58999999	-1.68353200	5.17193600
0.59999998	-1.68353200	5.60408400
0.60999998	-1.68353200	5.60408400
0.61999998	-1.68353200	5.60408400
0.62999998	-1.63924100	5.60408400
0.63999998	-1.63924100	5.60408400
0.64999998	-1.63924100	5.60408400
0.65999998	-1.63924100	6.03469500
0.66999998	-1.63924100	5.60408400
0.67999998	-1.63924100	5.60408400
0.68999998	-1.63924100	5.60408400
0.69999998	-1.59495000	5.60408400
0.70999998	-1.59495000	6.03469500
0.71999998	-1.59495000	5.60408400
0.72999998	-1.59495000	5.60408400
0.73999998	-1.59495000	5.60408400
0.74999998	-1.55065800	5.60408400
0.75999998	-1.59495000	6.03469500
0.76999998	-1.59495000	5.60408400
0.77999998	-1.55065800	5.60408400
0.78999998	-1.55065800	6.03469500
0.79999998	-1.55065800	5.60408400
0.80999998	-1.55065800	6.03469500
0.81999998	-1.55065800	5.60408400
0.82999998	-1.55065800	5.60408400
0.83999998	-1.50621300	5.60408400
0.84999998	-1.50621300	5.60408400
0.85999998	-1.50621300	5.60408400
0.86999998	-1.46192200	5.60408400
0.87999998	-1.50621300	5.60408400
0.88999998	-1.50621300	5.60408400
0.89999998	-1.50621300	5.60408400
0.90999998	-1.46192200	5.60408400
0.91999998	-1.46192200	6.03469500
0.92999998	-1.46192200	6.03469500
0.93999998	-1.46192200	5.60408400
0.94999998	-1.46192200	5.60408400
0.95999998	-1.41763000	5.60408400
0.96999998	-1.41763000	5.60408400
0.97999998	-1.41763000	5.60408400
0.98999997	-1.41763000	5.60408400
0.99999997	-1.41763000	5.60408400
1.00999997	-1.41763000	5.60408400
1.01999997	-1.41763000	5.60408400
1.02999997	-1.37333900	6.03469500
1.03999997	-1.37333900	5.60408400
1.04999997	-1.37333900	5.60408400
1.05999997	-1.32904800	5.60408400
1.06999997	-1.37333900	5.60408400
1.07999997	-1.32904800	5.60408400
1.08999997	-1.32904800	6.03469500
1.09999997	-1.32904800	6.03469500
1.10999997	-1.32904800	5.60408400
1.11999997	-1.32904800	6.03469500
1.12999997	-1.32904800	5.60408400
1.13999997	-1.32904800	6.03469500
1.14999997	-1.32904800	5.60408400
1.15999997	-1.32904800	5.60408400
1.16999997	-1.28475600	5.60408400
1.17999997	-1.28475600	5.60408400
1.18999997	-1.28475600	6.03469500
1.19999997	-1.24046500	5.60408400
1.20999997	-1.24046500	6.03469500
1.21999997	-1.24046500	6.03469500
1.22999997	-1.24046500	6.03469500
1.23999997	-1.24046500	5.60408400
1.24999997	-1.24046500	6.03469500
1.25999997	-1.24046500	5.60408400
1.26999997	-1.24046500	5.60408400
1.27999997	-1.19617400	5.60408400
1.28999997	-1.24046500	5.60408400
1.29999997	-1.19617400	5.60408400
1.30999997	-1.19617400	5.60408400
1.31999997	-1.19617400	5.60408400
1.32999997	-1.15188200	5.60408400
1.33999997	-1.15188200	5.60408400
1.34999997	-1.19617400	5.17193600
1.35999997	-1.15188200	5.60408400
1.36999997	-1.15188200	5.60408400
1.37999997	-1.15188200	6.03469500
1.38999996	-1.15188200	5.60408400
1.39999996	-1.10759100	6.03469500
1.40999996	-1.10759100	5.60408400
1.41999996	-1.10759100	5.60408400
1.42999996	-1.10759100	5.60408400
1.43999996	-1.10759100	5.60408400
1.44999996	-1.10759100	5.60408400
1.45999996	-1.10759100	5.60408400
1.46999996	-1.10759100	5.60408400
1.47999996	-1.06330000	5.60408400
1.48999996	-1.06330000	6.03469500
1.49999996	-1.06330000	5.60408400
1.50999996	-1.06330000	5.60408400
1.51999996	-1.06330000	5.60408400
1.52999996	-1.01885500	5.60408400
1.53999996	-1.06330000	5.60408400
1.54999996	-1.06330000	5.60408400
1.55999996	-1.06330000	5.60408400
1.56999996	-1.01885500	5.60408400
1.57999996	-1.01885500	5.17193600
1.58999996	-0.97456320	5.60408400
1.59999996	-0.97456320	5.60408400
1.60999996	-0.97456320	5.60408400
1.61999996	-0.97456320	5.60408400
1.62999996	-0.97456320	5.60408400
1.63999996	-0.97456320	5.60408400
1.64999996	-0.97456320	5.60408400
1.65999996	-0.93027190	5.17193600
1.66999996	-0.93027190	5.60408400
1.67999996	-0.93027190	5.60408400
1.68999996	-0.93027190	5.17193600
1.69999996	-0.93027190	5.17193600
1.70999996	-0.93027190	5.60408400
1.71999996	-0.88598050	5.60408400
1.72999996	-0.93027190	5.60408400
1.73999996	-0.88598050	5.60408400
1.74999996	-0.88598050	5.60408400
1.75999996	-0.88598050	5.17193600
1.76999996	-0.88598050	5.60408400
1.77999996	-0.88598050	5.60408400
1.78999995	-0.84168920	5.60408400
1.79999995	-0.84168920	5.60408400
1.80999995	-0.88598050	6.03469500
1.81999995	-0.84168920	5.60408400
1.82999995	-0.88598050	5.60408400
1.83999995	-0.84168920	5.60408400
1.84999995	-0.84168920	6.03469500
1.85999995	-0.79739790	5.60408400
1.86999995	-0.84168920	5.60408400
1.87999995	-0.79739790	5.60408400
1.88999995	-0.79739790	5.60408400
1.89999995	-0.79739790	5.60408400
1.90999995	-0.79739790	5.60408400
1.91999995	-0.79739790	5.60408400
1.92999995	-0.75310650	5.60408400
1.93999995	-0.75310650	5.60408400
1.94999995	-0.75310650	5.60408400
1.95999995	-0.75310650	5.60408400
1.96999995	-0.75310650	5.60408400
1.97999995	-0.75310650	5.60408400
1.98999995	-0.75310650	5.60408400
1.99999995	-0.70881520	5.60408400
2.00999995	-0.75310650	5.60408400
2.01999995	-0.70881520	5.17193600
2.02999995	-0.75310650	5.60408400
2.03999995	-0.70881520	5.60408400
2.04999995	-0.70881520	5.60408400
2.05999995	-0.66452380	5.60408400
2.06999995	-0.66452380	5.60408400
2.07999995	-0.66452380	5.60408400
2.08999995	-0.66452380	5.60408400
2.09999995	-0.62023250	5.60408400
2.10999995	-0.66452380	5.60408400
2.11999995	-0.62023250	6.03469500
2.12999995	-0.66452380	5.60408400
2.13999995	-0.66452380	5.60408400
2.14999995	-0.62023250	6.03469500
2.15999995	-0.62023250	5.60408400
2.16999995	-0.62023250	5.60408400
2.17999994	-0.62023250	5.60408400
2.18999994	-0.57594120	5.60408400
2.19999994	-0.57594120	5.60408400
2.20999994	-0.53164980	6.03469500
2.21999994	-0.57594120	6.03469500
2.22999994	-0.57594120	5.60408400
2.23999994	-0.57594120	5.60408400
2.24999994	-0.57594120	5.60408400
2.25999994	-0.53164980	5.60408400
2.26999994	-0.53164980	5.60408400
2.27999994	-0.53164980	5.60408400
2.28999994	-0.53164980	6.03469500
2.29999994	-0.53164980	5.60408400
2.30999994	-0.53164980	5.60408400
2.31999994	-0.53164980	5.60408400
2.32999994	-0.48720470	5.60408400
2.33999994	-0.48720470	6.03469500
2.34999994	-0.48720470	6.03469500
2.35999994	-0.48720470	6.03469500
2.36999994	-0.44291340	5.60408400
2.37999994	-0.44291340	5.60408400
2.38999994	-0.44291340	5.60408400
2.39999994	-0.44291340	5.60408400
2.40999994	-0.44291340	6.03469500
2.41999994	-0.44291340	5.60408400
2.42999994	-0.44291340	5.60408400
2.43999994	-0.44291340	6.03469500
2.44999994	-0.44291340	6.03469500
2.45999994	-0.39862200	6.03469500
2.46999994	-0.39862200	5.60408400
2.47999994	-0.39862200	5.60408400
2.48999994	-0.39862200	5.60408400
2.49999994	-0.35433070	6.03469500
2.50999994	-0.35433070	5.60408400
2.51999994	-0.39862200	6.03469500
2.52999994	-0.35433070	5.60408400
2.53999994	-0.39862200	5.60408400
2.54999994	-0.35433070	5.60408400
2.55999994	-0.35433070	5.60408400
2.56999994	-0.31003940	5.60408400
2.57999993	-0.31003940	6.03469500
2.58999993	-0.31003940	6.03469500
2.59999993	-0.31003940	5.60408400
2.60999993	-0.31003940	6.03469500
2.61999993	-0.31003940	6.03469500
2.62999993	-0.26574800	5.60408400
2.63999993	-0.26574800	5.60408400
2.64999993	-0.26574800	5.60408400
2.65999993	-0.22145670	6.03469500
2.66999993	-0.26574800	6.03469500
2.67999993	-0.26574800	5.60408400
2.68999993	-0.22145670	5.60408400
2.69999993	-0.22145670	6.03469500
2.70999993	-0.22145670	5.60408400
2.71999993	-0.22145670	6.03469500
2.72999993	-0.22145670	6.03469500
2.73999993	-0.22145670	6.03469500
2.74999993	-0.17716540	5.60408400
2.75999993	-0.17716540	6.03469500
2.76999993	-0.22145670	5.60408400
2.77999993	-0.22145670	5.60408400
2.78999993	-0.17716540	6.03469500
2.79999993	-0.17716540	6.03469500
2.80999993	-0.17716540	6.03469500
2.81999993	-0.17716540	6.03469500
2.82999993	-0.17716540	6.03469500
2.83999993	-0.13287400	5.60408400
2.84999993	-0.13287400	5.60408400
2.85999993	-0.13287400	5.60408400
2.86999993	-0.13287400	5.60408400
2.87999993	-0.08858268	5.60408400
2.88999993	-0.08858268	6.03469500
2.89999993	-0.08858268	5.60408400
2.90999993	-0.08858268	5.60408400
2.91999993	-0.08858268	6.03469500
2.92999993	-0.08858268	5.60408400
2.93999993	-0.04429134	5.60408400
2.94999993	-0.08858268	6.03469500
2.95999993	-0.08858268	5.60408400
2.96999992	-0.04429134	5.60408400
2.97999992	-0.04429134	5.60408400
2.98999992	0.00000000	5.17193600
2.99999992	-0.04429134	5.60408400
3.00999992	0.00000000	5.60408400
3.01999992	0.00000000	5.60408400
3.02999992	0.00000000	6.03469500
3.03999992	0.04429134	5.60408400
3.04999992	0.04429134	5.17193600
3.05999992	0.04429134	5.17193600
3.06999992	0.04429134	5.17193600
3.07999992	0.04429134	5.17193600
3.08999992	0.08858268	5.17193600
3.09999992	0.13287400	5.17193600
3.10999992	0.08858268	5.17193600
3.11999992	0.08858268	4.74132600
3.12999992	0.13287400	4.74132600
3.13999992	0.08858268	4.31071600
3.14999992	0.13287400	4.31071600
3.15999992	0.13287400	4.31071600
3.16999992	0.13287400	4.31071600
3.17999992	0.13287400	3.87856800
3.18999992	0.13287400	3.87856800
3.19999992	0.17716540	3.87856800
3.20999992	0.17716540	3.44795700
3.21999992	0.13287400	3.44795700
3.22999992	0.17716540	3.01734700
3.23999992	0.17716540	2.58519900
3.24999992	0.17716540	2.58519900
3.25999992	0.17716540	2.15458900
3.26999992	0.22145670	2.15458900
3.27999992	0.22145670	1.72397900
3.28999992	0.22145670	1.29183100
3.29999992	0.26574800	1.72397900
3.30999992	0.22145670	1.29183100
3.31999992	0.26574800	0.86122040
3.32999992	0.26574800	0.43061020
3.33999992	0.26574800	0.00000000
3.34999992	0.26574800	-0.43061020
3.35999992	0.26574800	-0.43061020
3.36999991	0.26574800	-0.86122040
3.37999991	0.31003940	-1.29183100
3.38999991	0.31003940	-1.29183100
3.39999991	0.31003940	-1.29183100
3.40999991	0.31003940	-2.15458900
3.41999991	0.31003940	-2.15458900
3.42999991	0.35433070	-2.58519900
3.43999991	0.35433070	-3.44795700
3.44999991	0.35433070	-3.44795700
3.45999991	0.35433070	-3.87856800
3.46999991	0.35433070	-4.31071600
3.47999991	0.39862200	-4.74132600
3.48999991	0.39862200	-5.17193600
3.49999991	0.39862200	-5.60408400
3.50999991	0.44291340	-6.03469500
3.51999991	0.44291340	-6.46530500
3.52999991	0.39862200	-6.89745300
3.53999991	0.44291340	-7.32806300
3.54999991	0.44291340	-7.75867300
3.55999991	0.44291340	-8.19082200
3.56999991	0.44291340	-8.62143100
3.57999991	0.44291340	-9.05204100
3.58999991	0.44291340	-9.48419000
3.59999991	0.48720470	-10.34541000
3.60999991	0.48720470	-9.91480000
3.61999991	0.48720470	-11.20817000
3.62999991	0.53164980	-11.63878000
3.63999991	0.53164980	-12.06939000
3.64999991	0.53164980	-12.50154000
3.65999991	0.48720470	-13.36276000
3.66999991	0.53164980	-13.36276000
3.67999991	0.57594120	-14.22552000
3.68999991	0.53164980	-14.22552000
3.69999991	0.57594120	-15.08827000
3.70999991	0.57594120	-15.51888000
3.71999991	0.57594120	-16.38164000
3.72999991	0.62023250	-16.38164000
3.73999991	0.62023250	-16.81225000
3.74999991	0.62023250	-17.67501000
3.75999991	0.62023250	-18.53623000
3.76999990	0.62023250	-18.96838000
3.77999990	0.66452380	-18.96838000
3.78999990	0.62023250	-19.82960000
3.79999990	0.62023250	-20.26175000
3.80999990	0.66452380	-20.69236000
3.81999990	0.66452380	-21.12297000
3.82999990	0.66452380	-21.55512000
3.83999990	0.66452380	-21.98573000
3.84999990	0.70881520	-22.41634000
3.85999990	0.70881520	-22.84695000
3.86999990	0.70881520	-23.27909000
3.87999990	0.70881520	-23.70971000
3.88999990	0.75310650	-24.57246000
3.89999990	0.70881520	-24.57246000
3.90999990	0.70881520	-25.00307000
3.91999990	0.70881520	-25.43368000
3.92999990	0.75310650	-25.43368000
3.93999990	0.75310650	-25.86583000
3.94999990	0.75310650	-26.29644000
3.95999990	0.75310650	-26.72705000
3.96999990	0.75310650	-27.15920000
3.97999990	0.79739790	-27.15920000
3.98999990	0.79739790	-27.15920000
3.99999990	0.84168920	-27.58981000
4.00999990	0.79739790	-27.15920000
4.01999990	0.84168920	-27.58981000
4.02999990	0.84168920	-28.02042000
4.03999990	0.84168920	-27.58981000
4.04999990	0.84168920	-28.02042000
4.05999990	0.84168920	-27.58981000
4.06999990	0.84168920	-28.02042000
4.07999990	0.88598050	-27.15920000
4.08999990	0.88598050	-27.58981000
4.09999990	0.93027190	-27.58981000
4.10999990	0.88598050	-27.58981000
4.11999990	0.88598050	-27.15920000
4.12999990	0.93027190	-27.15920000
4.13999990	0.93027190	-26.72705000
4.14999990	0.93027190	-26.72705000
4.15999989	0.88598050	-26.29644000
4.16999989	0.97456320	-25.86583000
4.17999989	0.93027190	-25.43368000
4.18999989	0.97456320	-25.43368000
4.19999989	0.97456320	-25.00307000
4.20999989	0.97456320	-24.57246000
4.21999989	0.97456320	-24.14032000
4.22999989	0.97456320	-24.14032000
4.23999989	0.97456320	-23.27909000
4.24999989	1.01885500	-22.84695000
4.25999989	1.01885500	-22.41634000
4.26999989	1.01885500	-21.98573000
4.27999989	1.01885500	-21.55512000
4.28999989	1.06330000	-21.12297000
4.29999989	1.06330000	-20.26175000
4.30999989	1.06330000	-19.82960000
4.31999989	1.06330000	-19.39899000
4.32999989	1.06330000	-18.96838000
4.33999989	1.06330000	-18.10562000
4.34999989	1.10759100	-17.67501000
4.35999989	1.06330000	-17.24286000
4.36999989	1.10759100	-16.81225000
4.37999989	1.10759100	-15.94949000
4.38999989	1.10759100	-15.08827000
4.39999989	1.10759100	-14.65613000
4.40999989	1.15188200	-13.79491000
4.41999989	1.15188200	-13.79491000
4.42999989	1.15188200	-12.93215000
4.43999989	1.19617400	-12.50154000
4.44999989	1.15188200	-12.06939000
4.45999989	1.19617400	-11.20817000
4.46999989	1.19617400	-10.77756000
4.47999989	1.19617400	-9.91480000
4.48999989	1.19617400	-9.48419000
4.49999989	1.19617400	-9.05204100
4.50999989	1.24046500	-8.19082200
4.51999989	1.24046500	-7.75867300
4.52999989	1.24046500	-7.32806300
4.53999989	1.24046500	-6.46530500
4.54999989	1.24046500	-6.03469500
4.55999988	1.28475600	-5.17193600
4.56999988	1.28475600	-4.74132600
4.57999988	1.28475600	-4.74132600
4.58999988	1.28475600	-3.87856800
4.59999988	1.28475600	-3.44795700
4.60999988	1.28475600	-2.58519900
4.61999988	1.28475600	-2.15458900
4.62999988	1.32904800	-1.72397900
4.63999988	1.28475600	-1.29183100
4.64999988	1.32904800	-0.86122040
4.65999988	1.32904800	-0.43061020
4.66999988	1.32904800	0.00000000
4.67999988	1.37333900	0.43061020
4.68999988	1.32904800	0.86122040
4.69999988	1.37333900	1.29183100
4.70999988	1.37333900	1.72397900
4.71999988	1.37333900	2.15458900
4.72999988	1.37333900	3.01734700
4.73999988	1.41763000	3.01734700
4.74999988	1.41763000	3.44795700
4.75999988	1.41763000	3.87856800
4.76999988	1.41763000	4.74132600
4.77999988	1.41763000	4.74132600
4.78999988	1.46192200	5.17193600
4.79999988	1.46192200	5.60408400
4.80999988	1.46192200	5.60408400
4.81999988	1.46192200	6.46530500
4.82999988	1.50621300	6.46530500
4.83999988	1.46192200	6.89745300
4.84999988	1.50621300	7.32806300
4.85999988	1.50621300	7.32806300
4.86999988	1.50621300	7.75867300
4.87999988	1.55065800	8.19082200
4.88999988	1.55065800	8.19082200
4.89999988	1.50621300	8.62143100
4.90999988	1.55065800	9.05204100
4.91999988	1.55065800	9.48419000
4.92999988	1.55065800	9.48419000
4.93999988	1.55065800	9.91480000
4.94999987	1.59495000	10.34541000
4.95999987	1.55065800	10.34541000
4.96999987	1.59495000	10.77756000
4.97999987	1.59495000	10.77756000
4.98999987	1.63924100	10.77756000
4.99999987	1.59495000	11.20817000
5.00999987	1.63924100	11.20817000
5.01999987	1.63924100	11.63878000
5.02999987	1.63924100	12.06939000
5.03999987	1.63924100	12.06939000
5.04999987	1.68353200	12.06939000
5.05999987	1.68353200	12.06939000
5.06999987	1.68353200	12.50154000
5.07999987	1.68353200	12.93215000
5.08999987	1.68353200	12.93215000
5.09999987	1.72782400	12.93215000
5.10999987	1.68353200	12.93215000
5.11999987	1.72782400	13.36276000
5.12999987	1.72782400	12.93215000
5.13999987	1.72782400	13.36276000
5.14999987	1.72782400	13.36276000
5.15999987	1.77211500	13.36276000
5.16999987	1.72782400	13.79491000
5.17999987	1.77211500	13.36276000
5.18999987	1.81640600	14.22552000
5.19999987	1.77211500	14.22552000
5.20999987	1.81640600	13.79491000
5.21999987	1.81640600	13.79491000
5.22999987	1.77211500	14.22552000
5.23999987	1.81640600	13.79491000
5.24999987	1.81640600	13.79491000
5.25999987	1.81640600	14.22552000
5.26999987	1.86069800	14.22552000
5.27999987	1.81640600	14.22552000
5.28999987	1.86069800	14.22552000
5.29999987	1.86069800	14.22552000
5.30999987	1.86069800	13.79491000
5.31999987	1.90498900	14.22552000
5.32999987	1.90498900	14.22552000
5.33999987	1.86069800	14.22552000
5.34999986	1.90498900	13.79491000
5.35999986	1.90498900	14.22552000
5.36999986	1.94928000	13.79491000
5.37999986	1.90498900	13.79491000
5.38999986	1.94928000	13.79491000
5.39999986	1.94928000	13.79491000
5.40999986	1.94928000	13.36276000
5.41999986	1.94928000	13.36276000
5.42999986	1.94928000	13.36276000
5.43999986	1.94928000	13.36276000
5.44999986	1.99357200	13.36276000
5.45999986	1.99357200	13.36276000
5.46999986	1.99357200	12.93215000
5.47999986	1.99357200	12.50154000
5.48999986	1.99357200	12.93215000
5.49999986	1.99357200	12.50154000
5.50999986	1.99357200	12.50154000
5.51999986	1.99357200	12.06939000
5.52999986	2.03786300	12.06939000
5.53999986	2.03786300	12.06939000
5.54999986	2.03786300	11.63878000
5.55999986	2.08230800	11.63878000
5.56999986	2.03786300	11.20817000
5.57999986	2.08230800	11.20817000
5.58999986	2.08230800	10.77756000
5.59999986	2.08230800	10.77756000
5.60999986	2.08230800	10.34541000
5.61999986	2.12659900	10.34541000
5.62999986	2.12659900	9.91480000
5.63999986	2.08230800	9.48419000
5.64999986	2.17089100	9.05204100
5.65999986	2.17089100	9.05204100
5.66999986	2.12659900	9.05204100
5.67999986	2.12659900	8.62143100
5.68999986	2.17089100	8.19082200
5.69999986	2.17089100	7.75867300
5.70999986	2.21518200	7.32806300
5.71999986	2.21518200	7.32806300
5.72999986	2.17089100	6.89745300
5.73999985	2.17089100	6.46530500
5.74999985	2.17089100	6.03469500
5.75999985	2.21518200	6.03469500
5.76999985	2.17089100	5.17193600
5.77999985	2.21518200	4.74132600
5.78999985	2.17089100	4.31071600
5.79999985	2.17089100	4.31071600
5.80999985	2.12659900	3.87856800
5.81999985	2.12659900	3.44795700
5.82999985	2.17089100	3.01734700
5.83999985	2.12659900	2.58519900
5.84999985	2.12659900	2.58519900
5.85999985	2.12659900	2.15458900
5.86999985	2.08230800	1.72397900
5.87999985	2.12659900	1.29183100
5.88999985	2.12659900	0.86122040
5.89999985	2.08230800	0.43061020
5.90999985	2.08230800	0.86122040
5.91999985	2.08230800	0.43061020
5.92999985	2.08230800	0.00000000
5.93999985	2.03786300	-0.43061020
5.94999985	2.03786300	-0.43061020
5.95999985	2.03786300	-0.86122040
5.96999985	2.03786300	-0.86122040
5.97999985	1.99357200	-1.29183100
5.98999985	2.03786300	-1.29183100
5.99999985	1.99357200	-1.72397900
6.00999985	1.99357200	-1.72397900
6.01999985	1.94928000	-2.15458900
6.02999985	1.99357200	-2.15458900
6.03999985	1.94928000	-2.58519900
6.04999985	1.94928000	-2.58519900
6.05999985	1.94928000	-2.58519900
6.06999985	1.94928000	-2.58519900
6.07999985	1.90498900	-3.01734700
6.08999985	1.94928000	-3.01734700
6.09999985	1.90498900	-3.01734700
6.10999985	1.90498900	-3.01734700
6.11999985	1.90498900	-3.01734700
6.12999985	1.90498900	-3.01734700
6.13999984	1.86069800	-3.44795700
6.14999984	1.86069800	-3.44795700
6.15999984	1.86069800	-3.44795700
6.16999984	1.86069800	-3.44795700
6.17999984	1.86069800	-3.01734700
6.18999984	1.86069800	-3.44795700
6.19999984	1.81640600	-3.01734700
6.20999984	1.86069800	-3.44795700
6.21999984	1.81640600	-3.01734700
6.22999984	1.81640600	-3.44795700
6.23999984	1.77211500	-3.44795700
6.24999984	1.81640600	-3.44795700
6.25999984	1.81640600	-3.01734700
6.26999984	1.77211500	-3.01734700
6.27999984	1.77211500	-3.01734700
6.28999984	1.77211500	-3.01734700
6.29999984	1.77211500	-2.58519900
6.30999984	1.72782400	-2.58519900
6.31999984	1.77211500	-2.58519900
6.32999984	1.72782400	-2.58519900
6.33999984	1.72782400	-2.15458900
6.34999984	1.72782400	-2.15458900
6.35999984	1.72782400	-2.15458900
6.36999984	1.68353200	-1.72397900
6.37999984	1.63924100	-1.72397900
6.38999984	1.68353200	-1.29183100
6.39999984	1.63924100	-1.29183100
6.40999984	1.63924100	-1.29183100
6.41999984	1.68353200	-0.86122040
6.42999984	1.63924100	-0.86122040
6.43999984	1.63924100	-0.86122040
6.44999984	1.63924100	-0.43061020
6.45999984	1.63924100	-0.43061020
6.46999984	1.59495000	0.00000000
6.47999984	1.59495000	0.00000000
6.48999984	1.59495000	0.43061020
6.49999984	1.59495000	0.86122040
6.50999984	1.59495000	0.86122040
6.51999984	1.59495000	1.29183100
6.52999984	1.55065800	1.29183100
6.53999983	1.55065800	1.29183100
6.54999983	1.55065800	1.72397900
6.55999983	1.55065800	1.72397900
6.56999983	1.55065800	2.15458900
6.57999983	1.55065800	2.58519900
6.58999983	1.50621300	2.58519900
6.59999983	1.50621300	3.01734700
6.60999983	1.50621300	3.01734700
6.61999983	1.46192200	3.44795700
6.62999983	1.46192200	3.87856800
6.63999983	1.46192200	3.87856800
6.64999983	1.46192200	3.87856800
6.65999983	1.46192200	4.31071600
6.66999983	1.46192200	4.74132600
6.67999983	1.46192200	5.17193600
6.68999983	1.46192200	5.60408400
6.69999983	1.41763000	5.60408400
6.70999983	1.46192200	5.60408400
6.71999983	1.41763000	6.46530500
6.72999983	1.41763000	6.03469500
6.73999983	1.41763000	6.46530500
6.74999983	1.41763000	6.89745300
6.75999983	1.37333900	6.89745300
6.76999983	1.37333900	7.32806300
6.77999983	1.37333900	7.75867300
6.78999983	1.32904800	7.75867300
6.79999983	1.32904800	8.19082200
6.80999983	1.32904800	8.19082200
6.81999983	1.32904800	8.62143100
6.82999983	1.32904800	8.62143100
6.83999983	1.32904800	9.05204100
6.84999983	1.32904800	9.48419000
6.85999983	1.28475600	9.91480000
6.86999983	1.28475600	9.91480000
6.87999983	1.28475600	9.91480000
6.88999983	1.28475600	10.34541000
6.89999983	1.28475600	10.34541000
6.90999983	1.24046500	10.77756000
6.91999983	1.24046500	10.77756000
6.92999982	1.24046500	10.77756000
6.93999982	1.24046500	11.20817000
6.94999982	1.24046500	11.20817000
6.95999982	1.19617400	11.63878000
6.96999982	1.19617400	12.06939000
6.97999982	1.19617400	12.06939000
6.98999982	1.19617400	12.50154000
6.99999982	1.15188200	12.50154000
7.00999982	1.15188200	12.93215000
7.01999982	1.19617400	12.93215000
7.02999982	1.15188200	12.93215000
7.03999982	1.15188200	12.93215000
7.04999982	1.15188200	13.36276000
7.05999982	1.10759100	13.36276000
7.06999982	1.10759100	13.79491000
7.07999982	1.15188200	13.79491000
7.08999982	1.10759100	13.79491000
7.09999982	1.10759100	14.22552000
7.10999982	1.10759100	14.22552000
7.11999982	1.06330000	14.22552000
7.12999982	1.10759100	14.65613000
7.13999982	1.06330000	14.65613000
7.14999982	1.06330000	14.65613000
7.15999982	1.06330000	15.08827000
7.16999982	1.01885500	15.08827000
7.17999982	1.01885500	15.08827000
7.18999982	1.01885500	15.51888000
7.19999982	1.01885500	15.08827000
7.20999982	1.01885500	15.08827000
7.21999982	1.01885500	15.51888000
7.22999982	0.97456320	15.51888000
7.23999982	0.97456320	15.51888000
7.24999982	0.97456320	15.51888000
7.25999982	1.01885500	15.51888000
7.26999982	0.97456320	15.51888000
7.27999982	0.97456320	15.94949000
7.28999982	0.93027190	15.94949000
7.29999982	0.93027190	15.51888000
7.30999982	0.93027190	15.51888000
7.31999982	0.93027190	15.51888000
7.32999981	0.88598050	15.51888000
7.33999981	0.88598050	15.51888000
7.34999981	0.88598050	15.51888000
7.35999981	0.88598050	15.51888000
7.36999981	0.88598050	15.51888000
7.37999981	0.88598050	15.94949000
7.38999981	0.88598050	15.51888000
7.39999981	0.84168920	15.51888000
7.40999981	0.84168920	15.51888000
7.41999981	0.79739790	15.08827000
7.42999981	0.84168920	15.08827000
7.43999981	0.84168920	15.08827000
7.44999981	0.79739790	15.08827000
7.45999981	0.84168920	15.08827000
7.46999981	0.75310650	15.08827000
7.47999981	0.79739790	14.65613000
7.48999981	0.79739790	14.65613000
7.49999981	0.79739790	14.22552000
7.50999981	0.75310650	14.65613000
7.51999981	0.75310650	14.22552000
7.52999981	0.70881520	14.22552000
7.53999981	0.75310650	14.22552000
7.54999981	0.70881520	13.36276000
7.55999981	0.70881520	13.79491000
7.56999981	0.70881520	13.36276000
7.57999981	0.75310650	12.93215000
7.58999981	0.70881520	12.93215000
7.59999981	0.70881520	12.93215000
7.60999981	0.66452380	12.93215000
7.61999981	0.66452380	12.06939000
7.62999981	0.66452380	12.50154000
7.63999981	0.66452380	12.06939000
7.64999981	0.62023250	11.63878000
7.65999981	0.62023250	11.20817000
7.66999981	0.62023250	11.20817000
7.67999981	0.62023250	11.20817000
7.68999981	0.62023250	10.77756000
7.69999981	0.62023250	10.34541000
7.70999981	0.57594120	10.34541000
7.71999980	0.57594120	9.91480000
7.72999980	0.57594120	9.48419000
7.73999980	0.57594120	9.05204100
7.74999980	0.57594120	8.62143100
7.75999980	0.57594120	8.62143100
7.76999980	0.57594120	8.19082200
7.77999980	0.53164980	7.75867300
7.78999980	0.53164980	7.32806300
7.79999980	0.53164980	6.89745300
7.80999980	0.53164980	6.46530500
7.81999980	0.53164980	6.03469500
7.82999980	0.48720470	5.60408400
7.83999980	0.48720470	5.17193600
7.84999980	0.44291340	4.74132600
7.85999980	0.48720470	4.31071600
7.86999980	0.44291340	3.87856800
7.87999980	0.44291340	3.44795700
7.88999980	0.44291340	3.01734700
7.89999980	0.44291340	2.58519900
7.90999980	0.39862200	2.15458900
7.91999980	0.44291340	1.72397900
7.92999980	0.39862200	1.29183100
7.93999980	0.39862200	0.86122040
7.94999980	0.44291340	0.43061020
7.95999980	0.39862200	0.00000000
7.96999980	0.39862200	-0.86122040
7.97999980	0.35433070	-1.29183100
7.98999980	0.35433070	-1.72397900
7.99999980	0.35433070	-2.15458900
8.00999980	0.35433070	-3.01734700
8.01999980	0.35433070	-3.01734700
8.02999980	0.31003940	-4.31071600
8.03999980	0.35433070	-4.31071600
8.04999980	0.35433070	-4.74132600
8.05999980	0.35433070	-5.60408400
8.06999980	0.31003940	-6.03469500
8.07999980	0.31003940	-6.89745300
8.08999980	0.31003940	-7.32806300
8.09999980	0.26574800	-7.32806300
8.10999980	0.26574800	-8.19082200
8.11999979	0.26574800	-9.05204100
8.12999979	0.26574800	-9.48419000
8.13999979	0.26574800	-9.91480000
8.14999979	0.26574800	-10.34541000
8.15999979	0.22145670	-11.20817000
8.16999979	0.22145670	-11.63878000
8.17999979	0.22145670	-11.63878000
8.18999979	0.17716540	-12.50154000
8.19999979	0.17716540	-12.93215000
8.20999979	0.17716540	-13.79491000
8.21999979	0.17716540	-13.79491000
8.22999979	0.22145670	-14.22552000
8.23999979	0.17716540	-15.08827000
8.24999979	0.13287400	-15.51888000
8.25999979	0.13287400	-15.94949000
8.26999979	0.13287400	-16.38164000
8.27999979	0.13287400	-16.81225000
8.28999979	0.13287400	-17.24286000
8.29999979	0.13287400	-17.67501000
8.30999979	0.08858268	-18.10562000
8.31999979	0.13287400	-18.53623000
8.32999979	0.08858268	-19.39899000
8.33999979	0.08858268	-19.39899000
8.34999979	0.08858268	-19.82960000
8.35999979	0.08858268	-20.26175000
8.36999979	0.04429134	-20.26175000
8.37999979	0.04429134	-20.26175000
8.38999979	0.04429134	-21.12297000
8.39999979	0.04429134	-21.12297000
8.40999979	0.00000000	-21.12297000
8.41999979	0.04429134	-21.12297000
8.42999979	0.00000000	-21.12297000
8.43999979	0.00000000	-21.55512000
8.44999979	0.00000000	-21.55512000
8.45999979	0.00000000	-21.98573000
8.46999979	0.00000000	-21.55512000
8.47999979	0.00000000	-21.55512000
8.48999979	-0.04429134	-21.98573000
8.49999979	-0.08858268	-21.98573000
8.50999979	-0.04429134	-21.98573000
8.51999978	-0.04429134	-21.55512000
8.52999978	-0.08858268	-21.55512000
8.53999978	-0.08858268	-21.12297000
8.54999978	-0.08858268	-21.55512000
8.55999978	-0.08858268	-20.69236000
8.56999978	-0.13287400	-20.69236000
8.57999978	-0.13287400	-20.69236000
8.58999978	-0.13287400	-20.69236000
8.59999978	-0.13287400	-20.26175000
8.60999978	-0.13287400	-19.82960000
8.61999978	-0.17716540	-19.82960000
8.62999978	-0.17716540	-19.82960000
8.63999978	-0.17716540	-19.82960000
8.64999978	-0.13287400	-19.82960000
8.65999978	-0.13287400	-18.96838000
8.66999978	-0.22145670	-18.96838000
8.67999978	-0.17716540	-18.53623000
8.68999978	-0.22145670	-18.53623000
8.69999978	-0.22145670	-18.10562000
8.70999978	-0.22145670	-18.10562000
8.71999978	-0.22145670	-17.67501000
8.72999978	-0.26574800	-17.67501000
8.73999978	-0.26574800	-17.67501000
8.74999978	-0.26574800	-17.24286000
8.75999978	-0.26574800	-16.81225000
8.76999978	-0.26574800	-16.81225000
8.77999978	-0.26574800	-16.81225000
8.78999978	-0.31003940	-16.38164000
8.79999978	-0.26574800	-16.38164000
8.80999978	-0.26574800	-15.94949000
8.81999978	-0.31003940	-15.94949000
8.82999978	-0.31003940	-15.51888000
8.83999978	-0.31003940	-15.51888000
8.84999978	-0.31003940	-15.51888000
8.85999978	-0.31003940	-15.08827000
8.86999978	-0.31003940	-15.08827000
8.87999978	-0.31003940	-15.08827000
8.88999978	-0.35433070	-14.65613000
8.89999978	-0.35433070	-14.65613000
8.90999977	-0.35433070	-13.79491000
8.91999977	-0.35433070	-13.79491000
8.92999977	-0.35433070	-14.22552000
8.93999977	-0.39862200	-13.79491000
8.94999977	-0.39862200	-13.36276000
8.95999977	-0.39862200	-13.36276000
8.96999977	-0.35433070	-13.36276000
8.97999977	-0.39862200	-13.36276000
8.98999977	-0.44291340	-12.93215000
8.99999977	-0.39862200	-12.50154000
9.00999977	-0.44291340	-12.50154000
9.01999977	-0.44291340	-12.06939000
9.02999977	-0.44291340	-12.06939000
9.03999977	-0.44291340	-12.06939000
9.04999977	-0.48720470	-12.06939000
9.05999977	-0.44291340	-12.06939000
9.06999977	-0.44291340	-11.63878000
9.07999977	-0.44291340	-11.63878000
9.08999977	-0.48720470	-11.20817000
9.09999977	-0.48720470	-11.63878000
9.10999977	-0.48720470	-11.20817000
9.11999977	-0.53164980	-10.77756000
9.12999977	-0.48720470	-10.77756000
9.13999977	-0.48720470	-10.77756000
9.14999977	-0.48720470	-10.34541000
9.15999977	-0.53164980	-10.34541000
9.16999977	-0.53164980	-9.91480000
9.17999977	-0.53164980	-10.34541000
9.18999977	-0.57594120	-9.91480000
9.19999977	-0.53164980	-9.91480000
9.20999977	-0.57594120	-9.48419000
9.21999977	-0.57594120	-9.48419000
9.22999977	-0.57594120	-9.48419000
9.23999977	-0.53164980	-9.48419000
9.24999977	-0.57594120	-9.48419000
9.25999977	-0.57594120	-9.48419000
9.26999977	-0.62023250	-9.05204100
9.27999977	-0.62023250	-9.05204100
9.28999977	-0.62023250	-9.05204100
9.29999977	-0.62023250	-8.19082200
9.30999976	-0.62023250	-8.62143100
9.31999976	-0.62023250	-8.62143100
9.32999976	-0.66452380	-8.19082200
9.33999976	-0.66452380	-8.19082200
9.34999976	-0.66452380	-8.19082200
9.35999976	-0.66452380	-8.19082200
9.36999976	-0.66452380	-7.75867300
9.37999976	-0.70881520	-7.75867300
9.38999976	-0.70881520	-7.75867300
9.39999976	-0.70881520	-7.32806300
9.40999976	-0.70881520	-7.75867300
9.41999976	-0.70881520	-7.32806300
9.42999976	-0.75310650	-7.32806300
9.43999976	-0.75310650	-7.32806300
9.44999976	-0.75310650	-7.32806300
9.45999976	-0.70881520	-7.32806300
9.46999976	-0.75310650	-7.32806300
9.47999976	-0.75310650	-6.89745300
9.48999976	-0.75310650	-7.32806300
9.49999976	-0.75310650	-6.89745300
9.50999976	-0.75310650	-6.89745300
9.51999976	-0.75310650	-6.89745300
9.52999976	-0.79739790	-6.89745300
9.53999976	-0.79739790	-6.46530500
9.54999976	-0.79739790	-6.46530500
9.55999976	-0.79739790	-6.46530500
9.56999976	-0.79739790	-6.46530500
9.57999976	-0.84168920	-6.03469500
9.58999976	-0.79739790	-6.46530500
9.59999976	-0.84168920	-6.46530500
9.60999976	-0.84168920	-6.03469500
9.61999976	-0.84168920	-6.03469500
9.62999976	-0.88598050	-6.03469500
9.63999976	-0.84168920	-6.03469500
9.64999976	-0.84168920	-6.03469500
9.65999976	-0.88598050	-6.03469500
9.66999976	-0.88598050	-6.03469500
9.67999976	-0.88598050	-6.03469500
9.68999976	-0.88598050	-6.03469500
9.69999975	-0.88598050	-6.03469500
9.70999975	-0.93027190	-5.60408400
9.71999975	-0.93027190	-5.60408400
9.72999975	-0.93027190	-5.60408400
9.73999975	-0.93027190	-5.60408400
9.74999975	-0.93027190	-5.60408400
9.75999975	-0.93027190	-5.60408400
9.76999975	-0.93027190	-5.60408400
9.77999975	-0.97456320	-5.17193600
9.78999975	-0.93027190	-5.17193600
9.79999975	-0.97456320	-5.60408400
9.80999975	-0.97456320	-5.17193600
9.81999975	-0.97456320	-5.17193600
9.82999975	-0.97456320	-5.17193600
9.83999975	-0.97456320	-5.17193600
9.84999975	-0.97456320	-5.17193600
9.85999975	-1.01885500	-4.74132600
9.86999975	-1.01885500	-5.17193600
9.87999975	-1.01885500	-4.74132600
9.88999975	-1.01885500	-4.74132600
9.89999975	-1.01885500	-4.74132600
9.90999975	-1.06330000	-4.74132600
9.91999975	-1.06330000	-4.74132600
9.92999975	-1.10759100	-4.74132600
9.93999975	-1.06330000	-4.74132600
9.94999975	-1.06330000	-4.74132600
9.95999975	-1.06330000	-4.74132600
9.96999975	-1.06330000	-4.74132600
9.97999975	-1.10759100	-4.74132600
9.98999975	-1.10759100	-4.31071600
9.99999975	-1.10759100	-4.74132600
10.00999975	-1.10759100	-4.31071600
10.01999975	-1.10759100	-4.74132600
10.02999975	-1.15188200	-4.74132600
